491 135 823 520 250 459 232 536 891 28 296 188 674 770 445 533 101 704 447 563 679 377 31 19 194 72 530 421 255 818 745 274 468 877 555 865 583 53 875 570 593 302 635 659 636 592 192 485 354 863
592 192 485 354 863 838 839 654 124 885 827 106 328 600 179 287 596 781 318 107 607 45 604 151 840 625 606 313 374 517 828 155 426 450 448 613 74 720 362 384 86 601 870 795 39 83 800 548 317 826
83 800 548 317 826 605 216 695 306 37 399 406 707 218 887 437 52 763 178 419 564 380 810 787 87 162 112 507 866 842 412 198 690 742 622 627 519 673 10 831 411 778 807 304 275 522 289 435 905 830
522 289 435 905 830 465 861 708 123 703 240 24 615 280 609 196 393 94 547 249 441 434 768 330 175 11 713 158 706 499 754 91 541 327 904 42 134 729 5 458 553 694 756 15 574 184 900 893 138 790
184 900 893 138 790 542 281 269 141 804 311 64 680 12 248 802 241 473 508 397 721 894 168 748 71 75 220 645 509 871 515 371 698 737 204 131 774 629 535 572 597 714 573 538 358 282 110 684 785 816
282 110 684 785 816 656 148 294 369 803 783 755 33 401 59 797 683 308 404 392 662 190 845 884 97 61 50 267 132 552 1 850 466 455 747 777 347 475 587 771 612 427 353 762 142 835 461 109 822 496
835 461 109 822 496 442 239 556 431 457 579 207 373 667 402 257 17 405 298 78 367 489 139 611 161 502 672 98 514 895 315 876 200 888 344 338 819 262 789 221 219 140 532 529 452 215 129 727 726 718
215 129 727 726 718 114 41 723 95 126 210 270 571 180 265 878 856 867 616 120 844 648 619 883 837 658 642 702 115 63 77 716 730 463 277 222 182 743 524 846 767 744 646 9 554 610 495 521 753 256
610 495 521 753 256 414 503 643 637 652 103 483 389 511 766 567 76 760 631 438 599 206 420 348 36 595 147 143 398 899 288 472 580 655 486 224 558 676 661 230 170 544 225 492 759 639 719 578 307 671
639 719 578 307 671 102 751 796 301 116 4 479 69 678 189 546 153 467 185 379 528 297 261 278 40 647 335 186 644 264 121 156 805 157 569 588 693 582 798 400 728 349 51 880 205 108 355 849 633 217
108 355 849 633 217 710 352 165 809 423 735 119 484 346 276 682 363 829 284 152 657 30 765 576 620 665 259 590 242 786 27 675 322 18 236 480 581 788 237 38 681 608 585 422 793 48 118 443 470 253
48 118 443 470 253 385 386 54 476 125 478 246 454 724 668 474 183 271 549 852 388 150 268 488 594 122 292 853 243 364 775 209 247 425 526 560 22 252 780 92 177 650 792 32 164 734 55 586 350 416
734 55 586 350 416 357 214 93 641 254 537 493 203 376 365 626 272 812 360 815 394 26 305 651 722 603 295 618 623 409 7 505 758 858 761 229 58 89 575 100 14 154 396 408 331 739 70 500 202 136
739 70 500 202 136 84 764 176 749 738 366 415 46 487 696 855 436 339 782 326 85 731 340 312 531 621 453 821 145 433 577 440 757 171 314 701 692 323 527 356 300 902 223 370 68 34 897 568 351 471
34 897 568 351 471 79 752 321 689 460 333 417 372 413 418 191 469 160 733 614 81 660 901 375 16 879 634 481 227 260 540 324 187 410 273 740 391 111 882 403 43 874 233 854 516 699 29 666 705 841
699 29 666 705 841 697 73 799 848 226 381 290 836 497 868 343 60 20 715 329 746 712 688 163 512 494 25 149 664 332 825 551 166 201 47 228 772 843 245 258 159 794 174 545 105 632 286 663 898 35
632 286 663 898 35 383 428 99 117 685 873 6 2 446 784 534 892 890 56 808 482 407 88 814 82 801 886 584 833 67 3 244 213 128 449 464 557 238 896 851 197 57 211 456 387 66 773 525 543 539
66 773 525 543 539 859 49 864 881 113 598 127 640 169 630 80 462 133 653 691 566 359 21 96 167 624 490 501 700 193 506 518 750 283 834 195 862 736 342 513 130 303 44 559 345 309 378 832 90 444
309 378 832 90 444 13 820 291 550 439 316 628 65 208 669 235 686 523 725 430 638 231 382 498 325 869 429 709 670 62 903 824 504 687 806 889 144 337 432 477 510 251 172 872 319 361 390 562 173 589
361 390 562 173 589 334 591 779 860 199 279 811 451 769 395 776 336 741 263 677 234 266 813 711 717 368 181 341 424 617 285 857 310 320 212 23 137 104 293 817 649 299 602 565 847 8 561 732 791 146
