-0.058057498186826706 0.165527805685997 -0.12048257887363434 -0.07695397734642029 0.229528546333313 -0.07408051937818527 0.019419554620981216 -0.037325289100408554 -0.03019796870648861 -0.0960850641131401 -0.0615999698638916 0.056796345859766006 -0.05177703872323036 0.012202665209770203 -0.04589422792196274 -0.003076275112107396 0.16651535034179688 0.059301458299160004 0.1764855682849884 -0.20524075627326965 -0.038602422922849655 -0.10484261065721512 0.09972292929887772 0.08954135328531265 0.03295516595244408 0.11799938976764679 0.12662862241268158 -0.03856095299124718 -0.159046933054924 -0.1847362071275711 0.1515825390815735 0.06570735573768616 -0.09333518147468567 -0.19736552238464355 -0.17014531791210175 0.21018746495246887 -0.04961184784770012 -0.00437901122495532 -0.025400441139936447 0.34350377321243286 0.19255827367305756 0.1984383761882782 -0.21076145768165588 0.14861389994621277 -0.022857284173369408 -0.058129992336034775 -0.2402954250574112 -0.40437090396881104 -0.010391262359917164 -0.04886177182197571
0.029758336022496223 0.24120426177978516 0.0177004411816597 0.06429591774940491 0.013845685869455338 0.3046378493309021 0.03896072134375572 0.1159060075879097 0.036715682595968246 -0.33324122428894043 -0.03746919333934784 -0.014243872836232185 -0.1726997345685959 0.004364332649856806 0.14468486607074738 -0.09689401090145111 -0.033935196697711945 -0.03214602544903755 0.06193843111395836 -0.010433511808514595 -0.2432587891817093 -0.09950440376996994 0.09300949424505234 0.11681057512760162 0.10627380758523941 -0.08929027616977692 -0.025632433593273163 -0.08506333827972412 0.08352559804916382 -0.053716015070676804 0.2130671739578247 -0.0928666740655899 -0.09401708841323853 0.16927428543567657 -0.16546104848384857 0.20021256804466248 -0.027745602652430534 -0.3165862560272217 0.241106778383255 -0.0164932981133461 -0.06467828899621964 -0.07168133556842804 0.08465456962585449 0.1925303041934967 0.20793859660625458 0.042099468410015106 0.23392434418201447 0.1310872882604599 0.08740455657243729 0.15282759070396423
0.055217891931533813 -0.008512428030371666 -0.2755391001701355 -0.09968221932649612 0.12840047478675842 -0.20101800560951233 -0.196926087141037 -0.29861655831336975 0.05138510838150978 -0.19426144659519196 -0.2638421356678009 0.09611483663320541 -0.06211525946855545 -0.1947593241930008 0.0038243334274739027 -0.17526961863040924 -0.07849719375371933 0.05769218131899834 0.1777452677488327 0.12186863273382187 0.008923170156776905 0.09542825073003769 -0.23282749950885773 -0.037489358335733414 -0.3211900293827057 -0.03704044222831726 -0.14207139611244202 -0.13263440132141113 0.12667623162269592 0.07124162465333939 0.0702613890171051 0.15529976785182953 0.12197546660900116 0.10504204034805298 -0.11910756677389145 0.13230369985103607 0.15880855917930603 -0.09591756016016006 -0.08616772294044495 -0.11086228489875793 0.03666131570935249 0.1920117437839508 0.14830484986305237 0.005802433006465435 -0.11711544543504715 0.028857234865427017 -0.05752379447221756 0.11041316390037537 -0.07243029028177261 0.1179976537823677
0.07788503170013428 0.005445908289402723 0.2822352647781372 -0.06247500702738762 -0.22126807272434235 0.2101672738790512 -0.10150082409381866 -0.240804985165596 0.1306818574666977 0.07125426828861237 -0.16528575122356415 0.0034190986771136522 0.04917874187231064 0.1304401308298111 -0.11867959052324295 0.05552780255675316 0.06431945413351059 0.11466310918331146 -0.1060919538140297 -0.2338995635509491 -0.19681471586227417 0.14365403354167938 0.030598625540733337 -0.047278426587581635 -0.09489995241165161 0.18264448642730713 0.18545474112033844 -0.10602583736181259 0.37752097845077515 -0.027100322768092155 -0.14495761692523956 -0.0054230960085988045 -0.022728867828845978 0.15622977912425995 -0.006124585401266813 0.12027566879987717 0.13528427481651306 0.0942675992846489 -0.19092608988285065 0.08909763395786285 -0.07053084671497345 -0.04459439590573311 -0.036834388971328735 0.206671342253685 0.1877581626176834 -0.07369189709424973 -0.21056747436523438 0.021390270441770554 -0.10884847491979599 0.073332279920578
-0.1161484494805336 -0.03413756936788559 -0.02925897017121315 0.21149854362010956 -0.03403152525424957 0.09003634750843048 0.1392868608236313 0.020331010222434998 0.012559053488075733 0.22486796975135803 -0.30837151408195496 -0.012726127170026302 0.034866102039813995 0.08422935754060745 0.03475300967693329 -0.18725332617759705 0.15994049608707428 -0.031010702252388 0.06602959334850311 0.09706592559814453 0.1147887110710144 0.061054203659296036 -0.0494680218398571 0.060831569135189056 0.030557334423065186 -0.20676060020923615 0.1386769562959671 -0.273501992225647 0.15143167972564697 -0.030096406117081642 -0.08491131663322449 -0.15440453588962555 0.24017806351184845 -0.20195864140987396 0.13629741966724396 0.11208876967430115 0.23648759722709656 0.0211811400949955 0.08149514347314835 0.14068475365638733 0.11728112399578094 0.042901113629341125 0.115183025598526 -0.14167141914367676 0.0748634859919548 -0.11583022028207779 0.33522459864616394 -0.2526335120201111 0.027717677876353264 0.08240645378828049
-0.18278542160987854 0.1155773252248764 -0.08751891553401947 0.07812879234552383 0.24982397258281708 -0.024490386247634888 0.0354413203895092 -0.07468315213918686 -0.10799045115709305 0.17375482618808746 0.24944856762886047 0.0839526504278183 0.08839800953865051 -0.1606271117925644 0.1333005428314209 -0.009972942061722279 -0.0321773886680603 0.250980019569397 -0.04831898584961891 0.04867749661207199 0.05599594488739967 0.32263311743736267 -0.1262136548757553 -0.01741214469075203 0.05391604080796242 -0.03652098774909973 0.1935771405696869 -0.2727139890193939 0.035944100469350815 0.048243362456560135 -0.14081215858459473 0.017717603594064713 -0.1006350964307785 0.09941676259040833 0.09061603248119354 -0.007678397465497255 -0.1496109664440155 -0.14166298508644104 0.21672873198986053 -0.15310068428516388 0.28134211897850037 -0.21317076683044434 -0.07366640120744705 0.15866491198539734 0.10146372020244598 -0.1384565532207489 -0.19493015110492706 0.050708070397377014 0.03663477674126625 0.08519165962934494
0.14751338958740234 0.08580629527568817 0.06107460707426071 -0.39833107590675354 0.20019549131393433 0.06286297738552094 -0.08401219546794891 -0.19800013303756714 -0.11599889397621155 0.10680701583623886 0.13204705715179443 -0.10552504658699036 0.011478479020297527 0.009895955212414265 0.15155965089797974 -0.22875210642814636 0.09173426777124405 0.003309722291305661 -0.24344132840633392 -0.027006689459085464 0.1912471354007721 -0.0173842441290617 0.03227660432457924 -0.19090402126312256 0.12409933656454086 0.035939883440732956 -0.02264314517378807 0.1288592517375946 0.10410158336162567 0.1932746320962906 0.14299239218235016 -0.15638171136379242 0.015064124017953873 -0.3918122947216034 -0.1659509241580963 0.07886692881584167 0.1752292513847351 -0.019984114915132523 0.03736797720193863 0.08342191576957703 -0.014396960847079754 -0.09122874587774277 -0.03881163150072098 -0.09720751643180847 0.08092126250267029 0.04004615917801857 0.0014357642503455281 0.1606695055961609 0.06149115040898323 0.18798422813415527
-0.08289851993322372 -0.10627908259630203 -0.051568854600191116 -0.22295652329921722 -0.004609054885804653 0.07679154723882675 -0.036646489053964615 -0.009942444041371346 0.15687929093837738 -0.09578968584537506 -0.01238437183201313 0.08824881911277771 0.061758752912282944 0.09166157245635986 -0.03554362803697586 -0.05905401334166527 0.15874242782592773 -0.003478647442534566 0.12723396718502045 0.10245272517204285 -0.06928354501724243 -0.13845890760421753 -0.006459688302129507 0.05381865054368973 0.01763954944908619 0.3141445815563202 -0.32133182883262634 -0.13934965431690216 -0.053734999150037766 -0.13463610410690308 -0.3352479934692383 -0.2159951776266098 0.009875241667032242 -0.0066835470497608185 -0.09878603368997574 -0.12741979956626892 0.008312082849442959 -0.062259167432785034 0.19355133175849915 -0.02252732217311859 -0.10932044684886932 -0.22827424108982086 0.02023293636739254 -0.06595613062381744 -0.2188733071088791 -0.3713630735874176 -0.09293688088655472 -0.0743764191865921 0.13817141950130463 0.16409052908420563
-0.2568759024143219 0.057826004922389984 -0.3203727602958679 -0.200514554977417 -0.23669756948947906 0.17063187062740326 0.10675916820764542 0.061777304857969284 -0.06985566765069962 0.004528236575424671 0.029121961444616318 -0.015106298960745335 -0.04044169932603836 0.10282348841428757 0.013297859579324722 0.040945593267679214 0.07572098821401596 0.11212402582168579 0.13522832095623016 -0.2177775502204895 0.1415730118751526 -0.04140140488743782 -0.10264114290475845 -0.05066736042499542 -0.03383874148130417 0.0005749198026023805 0.044504113495349884 0.19273093342781067 -0.05351074039936066 0.2697170376777649 0.021882962435483932 0.2476695328950882 0.1508619785308838 0.34123772382736206 -0.012848683632910252 -0.00601226044818759 0.1626410335302353 -0.05845947191119194 -0.03890407085418701 0.14849232137203217 0.05365605652332306 -0.25478219985961914 -0.2248055636882782 -0.16069453954696655 0.011644008569419384 0.036470022052526474 0.09042394161224365 -0.05929258465766907 0.009291727095842361 0.1435941904783249
-0.0885293036699295 0.2369317263364792 -0.08502138406038284 0.12020378559827805 0.1128930151462555 0.053716983646154404 0.04955478012561798 -0.0005464852438308299 0.048023682087659836 0.30229219794273376 -0.027844008058309555 0.057199876755476 0.1571158766746521 -0.0975453183054924 -0.15072402358055115 0.0013775150291621685 0.025578562170267105 -0.41553837060928345 -0.2312745749950409 0.044519051909446716 -0.007573844399303198 -0.17660552263259888 -0.16295592486858368 -0.0240542683750391 -0.12865935266017914 0.030918754637241364 -0.11434777081012726 -0.1303904503583908 -0.002468075603246689 0.0194349754601717 0.24615013599395752 0.07224790751934052 -0.0781967043876648 0.09567850083112717 -0.1271693855524063 0.07641538232564926 0.1892445683479309 0.07458065450191498 0.01753571256995201 -0.12408792972564697 -0.17424583435058594 -0.1071973368525505 -0.2902331054210663 0.15644961595535278 -0.040902718901634216 -0.22986236214637756 0.04768560826778412 0.036222588270902634 -0.050568319857120514 -0.1872771829366684
-0.014482504688203335 0.08479316532611847 0.08516936749219894 0.0197286494076252 0.21422715485095978 -0.0424819141626358 0.0011685959761962295 -0.03927624598145485 0.0906640887260437 -0.048461899161338806 0.24627365171909332 -0.1751272976398468 -0.04755701497197151 -0.13612774014472961 -0.1578393578529358 -0.07984285801649094 0.038507964462041855 0.20263783633708954 0.2598303258419037 0.2571214735507965 -0.011855051852762699 -0.011031081900000572 0.2991357743740082 -0.047494012862443924 -0.13219524919986725 0.1384655088186264 -0.0317794494330883 -0.04684002324938774 -0.08328428119421005 -0.05775456130504608 -0.21044683456420898 0.16424596309661865 0.05178586393594742 -0.055485934019088745 0.030036145821213722 0.0307876318693161 0.3064878284931183 0.05668057128787041 -0.06831450015306473 0.0005152449011802673 -0.13835495710372925 -0.2231740951538086 -0.10174615681171417 0.08797705173492432 0.2099558413028717 0.1648782342672348 0.248872309923172 -0.03277016803622246 -0.18154342472553253 -0.16878162324428558
-0.0011836339253932238 0.006786193698644638 -0.12959004938602448 0.08895627409219742 -0.062065258622169495 -0.00284019042737782 -0.15063287317752838 -0.03962555527687073 -0.11194269359111786 -0.2543858587741852 0.19432511925697327 -0.07832234352827072 0.004819039721041918 -0.06627990305423737 -0.1082824170589447 -0.12424694001674652 -0.07852006703615189 -0.07860289514064789 -0.22367516160011292 -0.11477897316217422 -0.03208908438682556 0.1022551953792572 -0.2283119410276413 0.11839399486780167 -0.1937839388847351 0.10059277713298798 0.20818182826042175 0.1260841190814972 -0.05355324223637581 0.32291513681411743 -0.23253567516803741 -0.2616661489009857 -0.09436624497175217 -0.07150842249393463 -0.061633944511413574 0.12467005848884583 -0.047706298530101776 -0.11322198808193207 -0.020903950557112694 0.046796757727861404 -0.14838548004627228 -0.06457681208848953 0.15980960428714752 0.050418999046087265 -0.03759715333580971 -0.07436835765838623 0.16896596550941467 -0.3314889371395111 -0.04106885567307472 -0.22851642966270447
-0.053049236536026 0.08661235868930817 -0.14021115005016327 0.15244458615779877 -0.08617659658193588 0.010173382237553596 -0.17509609460830688 0.15015141665935516 -0.25436466932296753 -0.026522118598222733 0.07882093638181686 -0.3729356825351715 -0.0769008919596672 0.33388349413871765 0.050422802567481995 0.026129841804504395 0.12084150314331055 -0.008712947368621826 -0.11524154245853424 0.2162065953016281 0.005005955696105957 0.05051290988922119 -0.06948936730623245 0.08642414957284927 0.07401181012392044 0.2201731652021408 0.007213749922811985 -0.1485600769519806 0.028135450556874275 -0.14538168907165527 -0.09305521845817566 -0.05245411396026611 0.2345389574766159 0.0274448674172163 -0.27688875794410706 0.10369198024272919 0.0352359414100647 -0.03268358111381531 -0.24376459419727325 -0.19129116833209991 0.1703360676765442 0.11977119743824005 -0.1370435208082199 -0.014648089185357094 -0.05477534234523773 0.1118098571896553 -0.08484182506799698 0.13254953920841217 0.09281204640865326 -0.054770149290561676
0.08151696622371674 0.1614065170288086 -0.11217347532510757 -0.06494282931089401 0.014957370236515999 -0.09699417650699615 -0.0710868090391159 -0.14368149638175964 -0.04211876913905144 0.039668235927820206 -0.05177387222647667 0.13940833508968353 -0.14251965284347534 -0.09952452033758163 -0.23347072303295135 0.06858953088521957 -0.16979552805423737 0.18310114741325378 -0.07204481214284897 -0.05766573175787926 0.04131527617573738 -0.07559994608163834 0.170942485332489 0.18940971791744232 0.22391027212142944 -0.17323771119117737 -0.05018742382526398 0.1297682374715805 0.07821369916200638 -0.1343662142753601 -0.006602303124964237 -0.2661281228065491 0.2047075629234314 0.1628759354352951 -0.12778730690479279 0.011616818606853485 0.019782427698373795 -0.050937797874212265 -0.05740614980459213 -0.04259587079286575 0.12843288481235504 -0.07029318809509277 -0.0032134372740983963 -0.30781427025794983 0.20188158750534058 -0.3025287389755249 -0.023482462391257286 0.07863030582666397 -0.12691015005111694 -0.31310179829597473
0.22605133056640625 0.22187286615371704 -0.0744289979338646 0.1367654949426651 0.02527482435107231 -0.16356021165847778 -0.042518265545368195 0.04899858683347702 -0.1175464540719986 -0.039927881211042404 -0.11764104664325714 0.09534960240125656 -0.060625821352005005 0.0641493871808052 -0.16521118581295013 0.10532835870981216 -0.0418752059340477 0.04803818464279175 -0.1532413363456726 0.017754945904016495 0.09550497680902481 -0.2033068835735321 0.1838066130876541 -0.09781742095947266 -0.12421383708715439 0.2432495355606079 0.27742263674736023 -0.11171584576368332 0.13922788202762604 -0.03102947399020195 -0.014248318038880825 0.30263176560401917 -0.1467319279909134 -0.12167800962924957 0.13919483125209808 -0.07608754187822342 -0.12454118579626083 -0.2485252469778061 -0.11700882017612457 0.01282221544533968 -0.0371028371155262 -0.138535737991333 0.05093963444232941 -0.22773154079914093 -0.09111019968986511 -0.16333022713661194 0.16704505681991577 0.04823165759444237 0.16407261788845062 0.20414799451828003
-0.004737832583487034 0.07682701200246811 -0.21478204429149628 0.016276683658361435 0.035808004438877106 -0.19837923347949982 0.05207814648747444 0.07945223897695541 0.19687145948410034 0.03747197240591049 -0.11364749073982239 -0.32866570353507996 -0.11407673358917236 -0.06906218826770782 0.10039064288139343 -0.15219895541667938 -0.04038049653172493 -0.046233899891376495 0.00013895650045014918 -0.11311608552932739 -0.04356259107589722 -0.10381001234054565 -0.1508222073316574 0.1197730302810669 -0.022503135725855827 0.19663076102733612 0.009887896478176117 -0.1979655623435974 -0.05846282094717026 0.06113376095890999 -0.010458948090672493 -0.06498730927705765 -0.15892013907432556 0.06721175462007523 0.1366557776927948 -0.040278710424900055 -0.08047550171613693 0.2871656119823456 0.06380461156368256 0.1969078779220581 -0.11584945768117905 -0.04382261261343956 0.10035749524831772 -0.23972691595554352 0.41277554631233215 0.06870487332344055 -0.1920718401670456 0.1686515212059021 0.1485229730606079 -0.04879622161388397
0.137414813041687 0.017528150230646133 0.10860832035541534 -0.04786737263202667 0.00977515522390604 0.15542589128017426 0.030588429421186447 0.14163053035736084 0.16275092959403992 -0.3336314260959625 -0.04812798649072647 -0.18636468052864075 0.34339386224746704 -0.06999596208333969 -0.08449136465787888 0.072996586561203 0.02436124160885811 0.17585888504981995 -0.13347128033638 -0.17229175567626953 0.1175309419631958 0.10299170762300491 -0.25633758306503296 -0.1354161500930786 0.20658589899539948 -0.019267084077000618 -0.15825219452381134 -0.29561352729797363 -0.10239841043949127 -0.048977505415678024 0.10296725481748581 0.21260429918766022 0.004976216237992048 -0.0998830497264862 -0.06954679638147354 -0.028494741767644882 -0.05222806707024574 -0.0458483062684536 -0.044735852628946304 -0.10902184993028641 0.03500513359904289 -0.007021172437816858 -0.010600403882563114 -0.23529139161109924 0.06849558651447296 -0.06439277529716492 0.07340491563081741 -0.11144058406352997 -0.27892380952835083 -0.06426585465669632
0.017490342259407043 0.009539796970784664 0.0680212453007698 -0.03835226595401764 0.1977515071630478 -0.1478424072265625 -0.0635697990655899 -0.04469230771064758 0.1530858278274536 0.008627546019852161 -0.06909912079572678 -0.15063296258449554 -0.05736019089818001 0.2252509891986847 -0.006080927327275276 -0.1385730654001236 -0.3009777069091797 -0.06168071925640106 -0.16649439930915833 -0.1119612529873848 -0.05725245550274849 -0.10769467055797577 -0.06494484096765518 -0.05251038447022438 0.18192477524280548 -0.2923978865146637 0.11140670627355576 0.009163076989352703 -0.3964602053165436 -0.05682337284088135 -0.3160862326622009 0.11080202460289001 0.016657980158925056 0.1335061937570572 -0.03473655879497528 0.007645933423191309 0.10992806404829025 0.02472037635743618 -0.17315152287483215 0.09152159094810486 0.039738211780786514 0.0016546620754525065 -0.0031346629839390516 0.22414810955524445 -0.06357795000076294 -0.17883183062076569 0.11061422526836395 0.08400151133537292 -0.01604842208325863 0.25347763299942017
0.13024334609508514 0.25549545884132385 0.17175903916358948 0.11496826261281967 0.013414320535957813 -0.29751819372177124 -0.24789872765541077 0.1258774995803833 0.03763851150870323 0.030476531013846397 0.021785588935017586 -0.038824256509542465 0.12271599471569061 0.327236145734787 0.005110559519380331 -0.06851039826869965 0.11196177452802658 0.02073175646364689 0.2984084188938141 -0.013260549865663052 -0.030942659825086594 0.2026539146900177 0.01846776343882084 0.013603311963379383 0.07800081372261047 -0.11467277258634567 -0.19302374124526978 0.07003271579742432 0.05078286677598953 0.21680371463298798 0.221052348613739 -0.08227325975894928 -0.2030549943447113 0.10887634754180908 0.10014653950929642 0.18151013553142548 0.049517929553985596 0.11417581140995026 -0.07587161660194397 -0.01159103587269783 0.07840032130479813 -0.2880326807498932 0.11406123638153076 -0.05640282481908798 -0.16077080368995667 -0.09900324791669846 -0.02859947457909584 -0.08279413729906082 0.01926991529762745 -0.0082049909979105
0.14750631153583527 0.19254018366336823 -0.08056120574474335 0.08609851449728012 -0.1395653784275055 -0.030847858637571335 -0.018572796136140823 -0.24918726086616516 0.3327234387397766 0.0654582753777504 0.13446034491062164 0.13689516484737396 0.11716172844171524 0.19132357835769653 -0.0035586359445005655 -0.010737004689872265 0.17072021961212158 0.05750259384512901 0.18123126029968262 0.19800637662410736 0.055024027824401855 -0.03340539708733559 -0.38704416155815125 0.022362248972058296 0.09825363755226135 -0.1164800152182579 0.20065970718860626 0.1947685331106186 0.047439299523830414 -0.15281562507152557 -0.04459725320339203 0.10400896519422531 0.012542386539280415 -0.12034593522548676 -0.2565099000930786 -0.2310386449098587 -0.16054223477840424 -0.055441226810216904 0.02701108157634735 0.08801822364330292 -0.10998697578907013 -0.024127468466758728 -0.005073502194136381 0.06001356989145279 0.1305602639913559 0.0810217633843422 0.07613515108823776 0.04550750553607941 0.12018150836229324 -0.09989526122808456
-0.11109135299921036 0.17767271399497986 0.10073749721050262 0.006556905340403318 0.3685145378112793 0.06385073065757751 0.060312382876873016 0.04224897548556328 0.04062880948185921 -0.06186218187212944 0.10351980477571487 0.21460652351379395 0.04042845964431763 0.08243048191070557 -0.1053934097290039 0.05528199300169945 0.09300484508275986 -0.15326912701129913 0.06604360789060593 -0.3826574981212616 -0.20518098771572113 0.17104694247245789 -0.06910216808319092 -0.0952305942773819 -0.13416709005832672 -0.061257172375917435 -0.07524395734071732 -0.06842987984418869 0.06788592040538788 -0.03403430059552193 -0.2327573448419571 -0.10304200649261475 0.07897152006626129 -0.0005785971297882497 0.023734157904982567 -0.06472647935152054 0.038419581949710846 -0.05962842330336571 -0.10343591123819351 0.05457407236099243 0.030791886150836945 0.1308494657278061 -0.08262549340724945 -0.27917057275772095 -0.09167736023664474 0.23815253376960754 0.12502294778823853 0.21600279211997986 0.26088833808898926 -0.13024172186851501
-0.03788371756672859 -0.006624135654419661 0.21340754628181458 0.11700734496116638 0.0025603999383747578 -0.03210790455341339 0.12464870512485504 -0.01690979115664959 -0.08590766042470932 -0.09411069750785828 0.16833873093128204 0.23135651648044586 -0.019731197506189346 0.019403468817472458 -0.07546966522932053 -0.10435041785240173 -0.10540951043367386 0.09544606506824493 -0.15752695500850677 0.13692431151866913 0.10637962818145752 -0.42709794640541077 -0.26399028301239014 -0.09903452545404434 -0.0019948778208345175 -0.0773342102766037 -0.06459379941225052 -0.046884555369615555 0.08453908562660217 -0.169412761926651 -0.068395234644413 -0.055044110864400864 -0.026163892820477486 0.14972522854804993 0.02453852817416191 0.3127039670944214 0.09012541174888611 0.07754896581172943 -0.020223960280418396 0.02409934811294079 0.044742029160261154 -0.1793932020664215 0.07392731308937073 -0.16108238697052002 -0.013966859318315983 0.32778286933898926 -0.23820285499095917 -0.1901857554912567 0.04499166086316109 0.09628087282180786
-0.40313586592674255 0.0025577808264642954 0.18784308433532715 0.04684106260538101 -0.04757915064692497 -0.07763149589300156 -0.14919917285442352 0.22394248843193054 -0.04280697554349899 0.0006807886529713869 -0.0803999975323677 -0.14532583951950073 -0.01309477724134922 -0.06710273772478104 0.021232979372143745 -0.051989827305078506 0.18457373976707458 0.26230984926223755 0.020008614286780357 -0.0027295369654893875 0.042661793529987335 -0.11445098370313644 -0.07958453893661499 0.020013045519590378 -0.2138700783252716 -0.2921473979949951 0.07328822463750839 0.16929645836353302 0.06578398495912552 -0.08878720551729202 -0.08838087320327759 -0.0035412521101534367 -0.2660403847694397 -0.14351330697536469 -0.06834471225738525 0.062136050313711166 0.040211692452430725 -0.1753244400024414 0.02755752205848694 -0.00324672507122159 -0.25326821208000183 0.14521124958992004 -0.12938900291919708 -0.14413931965827942 -0.009586065076291561 -0.19654513895511627 -0.1226552277803421 0.21904760599136353 -0.11915657669305801 0.01521704439073801
-0.09930938482284546 -0.04594669118523598 -0.045955199748277664 -0.11956498771905899 0.05797165632247925 -0.037277739495038986 0.0712064653635025 0.14662650227546692 0.047592926770448685 0.07188873738050461 0.2687641382217407 -0.01712176389992237 -0.30251243710517883 0.07350815087556839 0.03755444660782814 0.06979525089263916 -0.059485677629709244 -0.23333314061164856 0.003917074296623468 0.05049596354365349 -0.1429770439863205 0.2058606594800949 -0.14335845410823822 -0.0972132608294487 -0.10765224695205688 -0.007567878812551498 0.08306460827589035 -0.04846993088722229 0.07407088577747345 -0.3066142201423645 0.24430201947689056 -0.07002738863229752 0.010984862223267555 -0.030292095616459846 -0.014835389330983162 -0.21280187368392944 0.10186540335416794 -0.1730627715587616 -0.2049437314271927 0.1560114324092865 -0.03905068710446358 -0.1607680767774582 0.24513062834739685 -0.11446266621351242 0.017396776005625725 -0.08021064102649689 -0.08528246730566025 -0.1053912416100502 -0.3492461144924164 0.13387827575206757
0.11113603413105011 0.22888363897800446 0.12036659568548203 -0.05972856283187866 -0.19716277718544006 -0.1622309386730194 -0.03695148602128029 0.17411001026630402 -0.0725889801979065 0.2147534191608429 0.03997237980365753 -0.07424630969762802 -0.03071538172662258 -0.042499665170907974 0.09489813446998596 0.07896304875612259 -0.18442516028881073 -0.14308854937553406 0.19348609447479248 -0.2981395721435547 0.03053005412220955 -0.1340397745370865 -0.13704484701156616 -0.07261238992214203 -0.10381797701120377 0.12736117839813232 -0.10294739156961441 0.07319173961877823 0.0677473396062851 -0.07553744316101074 -0.24528291821479797 0.15215809643268585 0.26300227642059326 -0.19403596222400665 -0.03181903064250946 0.16966305673122406 -0.020381521433591843 -0.10392602533102036 0.3606341779232025 -0.045098334550857544 0.14138580858707428 0.00012335805513430387 0.14661069214344025 0.11319871991872787 0.02686300501227379 -0.0023529096506536007 -0.008050975389778614 0.06051605939865112 -0.20214952528476715 -0.06303324550390244
-0.19146139919757843 -0.03924892842769623 0.09314915537834167 0.26990941166877747 -0.008163420483469963 -0.10673028230667114 -0.07563270628452301 -0.15134215354919434 0.1634679138660431 -0.08553390949964523 -0.003713090205565095 -0.15384609997272491 0.21903809905052185 -0.21420104801654816 0.07088741660118103 0.09769482910633087 -0.20452143251895905 -0.0014560141135007143 -0.049505576491355896 -0.12203903496265411 0.1390615999698639 0.08245540410280228 -0.0167667418718338 0.1377982199192047 -0.10591796785593033 0.25427377223968506 -0.05223318189382553 0.28327763080596924 0.07160820066928864 -0.2802361249923706 0.1428009271621704 -0.17310737073421478 -0.04576248675584793 0.014331287704408169 -0.09753406792879105 -0.04040750116109848 0.0753917396068573 0.07595542818307877 0.007100448478013277 0.10726066678762436 0.2705187499523163 -0.10245274007320404 -0.11445125192403793 -0.03465545177459717 -0.053328029811382294 0.03186168894171715 0.24522830545902252 0.04469432309269905 0.05887369439005852 0.26963546872138977
0.07761253416538239 0.13950757682323456 0.18727947771549225 -0.066618412733078 0.011341248638927937 -0.19483140110969543 0.05685276538133621 -0.13154511153697968 0.013543445616960526 0.048498544842004776 0.0712999776005745 -0.13432085514068604 -0.2951674461364746 -0.11685888469219208 -0.15585216879844666 0.1068241149187088 0.36273208260536194 0.056927651166915894 -0.10765303671360016 -0.03666667640209198 -0.05208871513605118 0.10508327186107635 -0.1807662397623062 -0.046265192329883575 0.09131594002246857 0.11580086499452591 0.029856286942958832 0.1441795378923416 -0.15190544724464417 -0.07463634759187698 0.07577996701002121 -0.03150432929396629 0.08567345887422562 0.2274363487958908 0.1834135502576828 0.04206135496497154 0.07671737670898438 0.013273792341351509 0.19629445672035217 -0.2925679385662079 -0.11320910602807999 0.26759201288223267 -0.03108375146985054 -0.06287819147109985 0.04693856090307236 -0.059068381786346436 0.12493307888507843 -0.20906679332256317 0.1007075086236 0.22348639369010925
0.14051534235477448 -0.3010016679763794 -0.10817613452672958 0.12653574347496033 0.267729252576828 0.055249206721782684 -0.052990227937698364 -0.19052918255329132 -0.12198794633150101 0.20422081649303436 0.09151725471019745 -0.1445755511522293 0.053172823041677475 0.3130420446395874 -0.1987365186214447 -0.07229187339544296 0.039079632610082626 -0.03876655548810959 0.09412434697151184 -0.19108663499355316 0.12557905912399292 -0.10114637762308121 0.05906307324767113 0.19123604893684387 -0.03675460070371628 -0.0123680979013443 -0.03913144767284393 -0.0458398163318634 0.12711645662784576 -0.011669620871543884 -0.011560563929378986 0.015575559809803963 -0.17816410958766937 0.19060228765010834 -0.11024165898561478 -0.036982886493206024 -0.14640028774738312 -0.08925411850214005 0.2760973572731018 -0.03216591849923134 -0.09274657815694809 0.09062018245458603 -0.0315939299762249 -0.12071634829044342 -0.00048208367661572993 0.15380801260471344 0.07156073302030563 -0.017842352390289307 -0.33577001094818115 0.1339379847049713
-0.04242876172065735 -0.1758066564798355 0.20160764455795288 0.11197476834058762 0.11037793010473251 0.11459068208932877 -0.2866757810115814 -0.06989582628011703 0.03425068035721779 0.15041010081768036 -0.10639215260744095 0.09647715091705322 -0.05843595787882805 -0.02282644808292389 0.088858462870121 0.06253610551357269 0.09915108233690262 0.14799873530864716 -0.04858994856476784 -0.11342845857143402 -0.05946560204029083 -0.09274767339229584 -0.11247681081295013 0.2757972180843353 0.07555217295885086 0.1892155259847641 0.179032564163208 -0.06725852191448212 -0.3421507775783539 0.05507636070251465 0.22082430124282837 0.11499166488647461 0.17267826199531555 -0.02261374518275261 0.03290611132979393 -0.04088575020432472 0.2405782788991928 -0.19728544354438782 0.08387026935815811 0.05268843472003937 -0.03732962906360626 -0.19171227514743805 0.2188965231180191 -0.04735169559717178 -0.14999230206012726 0.10954109579324722 -0.08210290223360062 0.1413833349943161 0.04777761548757553 -0.20509052276611328
-0.08768480271100998 0.021376876160502434 -0.1499093472957611 -0.005292452406138182 0.21085062623023987 0.032013535499572754 0.19934923946857452 0.15847879648208618 0.2576141357421875 0.054008785635232925 0.022657250985503197 0.011252311989665031 0.21737946569919586 0.10912061482667923 0.027947252616286278 -0.038165848702192307 0.07060138881206512 0.04049263522028923 -0.1730334311723709 0.14119954407215118 -0.14781057834625244 -0.1009584367275238 0.024788960814476013 0.08508773148059845 0.14918139576911926 0.21314017474651337 -0.04651820287108421 0.36244386434555054 0.19300027191638947 0.13346046209335327 -0.08885552734136581 0.15076684951782227 -0.11264583468437195 0.05160166323184967 0.12722286581993103 0.060474563390016556 0.21791067719459534 -0.174409881234169 -0.03703240677714348 -0.060372382402420044 0.23347817361354828 0.2531771659851074 0.28747108578681946 0.0062597827054560184 0.04686953127384186 -0.051009874790906906 -0.07384490221738815 -0.0008283061324618757 -0.10063033550977707 -0.06792575865983963
-0.07768172770738602 0.25866344571113586 -0.08165083825588226 0.026090674102306366 -0.08751346170902252 0.12119796127080917 -0.03215077146887779 0.0030316233169287443 0.04614274203777313 0.16225598752498627 0.12532198429107666 0.007485456299036741 -0.08534074574708939 0.0993434339761734 0.09582054615020752 0.028767839074134827 -0.21194763481616974 0.39031529426574707 -0.1333608329296112 -0.04400761425495148 -0.0001565777201903984 0.00522192195057869 0.1168372631072998 -0.20182956755161285 -0.08390945941209793 0.03459055721759796 -0.04087807238101959 -0.1612756848335266 -0.003984102979302406 -0.018102874979376793 0.07332814484834671 -0.018842946738004684 -0.15070855617523193 0.10190661996603012 -0.24259111285209656 -0.17020748555660248 0.146208718419075 0.2818685472011566 0.20046234130859375 0.08525361120700836 -0.07496664673089981 0.25726112723350525 0.24771060049533844 -0.03017713688313961 -0.273610383272171 0.008744441904127598 0.12048180401325226 -0.09736017882823944 0.03839707002043724 -0.08867202699184418
0.10041387379169464 -0.21112841367721558 0.16927622258663177 0.3241283595561981 0.08457154780626297 -0.011452315375208855 0.006605400238186121 0.0674903467297554 0.1155153214931488 -0.029827317222952843 0.03730212152004242 -0.03914687782526016 -0.23332081735134125 -0.10867691040039062 -0.07632947713136673 0.1277187466621399 -0.08952182531356812 -0.0537884496152401 0.09944414347410202 0.1969849169254303 -0.07798571139574051 0.04099249839782715 -0.07734853029251099 -0.3214125335216522 0.16926978528499603 0.10179071873426437 0.010735148563981056 0.009023713879287243 0.09488098323345184 0.36348554491996765 -0.028974071145057678 0.016405565664172173 0.08519530296325684 0.06604596972465515 -0.23575307428836823 0.05027627572417259 0.015360315330326557 -0.0654900074005127 0.15772296488285065 0.343027800321579 0.06118401512503624 0.10371965169906616 -0.202896848320961 -0.1399339884519577 -0.040717773139476776 -0.17660224437713623 -0.08721771091222763 0.05985017493367195 -0.004205197561532259 0.002786901779472828
0.016315357759594917 -0.13669398427009583 -0.17164643108844757 0.14529258012771606 0.1060081496834755 0.15250340104103088 -0.39226722717285156 -0.008376908488571644 -0.020917503163218498 -0.10036389529705048 -0.007237302605062723 -0.03877200186252594 -0.22790753841400146 -0.047268398106098175 0.07261734455823898 -0.03622690960764885 0.26643580198287964 -0.026044733822345734 -0.2017139345407486 -0.0912238135933876 -0.2033042162656784 -0.11566025018692017 -0.016727467998862267 -0.1941397339105606 -0.0451982207596302 -0.19173100590705872 -0.1514188051223755 0.15802718698978424 0.16498267650604248 -0.14112158119678497 -0.0577685721218586 0.2429802417755127 -0.003069740254431963 -0.07297470420598984 0.09081339836120605 -0.11732781678438187 -0.06404927372932434 0.27320095896720886 0.11928542703390121 -0.026126237586140633 0.25533828139305115 -0.2001524120569229 0.025514671579003334 0.04201411455869675 0.06259248405694962 -0.0676107332110405 0.05801763758063316 -0.09822065383195877 0.03206741064786911 -0.09182581305503845
0.15514542162418365 0.05082361400127411 0.003678644075989723 0.21698881685733795 -0.08050858974456787 -0.13431325554847717 0.06115695834159851 0.27884969115257263 0.006287193391472101 -0.051317695528268814 -0.04687829688191414 0.2357959747314453 0.10172855108976364 -0.0008201987948268652 -0.1065695658326149 -0.44768962264060974 0.19315165281295776 0.03593934327363968 -0.26476651430130005 -0.057903412729501724 0.07853949069976807 0.23750360310077667 0.2019525170326233 -0.01789734698832035 -0.18101178109645844 0.031926512718200684 -0.054991643875837326 0.10688494890928268 -0.17379070818424225 -0.05161265656352043 0.0063697868026793 0.016608325764536858 0.24114450812339783 0.11387591063976288 -0.17762142419815063 -0.16824859380722046 0.010533384047448635 -0.020031385123729706 0.13504226505756378 0.11660631746053696 -0.04002431035041809 -0.023805314674973488 -0.004149245098233223 0.05343087017536163 0.10553896427154541 0.06054636463522911 -0.18309588730335236 0.044703807681798935 -0.08599254488945007 0.11996953934431076
-0.29002833366394043 0.026058945804834366 -0.15639875829219818 0.04488065838813782 0.065668486058712 0.05232318863272667 -0.21394769847393036 0.1045878678560257 0.08167710900306702 -0.006045479327440262 -0.03593086451292038 0.30430805683135986 -0.18605872988700867 0.14170056581497192 -0.22645828127861023 0.09625905752182007 -0.0852266177535057 0.056442808359861374 -0.08211062848567963 0.024065833538770676 0.24024726450443268 0.20628993213176727 -0.08595219254493713 -4.961804370395839e-05 0.2515735328197479 0.19240444898605347 -0.17258292436599731 0.03481234982609749 0.001554833259433508 -0.023622186854481697 0.0077025690115988255 0.034650154411792755 0.04793555662035942 -0.1750328689813614 0.16076888144016266 0.27121448516845703 -0.17186957597732544 0.14687760174274445 0.002584405243396759 0.08676950633525848 -0.24447038769721985 0.04288729652762413 0.03799838572740555 0.14834803342819214 0.0894165188074112 0.06434251368045807 0.11413424462080002 0.14782977104187012 -0.12250656634569168 0.11178099364042282
0.007742853835225105 -0.014113162644207478 0.04795047268271446 -0.20094677805900574 -0.19846904277801514 -0.2154863476753235 -0.27682220935821533 0.03886166587471962 0.051271405071020126 0.20814774930477142 -0.0661940649151802 0.1574658453464508 -0.019482241943478584 -0.09271971881389618 0.2317163348197937 -0.1297839879989624 -0.032131921499967575 -0.0322677344083786 -0.19432157278060913 0.11831998080015182 -0.17929869890213013 0.07983400672674179 0.003149345749989152 0.07668337225914001 0.1617410033941269 0.06332643330097198 -0.1635391116142273 -0.13506177067756653 0.03961211070418358 -0.04285264015197754 -0.12867939472198486 0.06552977859973907 -0.22272822260856628 0.12275030463933945 0.030666526407003403 -0.021911704912781715 -0.03333062678575516 -0.26212191581726074 -0.010962365195155144 0.1724545955657959 0.049118928611278534 0.0752025619149208 -0.3037630617618561 -0.12558744847774506 0.016562102362513542 0.24790561199188232 0.22591814398765564 -0.1729576289653778 -0.09490440040826797 -0.08492357283830643
-0.021995140239596367 0.1997177004814148 0.2763592302799225 -0.09518539905548096 0.19340036809444427 0.020759664475917816 0.05932393670082092 0.030604401603341103 -0.03154553845524788 -0.1877404749393463 -0.04955272749066353 -0.012438819743692875 -0.1683025062084198 0.12588582932949066 0.10663702338933945 0.08876387774944305 -0.15594816207885742 -0.024956336244940758 -0.13763003051280975 0.14281268417835236 0.10865501314401627 0.06387091428041458 -0.0780717134475708 0.5249039530754089 -0.10766058415174484 -0.07021765410900116 -0.09527380764484406 0.012111786752939224 0.24089905619621277 0.17188508808612823 -0.0405559204518795 0.22780732810497284 0.1538725048303604 -0.05164112523198128 0.010071249678730965 -0.2704521417617798 0.007752649951726198 0.15945184230804443 0.11251504719257355 0.06862062960863113 -0.051542237401008606 0.00034595635952427983 -0.14273063838481903 -0.0019032704876735806 -0.03451337665319443 -0.02956334874033928 -0.08172284066677094 -0.15737241506576538 -0.013559387065470219 0.04256528243422508
0.12506121397018433 0.043314069509506226 -0.03147080913186073 -0.23103781044483185 0.07338295876979828 0.1776200532913208 -0.3465404808521271 0.27930301427841187 0.016439173370599747 -0.02160540223121643 -0.10879068076610565 0.1192198172211647 0.1812160760164261 0.09553083032369614 -0.18729932606220245 0.18010938167572021 -0.1518305391073227 -0.058789223432540894 0.07725434005260468 0.2590223252773285 -0.07493449747562408 -0.01444343663752079 -0.07414358109235764 -0.05046219751238823 -0.21340323984622955 -0.005812540650367737 0.2969541549682617 0.05757864564657211 -0.171030655503273 -0.0004608837771229446 0.02118784748017788 -0.19756858050823212 -0.048046838492155075 0.024888616055250168 0.057426586747169495 -0.04147181287407875 0.12790249288082123 0.13932296633720398 0.23584237694740295 -0.06677224487066269 0.18499192595481873 0.08512645214796066 -0.11820344626903534 -0.11185014247894287 0.19289495050907135 0.08052708953619003 -0.027729498222470284 -0.02579234540462494 -0.04237586259841919 0.13746310770511627
-0.10946734249591827 0.022632179781794548 0.01611863635480404 0.0747685581445694 0.20374882221221924 -0.03370712697505951 0.05630304291844368 -0.11522853374481201 0.20359031856060028 0.05073026195168495 -0.33453136682510376 -0.02887064963579178 -0.05104793235659599 0.2525809109210968 0.3382556736469269 0.2200159877538681 -0.07162884622812271 0.03428984060883522 -0.11289234459400177 0.027710942551493645 0.08317730575799942 0.043395113199949265 0.13724541664123535 -0.287358820438385 -0.2216111123561859 0.0304131880402565 -0.06402499228715897 0.12728218734264374 -0.11921128630638123 0.037704791873693466 -0.019412092864513397 -0.11225206404924393 0.10719821602106094 0.020856741815805435 -0.09509222209453583 0.07378929853439331 -0.18770866096019745 -0.17954953014850616 0.011896122246980667 -0.20634451508522034 -0.13579142093658447 -0.15052367746829987 -0.038677431643009186 -0.07485108822584152 0.1695229858160019 0.09543038159608841 -0.07488849759101868 -0.25730517506599426 -0.029101749882102013 -0.11079976707696915
0.2807307839393616 0.10652029514312744 -0.10417841374874115 -0.047676876187324524 -0.02965412475168705 0.08583410084247589 0.21171215176582336 0.011557665653526783 0.15551738440990448 0.00999829638749361 -0.13386811316013336 -0.08350243419408798 -0.20093779265880585 -0.06128387525677681 -0.021917110309004784 0.28105852007865906 0.28114381432533264 0.05310802161693573 -0.17713335156440735 0.1018657386302948 0.178877592086792 0.07609917968511581 -0.04642700403928757 0.10875950008630753 -0.17397496104240417 -0.10945719480514526 -0.06690672785043716 -0.013774220831692219 -0.11571455001831055 -0.01736382767558098 -0.1641530990600586 -0.17354130744934082 -0.19355900585651398 0.015778079628944397 0.056983109563589096 0.1531989872455597 0.0020678506698459387 -0.010288444347679615 0.03235141187906265 0.21870054304599762 0.1967286914587021 -0.1415041834115982 -0.007788812275975943 0.08982383459806442 -0.2783837616443634 0.1370810866355896 0.02211904339492321 0.23913802206516266 -0.20171745121479034 -0.05240878835320473
0.003149269614368677 0.03787233680486679 -0.009191026911139488 -0.13782241940498352 0.1602068841457367 0.0629018172621727 0.098417267203331 0.07980629056692123 -0.15225541591644287 0.256641685962677 -0.1868131160736084 -0.23748624324798584 0.17878681421279907 -0.14349205791950226 -0.22498926520347595 -0.04554280266165733 -0.0836050882935524 0.21654793620109558 -0.05020224303007126 0.1598265916109085 -0.41367459297180176 0.0822213813662529 -0.1133846789598465 0.018363825976848602 -0.018535679206252098 -0.022752223536372185 -0.03672005608677864 0.1668318212032318 0.047371283173561096 -0.07049944996833801 0.06178230419754982 0.055094774812459946 0.20847640931606293 0.01844947598874569 -0.06590461730957031 0.12811435759067535 -0.3535279929637909 0.03778247907757759 -0.011343495920300484 0.18106743693351746 -0.13824637234210968 -0.17036178708076477 0.07482592016458511 -0.018594752997159958 -0.17494617402553558 0.08558709174394608 0.06331717222929001 -0.04651227220892906 0.0699954479932785 0.06403558701276779
-0.19182199239730835 -0.19072453677654266 0.08449540287256241 -0.16751393675804138 -0.08550059795379639 -0.30230191349983215 0.0437588095664978 -0.0873665139079094 -0.11518165469169617 -0.0521177314221859 0.09722234308719635 0.04581907019019127 0.15992341935634613 0.11673606932163239 -0.13194428384304047 0.35179269313812256 0.15959462523460388 -0.08861219137907028 -0.1761612445116043 0.08212487399578094 -0.04992849379777908 0.047016389667987823 0.1066141352057457 0.055676717311143875 -0.13977903127670288 -0.12417217344045639 -0.10406865924596786 -0.14704304933547974 -0.07625646889209747 0.06483140587806702 0.027070604264736176 0.17878688871860504 -0.03083854913711548 0.024135403335094452 -0.2890825867652893 0.13410498201847076 0.011219785548746586 0.02298545464873314 0.12135158479213715 0.17387159168720245 0.10342752188444138 -0.01614469476044178 0.2792888283729553 0.020289959385991096 0.28859278559684753 -0.05091637745499611 0.1328248828649521 0.055928681045770645 0.17425537109375 -0.0008533266372978687
-0.01335382740944624 0.05646960064768791 0.022699037566781044 -0.04952296242117882 0.08711883425712585 -0.05667974799871445 -0.16045744717121124 -0.011083575896918774 -0.10798835754394531 -0.08404417335987091 0.03029608353972435 -0.17943042516708374 0.1652294248342514 0.08078078925609589 -0.05995721369981766 0.05633660778403282 0.029267212375998497 0.07876826822757721 -0.038913678377866745 0.04091420769691467 0.22123295068740845 -0.17335616052150726 -0.07102128118276596 -0.19911383092403412 -0.05974452942609787 -0.021646833047270775 -0.15739953517913818 -0.05888499692082405 0.112015500664711 -0.052603185176849365 0.11905615031719208 -0.19402998685836792 0.19372549653053284 0.2137305736541748 0.37230172753334045 -0.23717845976352692 -0.01674407534301281 -0.26944389939308167 0.027526820078492165 0.36081239581108093 -0.03417535871267319 0.12729674577713013 0.014922515489161015 0.30886369943618774 0.05506660416722298 -0.02802259474992752 -0.003473856020718813 0.005648841615766287 0.0856577530503273 -0.1584954708814621
0.0411628820002079 -0.03766781464219093 -0.13573609292507172 0.019849464297294617 0.061375200748443604 -0.08226245641708374 -0.08301302790641785 0.2396281510591507 0.035466860979795456 0.1046123206615448 -0.19079941511154175 -0.10850359499454498 -0.04977335408329964 -0.22055311501026154 -0.23372596502304077 0.20437277853488922 -0.03265226259827614 -0.02179606258869171 0.03239602968096733 -0.13789337873458862 0.15591198205947876 0.0678146556019783 0.016335178166627884 0.009717077948153019 0.23792804777622223 -0.14267143607139587 -0.049090951681137085 0.0005342087242752314 0.1857749968767166 0.01863747090101242 -0.11792754381895065 -0.04427584633231163 -0.1336006075143814 -0.048992689698934555 -0.23580670356750488 -0.2001410573720932 0.2664465010166168 -0.147133469581604 -0.025154363363981247 -0.11397899687290192 -0.12329661846160889 -0.126318097114563 0.09929663687944412 0.19056852161884308 0.017554985359311104 0.26944535970687866 -0.16429157555103302 -0.21740691363811493 0.2439407855272293 0.0903589129447937
-0.12255068868398666 0.05584344640374184 0.3002746105194092 -0.11567859351634979 0.07593411207199097 0.1791674643754959 0.06209338828921318 -0.012050831690430641 -0.2672887146472931 0.03987432271242142 -0.29969921708106995 0.010233694687485695 -0.15700407326221466 -0.02950168401002884 -0.11100495606660843 -0.23816050589084625 0.024818314239382744 -0.1399763822555542 0.14319314062595367 0.09116566926240921 0.2693697214126587 0.08440444618463516 -0.133648082613945 -0.12546084821224213 0.029859287664294243 0.20095710456371307 -0.010244252160191536 0.11380874365568161 -0.08487837761640549 -0.05819784849882126 -0.07134339213371277 0.07807284593582153 -0.2833666205406189 0.1780439019203186 -0.16446851193904877 -0.15362894535064697 -0.12108292430639267 0.028845379129052162 -0.08856834471225739 0.0031024967320263386 0.22192101180553436 -0.014625069685280323 0.20693092048168182 0.024290086701512337 0.09824672341346741 -0.03483879938721657 0.11222420632839203 0.015125125646591187 0.014291786588728428 -0.1942823976278305
-0.389298677444458 0.2588287591934204 0.015275479294359684 0.002184196375310421 -0.12786200642585754 -0.13622744381427765 -0.02447725646197796 -0.25398290157318115 0.06280193477869034 -0.1864122450351715 -0.1411067694425583 -0.1126789078116417 0.037631288170814514 -0.0015426926547661424 -0.22055208683013916 -0.05047386884689331 0.08628560602664948 -0.20312120020389557 -0.056606996804475784 0.06918451189994812 -0.1451157033443451 -0.09863301366567612 0.17050495743751526 -0.12010585516691208 0.2083328366279602 -0.026739763095974922 0.17190654575824738 -0.08424405753612518 0.01406422071158886 0.15698890388011932 -0.0014274850254878402 -0.07073099911212921 0.06079607456922531 -0.0704217404127121 0.034247949719429016 -0.1969834566116333 -0.07636833935976028 0.009453922510147095 0.19723856449127197 -0.040726207196712494 0.10424437373876572 -0.08273317664861679 0.05601069703698158 -0.03880989924073219 -0.19432900846004486 0.25085076689720154 -0.11769308894872665 0.05936930328607559 -0.28115588426589966 0.03339355066418648
-0.05415762588381767 -0.03575089946389198 0.07440248876810074 0.0506795272231102 -0.061994560062885284 -0.051081135869026184 0.0822586640715599 0.0652720257639885 0.09171576797962189 0.15538008511066437 0.009155886247754097 0.08361699432134628 -0.18471503257751465 0.07454876601696014 -0.2128986269235611 -0.045669104903936386 -0.0023853008169680834 0.2752020061016083 0.007151985075324774 -0.09192000329494476 -0.1687677800655365 -0.25217297673225403 -0.14022687077522278 0.05037199705839157 -0.18121813237667084 0.04526200518012047 -0.22496354579925537 -0.10825156420469284 -0.07234593480825424 0.3117021322250366 0.1330338716506958 -0.19219815731048584 -0.0071196104399859905 -0.2264246940612793 -0.05358226224780083 -0.22769345343112946 -0.12721480429172516 -0.06769339740276337 -0.22354814410209656 -0.15594561398029327 0.2884327173233032 0.007831448689103127 -0.08150192350149155 0.17612774670124054 0.16341635584831238 0.042359791696071625 0.12934251129627228 -0.00432609161362052 -0.0606253445148468 0.14067335426807404
0.0590587817132473 -0.07092456519603729 -0.11324964463710785 0.1019822508096695 -0.10733930766582489 -0.08973702043294907 0.25225064158439636 -0.17459692060947418 -0.3129049241542816 -0.1374576985836029 -0.18070802092552185 0.005341960117220879 -0.03307541087269783 0.274087131023407 -0.10112213343381882 -0.008526169694960117 -0.20555168390274048 0.12245053797960281 -0.031742386519908905 0.006033603567630053 -0.2394646257162094 0.1940007507801056 -0.1723438948392868 -0.07845386862754822 0.04251435771584511 0.04197690635919571 -0.14367684721946716 0.11088886857032776 -0.08090624213218689 -0.13662000000476837 0.0390089675784111 0.026165688410401344 -0.19853967428207397 -0.22766616940498352 0.15039518475532532 -0.08234934508800507 0.33449456095695496 -0.08013291656970978 0.23515988886356354 0.012872855179011822 -0.027431251481175423 -0.08231149613857269 -0.1810411661863327 0.0203087218105793 0.059160854667425156 0.0025573226157575846 -0.05730099603533745 0.07146412879228592 0.04043946787714958 -0.12976066768169403
0.07013428956270218 0.15733423829078674 -0.05779188871383667 0.18297874927520752 0.12679758667945862 -0.05878014862537384 -0.003944841213524342 -0.020020024850964546 -0.40807047486305237 -0.029930412769317627 -0.1088939905166626 0.19224290549755096 0.17460550367832184 -0.13143590092658997 0.31900548934936523 0.2578766942024231 0.18715420365333557 0.03591179475188255 0.07573314011096954 -0.0003402161819394678 -0.1475117951631546 -0.1391162872314453 -0.1018977165222168 -0.009341161698102951 0.15165521204471588 0.07609952986240387 -0.04747350886464119 0.03443213924765587 -0.06504688411951065 0.08960911631584167 -0.15565630793571472 -0.12991930544376373 -0.004177022259682417 0.0560782290995121 -0.08454339951276779 -0.16625887155532837 0.07455084472894669 0.17078359425067902 -0.16235657036304474 0.09440258890390396 -0.17149651050567627 0.021293168887495995 0.08772999793291092 0.031749166548252106 0.12584121525287628 -0.007429587189108133 0.0697079449892044 0.02990082837641239 -0.3008829355239868 0.20825648307800293
0.00316938036121428 0.2511196434497833 -0.0009018263081088662 0.21699732542037964 -0.15144219994544983 0.3638489842414856 -0.1518392711877823 -0.25456371903419495 -0.04040558636188507 0.16065335273742676 0.10877614468336105 -0.10733462125062943 0.03512014448642731 -0.09331237524747849 -0.10403409600257874 0.05131025239825249 -0.07035405188798904 -0.13257557153701782 0.02178402617573738 0.09669341146945953 -0.0074234651401638985 0.09166304022073746 0.10347259044647217 0.07321786135435104 -0.08163482695817947 -0.11681848764419556 -0.33097800612449646 0.04331107437610626 -0.2646956443786621 0.04944001883268356 -0.0987391471862793 0.11414805054664612 -0.06436797976493835 -0.10269937664270401 0.1098872497677803 0.0075227562338113785 -0.0042694988660514355 -0.1931350827217102 -0.10053639113903046 0.11773549020290375 0.02165817841887474 0.12786023318767548 0.11561892181634903 -0.18199481070041656 0.14462313055992126 -0.006398365832865238 -0.24237529933452606 -0.10462018102407455 0.07607100158929825 0.20179718732833862
