3416 5929 2181 4872 960 7210 8759 2034 10154 2872 3137 4008 79 5662 9125 8381 7146 8226 5648 4826 7140 8910 8262 612 6879 2932 6606 9672 3128 826 3088 2438 1218 8358 6107 3322 4492 9991 8250 9229 337 3357 9562 2287 7270 5880 418 3499 2060 2244 370 8676 9559 9264 3644 1787 7126 5114 8114 5034 10112 3922 7748 9510 6885 7605 8437 6979 8285 9965 2536 1522 5133 1287 3989 3208 8564 5386 5456 10138 9706 8221 5060 4980 5715 902 2665 2333 6120 9888 1173 653 3433 6392 3497 316 1100 6828 7084 7528 3705 1240 8571 9587 6599 3365 7428 9682 8020 4556 8419 1284 7269 10015 2530 2846 4730 4641 627 6899 8630 2225 2030 5984 5563 1592 8000 7536 10109 2489 3993 4682 8122 8538 7790 5273 2079 4753 3619 4596 4239 4717 7942 6676 7998 5518 4188 898 171 6301 990 1513 1580 4321 3661 1821 4240 8635 5012 4667 8130 5093 6641 6669 4326 5073 3808 1157 3444 7429 452 8473 7519 1626 4171 5712 441 942 9299 8388 40 8322 2644 7810 2628 6475 2001 3615 6681 6930 5515 265 3992 2550 4704 3156 632 3493 3601 482
7786 7168 2789 8555 7622 3613 4790 5116 8356 1609 2033 7829 5564 318 1903 5845 7579 4265 3407 5296 10100 3909 1155 4523 1656 1571 10157 5348 416 9198 545 6982 8731 5829 7359 176 8143 884 9722 1932 4907 6252 8592 8225 2551 9807 4405 8827 1372 8365 2673 6243 1767 6688 5759 820 5847 9060 5005 9189 2046 832 1376 2000 7407 5279 7170 3666 2387 970 3868 9869 8923 8912 6696 9328 9952 1330 1546 5503 448 6823 4883 3866 7963 9471 4128 1606 4490 2848 1774 5187 6244 10090 7848 6167 2974 6098 9537 9213 3698 8156 8136 1237 1559 5671 3522 8369 6184 7559 4545 9405 6411 581 9593 3226 8184 7466 5063 8041 3887 5651 7488 2991 5367 4074 1754 2264 6760 1363 9711 9615 8636 9059 1389 8752 133 8459 6132 9940 6082 8900 2402 89 5864 4863 2251 7910 7370 2311 7567 6708 6325 7439 9791 6374 10013 8811 9998 5798 71 8772 9599 1314 1934 10023 2358 779 7294 3950 110 1065 5108 1385 748 6748 219 3304 1016 3972 2568 1863 5626 4059 7119 2810 1669 2910 9616 2064 5239 4615 3227 3250 6690 3788 10004 6306 4529 3998
8799 7215 3562 6576 3469 8345 6128 338 2405 4039 1499 3535 1282 2440 5438 7445 7441 4832 7655 9956 7849 9149 7107 4899 4279 7575 5512 7214 6589 2517 8828 7776 7011 2559 4465 3200 3963 7460 3823 670 3896 8013 4339 9487 4447 4773 5320 5683 468 2692 7754 9320 1165 2354 8820 9265 5894 8392 8198 4692 7019 3178 5760 5677 4050 401 7563 2892 6399 6763 1026 3802 5604 4351 9093 5410 8641 1398 549 1628 9199 5661 2219 3084 6921 1566 5018 6222 1192 8348 3957 2107 8134 7806 3230 6888 189 9389 3277 9477 6164 5301 4834 145 3086 2514 4940 882 4720 9118 9983 1871 2114 8665 1391 1079 6704 3689 7515 3817 8861 6342 9595 9731 530 3936 5763 8091 2800 8511 5027 7765 8721 9172 9103 2641 4848 2624 9671 789 9760 355 3406 1682 3630 8015 3691 6530 6601 8339 8896 2681 7858 7980 9725 10137 5380 4479 9497 8568 1648 3582 9250 8937 2884 9248 9436 5877 4406 9713 6032 5751 8649 4390 737 1693 6084 1417 5613 9573 8263 4714 4892 4847 6941 2291 4262 8352 361 4153 9883 7777 9568 496 3197 9464 570 9552 3588 6189
9051 863 7432 440 10051 2175 6289 8132 874 4982 4335 9336 9570 4395 2329 7909 9891 3169 5993 8774 8941 3710 6966 5755 5113 8164 4218 5188 2980 5521 8171 8312 3066 2191 6822 6603 2454 9638 1343 1160 7328 7171 7796 6949 5833 7511 5415 6099 2296 8921 8773 1120 4463 4723 8856 9422 502 9736 7627 4212 4805 1488 8942 1209 3135 9553 8810 1438 7335 8590 8935 4750 8603 1701 9444 3316 9951 9986 9338 4908 6566 9621 5752 8288 4266 4958 4244 4646 3343 4402 5094 3308 7535 6112 7265 5591 9797 810 1083 5280 8146 72 657 8738 7621 1146 1647 5124 4365 5674 6527 1594 1734 6492 2103 2996 2262 8648 1435 1639 8960 7245 2842 2860 8 2212 8486 4508 49 4273 466 9347 1578 8003 6506 5895 2921 526 5020 4653 107 433 4491 4616 6114 8607 2723 1649 35 4353 707 756 2707 9962 8502 8101 10097 7686 449 2985 4412 3504 3636 4174 527 1770 2700 5262 7118 7783 1132 1835 7625 9643 6264 3797 5008 3205 4181 3979 3143 8675 2570 772 1414 554 3826 6259 2208 7976 9937 395 4590 2195 4544 6912 5962 3459 2632 7590
4209 4858 1313 5780 50 8822 9856 6612 5355 1852 9475 9961 1369 1482 8653 3934 2843 3349 3589 6672 1550 9465 4115 6292 2901 8449 10165 6720 9675 9135 4013 4557 1748 4516 8760 7117 10127 1327 6911 4797 1487 2966 5146 6148 10102 179 95 8906 2233 3961 4531 1818 6216 4290 7572 3490 9071 9928 3207 234 8719 9885 9272 7109 4283 1643 5096 7046 4896 827 6713 5202 535 6745 600 5942 10082 7273 746 206 7592 6169 5390 99 465 2947 8536 10194 1221 112 476 154 9398 1283 7673 2049 1322 9583 2496 2767 6586 5686 672 9236 1352 8945 8693 9719 5817 1130 5159 908 3931 4354 9252 5527 3746 484 6857 6766 8200 2524 9788 7340 7345 2357 8903 9874 6369 5067 4269 3309 4285 4480 5304 1413 7074 3076 6729 8087 9102 3346 4663 1453 6650 8038 724 2209 2159 5630 5514 5443 7763 420 5678 7493 7182 770 704 5072 840 9223 9588 5484 9513 3541 7104 9088 8717 8133 5126 668 10021 7841 4833 1502 8231 3465 4282 8514 5128 6649 222 3951 7656 8299 6269 9394 4722 2345 2165 5409 3039 3446 10179 8427 5455 7719 9560 271
4239 4717 7942 6676 7998 5518 4188 898 171 6301 990 1513 1580 4321 3661 107 433 4491 4616 6114 8607 2723 1649 35 4353 707 756 2707 9962 8502 73 4450 2840 3659 1457 9935 2850 8561 8292 7608 6990 3554 4502 6378 1437 5685 7457 8004 9525 6441 1766 2508 4788 1545 4420 2335 4994 9035 6121 279 1300 8127 4233 2316 9435 2696 5606 999 8277 9703 9526 3669 1442 4130 4213 8362 9954 10121 6503 556 3862 6881 6934 5406 6747 4458 1975 1406 7503 1227 1350 8999 6096 2085 4747 1537 3567 7157 8611 1816 5334 936 5586 1401 7831 5121 2967 3253 289 7897 1484 1850 1356 7 3738 5623 7864 293 6793 986 158 6952 5974 4097 7196 8105 7620 5532 9230 2679 7723 6015 8517 3835 6014 8232 350 4403 1738 7894 10071 738 9882 2955 1246 5248 9611 2741 8005 9812 7912 2504 5062 2811 5603 98 3283 7638 1102 7368 1529 7863 663 3424 5360 4203 1037 5996 4086 6780 8183 1855 3245 1485 678 5379 5874 4698 5869 4624 6498 4035 1216 7921 6356 2497 10058 9657 3852 7124 1996 8924 7289 6123 8188 1898 2404 2168 983 488
4737 9766 4033 7606 3977 6592 8375 6388 1346 8417 918 10047 9780 8452 3688 4511 5605 4471 248 7406 7327 274 5891 4658 8153 4277 6796 7871 3048 2083 7735 166 2128 2927 5228 215 3526 2385 1810 2167 583 1111 7907 9215 8704 4795 5184 8436 9425 6050 7550 2849 5389 6816 5468 9101 7263 8798 1655 685 9503 10018 1841 3157 4821 1104 4689 6560 3723 10150 6371 1248 9036 9966 1234 9346 673 321 2200 9544 6906 3393 7296 7169 2895 6504 7689 5972 9159 8600 8147 1940 4552 5848 258 5735 5294 9547 5244 7426 1086 4116 1694 4108 8678 965 7619 8203 2343 2332 3653 3831 9144 8532 2834 8750 2682 6329 2384 2414 6429 137 7473 1833 2481 7698 2147 7896 1590 10062 8892 10078 3155 6061 3888 2400 6434 5899 1416 7134 7727 4009 2375 8060 1005 5939 56 4695 2856 1044 4256 6464 8928 9378 1362 1097 4401 10116 3410 10086 5322 2535 9438 5287 4320 3130 3167 7122 17 6593 211 1723 2484 3487 4359 3240 6279 8325 4434 4671 9006 3555 2581 1893 2123 596 7695 444 8192 9524 8670 7891 4318 5753 9305 4974 4296 1716 4361 7665
9760 355 3406 1682 3630 8015 3691 6530 6601 8339 8896 2681 7858 7980 9725 5786 1291 3594 1400 9139 2430 3035 6868 6626 8574 8354 9211 7413 3439 7364 2518 2766 8572 8241 4812 5467 1859 8499 7309 2873 8295 1876 8257 317 8158 5856 2501 8269 9391 7660 8804 5879 7522 8575 8175 7183 4513 8655 7172 10183 4886 4591 7255 7751 7449 8209 4540 4194 4881 7469 7549 4040 7791 9451 522 689 3463 9603 5918 5111 5022 2270 4379 4198 5241 5904 4932 7584 4032 9811 4056 4603 2101 6597 3767 2302 2556 6257 7870 4778 4419 1812 3946 796 8860 4217 163 10114 9823 6223 7690 961 6768 629 4037 1321 5327 7410 3293 5792 369 1046 5530 8302 5801 8276 5945 969 2763 8407 6545 852 415 7338 2110 8643 5691 471 1061 7341 1885 2739 2386 2598 919 3043 2263 6265 5628 5928 7373 6980 184 4423 4774 5607 6410 3553 1101 10152 9698 5323 6390 4901 8179 6446 8509 8522 8588 5810 5820 6984 2786 7928 1367 4836 4110 2701 4880 622 9776 129 4252 578 4606 7634 74 4601 7811 3325 6987 116 6384 3282 6337 773 6920 4170 1878 2710
4341 9687 7662 9996 4499 8580 9009 10079 2666 9614 9948 1183 5370 1003 9176 4369 946 6609 1078 55 199 2629 7977 2757 233 1961 3687 8878 10184 6382 8096 4978 6936 2544 8743 7180 4102 8189 8515 3633 257 4388 5985 8905 2765 4456 1116 4457 703 3337 175 1095 4079 4515 3620 9002 3943 5782 8216 662 5840 1084 7739 1952 8384 3570 8394 1071 1651 7924 9111 9155 2948 1390 8399 4332 7918 2630 1684 220 7827 2634 4943 5190 4757 4340 8560 2677 7163 9474 542 2455 5990 3031 4222 7820 5902 7983 7149 3721 329 9762 1540 7775 9839 4384 130 1891 9087 9490 5933 5746 9990 41 462 7517 8343 626 909 7286 2845 7036 4830 9516 7455 9005 8638 9546 8208 9207 1890 4305 8807 7857 5646 1073 7236 4278 3306 5498 2509 633 1640 4727 515 9245 487 4957 8244 8468 5472 2534 5453 5026 1603 1057 135 9187 2688 1630 7000 9332 5217 2465 7680 6473 5653 9287 9078 7008 7282 3108 3484 8652 7852 4437 4054 7960 2538 5076 4532 8453 8521 9805 9790 3430 4938 5525 7618 8985 867 4165 879 4900 4180 7711 9225 1560 7733 5033
1821 4240 8635 5012 4667 8130 5093 6641 6669 4326 5073 3808 1157 3444 7429 8183 1855 3245 1485 678 5379 5874 4698 5869 4624 6498 4035 1216 7921 6356 5299 3122 4085 7132 6328 3720 4506 2325 930 2936 5732 4112 1017 3002 7022 6575 3718 9190 7032 505 7771 6820 2037 5192 5565 5341 231 1765 3014 4381 2891 5733 5426 6891 1943 5543 1832 9315 1526 2378 6274 6459 1563 8017 4168 9397 7624 5249 7807 2676 4977 2486 4131 837 5030 33 6016 7012 7447 3960 3518 8902 3044 8608 9879 10038 4783 8478 2407 9092 2599 8529 2828 5471 9352 8049 3414 7596 3598 1067 4776 6078 8435 1760 10030 1587 3985 1799 3877 5795 3494 5701 7147 5138 6345 10022 1228 9459 7906 1814 334 6518 956 9226 7876 9179 1178 6867 3290 6951 5730 7386 4391 1937 7293 3392 1933 1801 1118 7204 7797 5738 9745 10057 10068 8224 8456 1601 8014 9864 9366 5647 6180 1692 382 6578 9826 392 760 7348 9379 1598 1334 6245 771 2819 2940 9020 8353 5004 3466 6165 3827 2295 319 5513 8074 4869 3759 8983 1147 7553 8344 6869 2605 3752 3288 1786 2337 9493
7727 4009 2375 8060 1005 5939 56 4695 2856 1044 4256 6464 8928 9378 1362 4975 5396 2178 5881 6157 28 2014 5428 4316 4505 7808 7901 736 9764 8317 7089 5963 8425 2288 182 9200 5502 7461 948 1188 6705 7595 4842 9203 5117 9866 6083 6895 295 949 1612 9094 3090 6525 8433 1153 3937 10181 152 8558 4825 8552 4462 4577 2204 7358 1090 8310 3849 8548 10191 2374 7720 3889 7470 7303 6111 7472 4721 838 3016 8271 513 2984 2377 9872 8157 7085 8319 1295 3744 4906 5542 3072 2057 7770 8570 1293 7813 6138 4202 3662 6119 2712 2283 423 1103 7391 548 9293 2557 2794 1622 1779 5590 7714 1420 2036 5596 8484 8442 3500 3939 892 8025 419 6673 9673 1461 1000 6848 7071 1279 1997 8098 1256 9900 5696 4623 6033 3450 1637 8803 1043 3096 5595 9817 18 7551 8566 8786 5436 4524 9769 2279 3612 5740 2905 93 7261 3813 2771 412 8152 7717 3372 1610 1125 27 3485 5189 193 6907 4917 8947 4643 6620 8842 5090 2878 2126 6179 6417 732 9851 8589 4619 8372 2719 5569 3561 1323 3161 6829 4976 7094 2841 4488 6286 7681
9102 3346 4663 1453 6650 8038 724 2209 2159 5630 5514 5443 7763 420 5678 2903 2342 6422 8117 7923 6687 1984 2100 10195 4785 5470 5711 791 7756 7422 5866 1689 4672 5120 9694 4082 8422 7021 601 8030 7390 3221 3781 3519 9751 6232 7697 9810 7956 10180 2654 2098 5855 1857 7664 7636 1371 7064 5318 10093 3148 1366 1439 6853 606 5420 6280 9314 2638 5536 5994 1324 6678 8725 4489 2965 2202 8290 4810 7239 7013 5095 3893 70 6235 4250 3958 9384 9915 5087 5663 4962 1474 9119 2939 4811 7557 3003 8349 1368 2959 540 8963 6872 6841 1972 6598 7334 9311 8671 914 1906 3079 829 6100 3703 9890 1254 2086 888 8976 7001 2898 9989 6537 8466 3546 2027 4584 6340 9449 1950 4920 2906 9000 5857 6122 2563 4151 4007 1591 4793 6981 2589 7609 9605 3764 3438 7745 1432 4835 6995 9133 6037 6618 8113 8278 6234 9806 1995 4963 9860 9377 495 367 100 7938 3894 7034 9876 2580 7632 3652 1530 5054 1722 977 3070 9607 2192 7486 787 5636 5934 9437 2569 4431 9099 6528 8046 5025 6172 8196 3784 2143 3276 5903 9262 7787 9752
5607 6410 3553 1101 10152 9698 5323 6390 4901 8179 6446 8509 8522 8588 5810 5582 8914 1789 1274 3026 7433 6645 6902 8415 6324 4549 6882 1212 9926 4400 8663 8279 7365 7526 1281 4742 87 5144 625 10033 8334 6190 525 6807 5147 3056 8031 5705 4030 2073 4023 7961 4697 6181 2736 4208 9748 7962 2907 5246 1574 6733 2857 3614 9720 1581 6861 5814 1506 2421 5776 9400 236 5516 1465 2150 5263 5154 4576 9129 4078 3571 7305 8210 3246 447 5373 6744 4659 8595 687 6421 7730 4192 1570 10169 7914 2620 173 3259 9566 8762 3818 6976 4197 8408 4081 8009 1191 8142 3501 1745 3165 3153 1862 6294 5908 5397 6541 3117 1378 3125 4817 5531 1247 3112 727 2830 8740 5592 9143 9450 7500 10070 546 8296 764 2153 186 639 2221 10158 511 8992 3173 1273 2439 8206 3420 6022 2222 6634 2879 1052 4473 1337 1928 327 6849 8043 5437 4066 2456 4408 3647 2705 6559 3451 5014 5158 2931 631 9104 3441 8029 3378 2565 8289 4713 8095 4371 3536 7645 5921 2372 7966 4993 3254 8848 3115 1840 8993 83 9080 8661 7443 4874 4945 9936 4286
8113 8278 6234 9806 1995 4963 9860 9377 495 367 100 7938 3894 7034 9876 4574 577 4461 8615 8567 7987 8925 895 6154 1133 5650 5771 3733 3199 3452 500 4449 216 915 1966 8729 4106 6547 5594 9077 4122 644 1331 3028 1954 5995 6212 5282 7750 8151 8386 9737 7188 782 9903 4539 4214 7177 207 6910 10172 2861 1497 8621 8444 8569 6846 3917 2986 5206 229 954 3019 1262 6526 7020 3385 8789 3138 1735 8092 7228 9889 3471 3069 8075 1251 9455 7246 885 8819 8377 3388 492 426 5181 3415 8591 3531 8867 8121 8413 3627 5823 1441 9045 9484 6762 7885 5936 3805 9767 6137 3525 7946 8628 6010 2909 1418 9110 5889 939 7329 991 9803 9822 10032 9075 8940 9602 3236 7425 6852 6657 4227 7387 3783 3538 8482 9994 2896 637 7325 8664 8460 259 8998 6539 7653 9034 4709 9117 4232 10135 5089 886 4815 9278 8707 4578 9162 1519 5754 4814 7491 932 5860 7353 6071 3249 9295 1462 391 3100 5682 3665 3942 4824 5243 1055 2982 3702 799 5796 8862 9960 5295 3334 3576 1318 6750 709 4470 4926 3278 757 9704 4588 7805 8679
6082 8900 2402 89 5864 4863 2251 7910 7370 2311 7567 6708 6325 7439 9791 2509 633 1640 4727 515 9245 487 4957 8244 8468 5472 2534 5453 5026 1603 566 6709 1681 6833 3955 648 841 6787 9454 9532 4857 3102 9241 8647 2880 8777 3597 2271 6300 1711 6472 3018 9014 7931 8243 7869 7120 366 3302 4690 5977 6800 10076 2523 6847 7297 439 6456 8350 7916 2362 7401 8981 54 9109 699 2011 5873 6790 8110 3473 5317 7988 4802 4660 7252 3232 7067 6152 1946 7635 6415 2871 3054 4322 5765 4049 8177 5358 3369 2950 1340 2480 5575 8886 2506 2203 2055 1999 4092 9858 9396 5622 1319 7566 7531 4427 7700 3376 9406 3498 9613 4129 9280 562 5305 2704 3982 8458 4432 7127 5906 5886 6843 1139 7958 7295 1492 5365 1547 4036 5556 3539 2485 6834 6580 5372 776 1121 2026 3510 9498 4691 646 951 1476 6513 982 3933 9644 8734 5660 9779 3763 8034 6753 6012 8351 3750 1495 8102 7243 5830 9148 3654 148 10192 1879 6039 1407 6967 7247 5547 2013 4960 6772 6326 1756 9183 9702 5165 7224 2579 3679 9106 8640 944 6874 4029 9692
227 273 3655 7892 3085 7164 10139 282 9017 675 1395 486 6918 4280 4426 5550 1822 5234 1326 7415 6053 4358 8378 8585 6395 1050 3129 3483 1785 8919 8376 2920 5478 8065 2702 2797 497 3506 2764 2976 2183 2294 1446 88 2432 5574 7974 8313 6801 7908 183 1479 8955 8211 5602 9946 4675 8614 5398 203 6983 4640 6610 4163 5015 6075 10072 6724 3747 2084 9670 5920 9321 501 9383 2889 4593 3037 9317 6638 3454 9689 2587 6276 3323 1813 5070 8223 3328 9370 2522 4991 4676 8150 1207 3285 8544 459 9897 5982 8187 8831 1504 6310 4657 4610 1302 7658 2336 8520 3464 7114 1339 9757 8494 6319 3520 5303 8423 8926 1310 4410 6001 1942 209 4125 806 10037 8880 1004 7602 7818 6978 9027 4837 332 6564 9307 4941 2837 9968 3944 4109 3013 1226 1364 3413 7010 8944 10035 7890 688 9567 464 4949 2476 5743 3141 1036 9434 6686 326 3384 6625 5698 4167 300 1351 37 2383 5910 8191 6942 1458 5917 1179 4746 3255 1650 3967 1843 3843 571 5676 9999 6556 3590 3706 6484 4020 5720 3177 3814 8785 4229 6516 9235 8061 1117 5250
6374 10013 8811 9998 5798 71 8772 9599 1314 1934 10023 2358 779 7294 3950 7087 3371 292 5109 9653 6029 3816 10036 1524 9204 5702 4644 6103 3051 6624 5430 4028 2078 1259 7623 2574 7953 5431 6647 3874 6785 8936 9012 6442 4136 2112 6621 2547 9920 1826 3678 1070 1222 4484 7652 5821 10063 7014 1573 7485 7766 8067 5593 996 9113 2125 654 5326 3711 275 5912 4645 9418 6133 5039 5835 45 64 4255 4638 1433 8148 8857 1443 8258 4344 7825 3131 1142 7234 8780 6694 8222 9136 8219 7759 3524 187 9735 2957 4605 5900 7570 380 3503 2382 10124 2035 5585 3146 4132 2749 389 5308 5016 3268 5352 5306 589 7768 8084 6130 5842 726 9350 6985 966 10027 1642 3409 5958 7090 9309 1161 8794 10155 1763 2423 1290 8306 10115 5427 805 7066 7392 7930 5775 2904 2821 5251 3770 9374 9911 1143 4466 5517 9910 719 7040 1309 7024 7738 9003 5890 9759 7999 6460 9246 4851 60 8366 4454 6118 3859 5981 5178 1205 8259 4362 22 3891 6004 6855 8336 6480 2510 1836 8812 1556 4414 6509 7580 63 10031 9228 9728 3883 8598 5537 8247
1428 2338 3192 2693 4306 10067 1706 1874 5466 3389 6950 9410 9931 7576 8825 67 2305 5215 1717 9331 4070 4157 2242 8297 873 4482 7158 7925 3736 6795 2533 5448 7213 1421 749 372 6493 6406 8023 8654 4211 4091 5227 6376 7416 9300 9739 997 2459 1820 3657 421 1981 6905 8246 5377 10196 529 7920 4096 5245 4144 3275 8604 8694 5257 8961 9037 6363 5150 2161 7867 4700 5152 2008 4052 1263 3478 6701 4996 2636 4543 8126 2099 6163 3362 9564 6587 1206 8687 7315 7451 1803 5540 5082 9124 3751 6398 5960 9771 8115 7611 6027 10126 7377 3980 7855 7568 8273 8202 162 1072 5687 9413 1422 8337 5256 2751 7414 9977 2019 7715 5253 2597 4910 524 4393 10040 9575 658 5204 1911 5097 9734 4364 9709 5129 9128 3107 342 8135 4076 3300 21 8913 7431 5195 7409 5601 1661 310 2273 6691 1297 594 8447 769 1848 2876 6040 5641 7240 1020 427 250 7371 6821 8140 5445 2205 8872 6973 928 968 7231 1520 2146 4349 5170 4875 6364 701 5507 1230 9480 9586 4016 2945 114 4909 1208 7781 4637 4734 6637 5275 4608 9323 9969 9429
8102 7243 5830 9148 3654 148 10192 1879 6039 1407 6967 7247 5547 2013 4960 6682 5092 2992 4852 7760 7943 6077 195 2352 1829 4915 7049 1851 3707 109 325 5469 5965 7133 9184 8855 6569 9770 2392 4140 702 8040 6104 2593 8821 6695 3021 3725 5139 4743 978 4487 5608 9656 723 10025 2971 6468 8747 7538 6270 5329 2095 2445 9572 8701 6945 7865 8705 8601 3305 1916 1913 9412 164 8402 3204 3366 438 9357 955 9540 6799 165 5777 8002 8086 2139 8414 754 6572 7784 8338 2323 5422 8765 1341 8766 2138 4762 3684 68 4236 7308 4481 3968 8323 3806 2626 5637 2450 9747 5009 6735 765 10059 4304 9140 1764 493 9181 4582 3607 3006 47 10042 8888 763 7778 2627 4551 9789 104 750 3370 5825 9316 3033 7271 8656 498 6162 10187 2952 674 2419 9415 835 1243 7913 2380 6835 7403 2213 4548 950 8826 9665 2353 506 4586 3445 2310 700 5175 613 725 1294 1697 7062 3335 1736 1471 5185 7492 314 697 3264 5614 609 4526 4123 3211 8756 1555 9828 3150 8716 4878 1752 3225 7101 8755 6085 2116 2158 4328 136 8439 4284
1097 4401 10116 3410 10086 5322 2535 9438 5287 4320 3130 3167 7122 17 6593 4968 1844 5286 6718 6997 4931 2748 6737 555 2768 9219 6677 4189 8553 4669 7278 7819 9829 5220 8934 5399 4425 3558 7524 6204 9515 3575 4327 5600 9783 3952 8274 6064 4292 4483 9121 6072 7349 5040 10088 896 6365 1316 8058 7484 394 1980 7232 8298 7121 3024 9927 9039 2743 3685 5870 7533 6535 7320 8253 5557 1568 7058 7300 2276 168 4293 9833 3966 7798 7047 4777 2403 5166 3294 5824 383 3083 6544 2885 4585 8658 6385 3495 1544 10066 3233 7322 4779 9721 2156 5827 1276 4394 801 6453 3061 6140 3036 947 253 1773 5205 8617 2077 6351 4887 4890 9963 2611 5819 4468 9240 8448 2999 1672 6667 9859 4867 8461 4107 2752 9976 8916 6802 9326 8495 691 3212 4656 2555 5769 7832 2762 9556 8624 5959 8573 4718 2253 8970 1280 2558 2915 8397 19 4598 5865 5344 6594 5549 6126 2201 331 8771 963 5970 5451 1077 8788 8275 7193 3514 7726 3855 5762 6291 6047 2519 5831 3491 7005 7861 180 9918 2997 7151 4090 6903 9164 6617 2363 3224 7520 9916
10137 5380 4479 9497 8568 1648 3582 9250 8937 2884 9248 9436 5877 4406 9713 5820 6984 2786 7928 1367 4836 4110 2701 4880 622 9776 129 4252 578 4606 3612 5740 2905 93 7261 3813 2771 412 8152 7717 3372 1610 1125 27 3485 5260 4185 2962 2603 9967 5099 224 6738 7186 7194 6652 7502 9873 8539 845 8329 2092 2282 503 3476 4088 3158 3270 4062 2695 2831 6546 7419 3628 8398 602 8770 3892 7545 8597 400 8154 821 1229 6177 8283 9178 7355 8853 5915 9749 357 7123 5391 1076 2745 7091 3063 1627 2190 2734 5486 5085 9170 2983 5932 406 3900 6596 188 6969 957 4760 1883 7675 592 5757 8507 1976 6864 7899 7015 510 9850 1255 3468 5666 2176 2144 7037 2812 7882 2003 5799 9310 5053 1023 226 5839 8497 5028 2258 792 8577 3242 9908 6227 5664 984 4796 4101 2473 6639 9617 2585 2483 1873 4357 9430 4510 9688 1809 4184 2500 7666 9353 6497 1113 6149 8446 2232 9834 1728 9313 5216 4204 2930 5423 4075 6353 4051 9322 8270 6496 9076 3928 44 8480 817 7933 6499 4705 4911 8406 1041 3216 1266 7275 8673 1771
8101 10097 7686 449 2985 4412 3504 3636 4174 527 1770 2700 5262 7118 7783 1337 1928 327 6849 8043 5437 4066 2456 4408 3647 2705 6559 3451 5014 5158 3928 44 8480 817 7933 6499 4705 4911 8406 1041 3216 1266 7275 8673 1771 5252 6042 628 3089 5927 7304 312 2320 385 5229 6507 8035 9297 8260 5888 6938 4664 3114 8703 8688 127 4893 245 8602 6777 2408 911 6923 659 4924 4333 144 2141 8304 3350 7479 7026 860 1040 6095 2499 6146 7205 1549 3976 1671 9577 4840 1881 2727 6024 1030 5196 10005 10167 6533 1907 7965 344 3809 7854 8364 4387 3 5349 3248 8047 2614 1467 4268 8524 981 5789 9957 844 283 4885 2163 2552 2109 1304 2691 979 2075 5 2234 3591 5570 8782 4731 6831 9369 9253 1633 1332 5346 7139 2669 906 4860 1645 6839 4469 3374 1505 4309 3184 10075 111 539 4729 2304 4621 3860 8651 6975 2583 7637 2591 1213 8443 8248 10096 6432 992 272 9401 2180 7569 8700 7628 2032 9441 1668 9023 2413 1405 6469 9608 8166 9355 3579 9274 131 2189 9233 7564 5006 2464 516 4626 1268 8333 7230 26
5846 2466 3347 9880 4498 9758 2854 4613 2595 8234 8709 6142 4765 1164 7586 5487 2136 6191 9686 8864 8868 2805 6210 7167 565 4768 202 6368 1470 696 8057 25 4944 7192 7298 4873 5747 7731 2259 3650 3214 9551 7277 181 5887 5997 4648 8845 4281 1808 4509 1214 6347 436 6479 2321 4766 6935 5861 4628 3348 6988 795 945 7668 7972 3106 8996 3605 6145 8335 9884 8380 5914 8824 281 2528 160 8389 4024 5199 4594 6408 6025 5737 3773 1715 6804 6448 5155 9820 6175 2315 854 849 814 10002 4494 1856 3871 8933 862 9494 1646 10049 485 1152 5576 3603 9249 7276 6814 3749 6944 5837 3170 1174 6195 7788 6615 7591 4853 5374 4003 7881 3140 5176 4478 6909 3351 8883 2216 3008 5290 7023 7973 2135 6489 3803 9626 8722 2185 4467 7687 3182 6297 5201 3272 1242 742 6295 7076 398 6818 2104 2350 4903 5773 6632 2391 6414 7868 6322 7851 2916 7259 6651 3296 6543 8801 2793 5587 287 561 5119 6023 5259 9423 9624 6199 6059 9892 6296 6870 2863 6341 7939 3181 7678 2784 9690 9473 1953 6585 6209 3793 3095 3295 9795 8518
211 1723 2484 3487 4359 3240 6279 8325 4434 4671 9006 3555 2581 1893 2123 886 4815 9278 8707 4578 9162 1519 5754 4814 7491 932 5860 7353 6071 3249 9968 3944 4109 3013 1226 1364 3413 7010 8944 10035 7890 688 9567 464 4949 4819 9032 6056 2633 1028 2527 6961 3700 5499 213 9 1882 8472 147 8054 311 3544 288 9116 10113 2462 30 375 2511 303 4514 2238 5573 6521 4237 2687 4460 604 2708 335 3340 2715 5968 323 6444 7242 8493 1472 8659 1800 9492 378 9268 5552 4258 1412 6117 8708 9558 3704 6136 4592 8022 2505 8958 5297 6144 1315 1708 9214 115 8909 8254 9224 8012 8875 8753 5068 2437 7902 7880 1317 582 7381 3648 1494 3179 3796 9196 1156 2653 3625 935 7138 3923 3527 9628 6346 3782 1938 2198 7324 8326 402 7098 6044 9043 10010 8749 3824 9848 1704 9997 5700 278 7316 4741 2452 1561 899 6623 1138 6591 7996 1460 7292 752 5545 1941 491 1014 6354 1782 3455 2817 680 262 7516 5277 9469 9680 6971 717 3758 4475 9809 3890 9192 8256 9555 7769 2724 1730 7816 7459 9679 4220 9517 6898 3380
2476 5743 3141 1036 9434 6686 326 3384 6625 5698 4167 300 1351 37 2383 9809 3890 9192 8256 9555 7769 2724 1730 7816 7459 9679 4220 9517 6898 3380 7092 9705 1203 9942 205 2113 360 5843 985 8357 6236 1198 10014 3437 924 7607 1705 4560 8332 1834 3034 10156 6778 5378 5345 2066 2851 3779 284 9768 1127 5859 1154 1917 9349 3832 6600 8042 2759 1517 8901 7560 1597 4042 6887 9145 9029 5454 5561 6890 1377 9744 6714 4937 3077 2330 8213 907 9507 10197 3234 8440 3924 684 221 1688 10111 94 8027 10149 2973 6091 7160 308 4453 2655 6352 1527 6510 9818 9222 9340 7068 7367 7181 8974 3692 2300 8528 8076 1166 4761 2058 618 3870 4451 5559 9579 964 6954 2417 4784 2228 3602 9294 8530 1796 5553 6073 4135 9390 620 4902 5289 4990 7045 8711 1909 3329 8813 2298 201 8672 8727 8488 4253 7103 9360 10053 7764 9210 5210 8044 708 2651 7144 5336 8079 550 8007 2155 9979 3584 5019 6206 747 9945 6644 941 9894 683 4559 4703 4897 5989 10140 411 6380 8689 3260 6046 3886 2602 9197 7937 5314 2409 10020 408 753
8722 2185 4467 7687 3182 6297 5201 3272 1242 742 6295 7076 398 6818 2104 9234 4922 9275 9798 3999 4740 6863 5909 1654 467 8680 3326 7859 4375 1925 5285 6956 286 1595 3774 7218 5572 3427 830 1761 6217 4495 587 7143 5284 10175 10101 1579 1548 7382 7779 5432 3395 4069 3458 8193 3030 6791 1912 5497 4733 407 2859 2680 9852 1924 6583 6101 5689 6917 9655 3798 217 170 5941 5812 9683 2235 6783 1307 9844 9160 6214 6338 3386 7175 2127 5505 5659 7862 7435 7842 7283 3434 5544 3971 5706 6730 5961 4916 5078 9251 2280 9536 5330 2381 6611 6336 1644 6034 5103 5657 9591 6307 1780 3789 141 7691 574 980 5141 8877 3753 7981 5734 2649 2170 1244 4345 740 4952 7330 6425 7436 8736 3332 4485 1861 5183 7141 1775 3572 714 5955 3794 4816 3719 8898 1384 8145 82 7284 6986 1112 2900 2490 6522 5724 5226 3091 10084 1349 3029 6465 4555 729 2820 8761 9456 9458 5800 878 7379 9701 7029 7674 6198 7212 5172 5722 9738 6403 7809 2093 5668 48 8870 9158 667 5935 2463 10009 1238 8637 2062 9126 2217 3025 5237 2608
452 8473 7519 1626 4171 5712 441 942 9299 8388 40 8322 2644 7810 2628 5910 8191 6942 1458 5917 1179 4746 3255 1650 3967 1843 3843 571 5676 9999 8135 4076 3300 21 8913 7431 5195 7409 5601 1661 310 2273 6691 1297 594 6323 3318 6202 2814 8793 9302 5384 9231 3681 3467 1129 4242 3052 5361 9270 7692 1854 7142 9585 4649 3363 5173 3867 128 5770 6282 8644 730 2545 4710 3421 4019 3664 4673 3046 3303 9382 6021 1434 1361 4080 692 1478 9417 5312 3423 786 1092 2685 1360 816 4424 8876 7069 869 4065 2670 7363 1676 1388 2376 8237 3556 6405 8669 1991 5643 7598 8918 6656 7887 9443 3996 7496 4989 9096 3231 10128 1176 2215 446 3528 650 10146 8374 1936 5207 6035 5057 2429 6926 8844 3748 2938 9171 9485 7477 865 9445 4522 1744 9831 9499 6349 1797 1430 1910 8596 5897 6074 1823 254 6436 9571 6069 7105 9640 3671 5665 6540 1918 532 2635 6461 1098 10069 2913 1481 2601 2431 8991 3133 7150 4627 8510 3258 8972 4701 5163 3785 7989 2028 5058 2395 6633 7582 9505 10039 53 6426 3844 8118 833 7256 8300
110 1065 5108 1385 748 6748 219 3304 1016 3972 2568 1863 5626 4059 7119 8447 769 1848 2876 6040 5641 7240 1020 427 250 7371 6821 8140 5445 2205 1977 10092 5452 3262 4979 6019 4561 4563 595 6741 3105 9578 5639 9509 7932 5642 4225 477 7442 1666 3352 5045 6237 4084 2461 2492 10189 1329 6302 3496 437 1776 5151 962 3761 6548 8682 551 3542 815 9727 4355 3023 10153 8360 6178 4570 10108 6723 7703 7944 871 3675 1162 5493 349 8291 9877 8710 7749 679 4965 5625 2822 9504 235 4210 1731 6443 1864 5916 6160 453 3765 7817 9011 9502 7299 9527 3321 6501 7986 1805 7993 39 2247 1336 2050 3935 5931 7357 9765 1576 1269 9359 6811 1702 5950 8858 322 1853 2730 608 6090 371 3885 5504 8847 92 4838 4234 6400 6538 390 9067 9263 3895 8809 7016 3714 9414 7375 7458 10119 6595 8632 2613 9114 4891 9288 8768 2257 8006 5707 6999 2243 4141 4895 7166 6557 6357 7872 9048 3904 7513 2652 228 2021 291 2488 9154 927 1099 2211 7767 1038 5538 9496 2327 1115 9194 2303 2890 5481 1973 6070 5412 9220 5107 741
9295 1462 391 3100 5682 3665 3942 4824 5243 1055 2982 3702 799 5796 8862 5517 9910 719 7040 1309 7024 7738 9003 5890 9759 7999 6460 9246 4851 60 8872 6973 928 968 7231 1520 2146 4349 5170 4875 6364 701 5507 1230 9480 2155 9979 3584 5019 6206 747 9945 6644 941 9894 683 4559 4703 4897 5989 9168 9604 5194 1429 5983 2792 3953 4983 29 2925 7734 9629 9576 3257 5852 3642 5597 6318 8829 4738 8551 6242 1743 8646 3398 7093 7583 6005 9740 442 6577 8582 2339 6856 3585 4855 2457 353 5725 3223 2639 7633 9468 4771 2449 1245 336 2043 5122 8195 507 9636 8610 4034 1758 10122 7979 705 9066 1960 6989 6837 4300 9693 2285 9984 8051 5946 4378 7395 7272 6692 9601 6246 5446 7708 8451 5102 2117 5875 2566 4230 7821 8745 6558 61 8695 6840 7525 240 172 5444 3377 118 3729 5056 8851 7217 4517 2160 6009 2229 1846 9938 8097 8618 9941 4118 5492 5235 6174 2230 7589 6463 9824 8554 10161 3521 14 5271 3092 1007 3383 9166 8063 5363 3183 715 7360 3812 1468 4103 8712 9729 8706 7995 4728 3606 4804 4139
9379 1598 1334 6245 771 2819 2940 9020 8353 5004 3466 6165 3827 2295 319 950 8826 9665 2353 506 4586 3445 2310 700 5175 613 725 1294 1697 7062 8970 1280 2558 2915 8397 19 4598 5865 5344 6594 5549 6126 2201 331 8771 6357 7872 9048 3904 7513 2652 228 2021 291 2488 9154 927 1099 2211 7767 8616 1039 1051 9290 959 2600 6241 1175 3699 7969 6751 3074 9046 8894 7793 5315 1989 5160 10061 9827 8790 9387 122 8850 1177 4323 9658 9058 1922 4787 1720 934 1588 6728 1725 1762 4011 4476 6135 2115 2507 7115 1777 4418 7235 7427 9367 5338 1964 46 9802 4550 6452 6914 905 3731 3431 5949 8024 8714 7274 6680 3265 2703 2717 8240 2171 8699 3007 8874 3988 9816 7926 831 6476 7844 5804 7540 2781 937 2097 5611 5130 3825 7741 5153 864 1187 4950 807 8359 9173 9677 9597 8691 7562 343 1923 1210 8948 6970 5930 9495 8899 4356 3643 3573 7792 7670 9815 7462 2754 120 5672 9084 1328 3815 7052 1381 2942 7518 1600 2199 4083 3408 621 3274 9501 8938 1136 8846 5449 3930 9774 9905 6582 5566 8783 51 2699
1132 1835 7625 9643 6264 3797 5008 3205 4181 3979 3143 8675 2570 772 1414 8366 4454 6118 3859 5981 5178 1205 8259 4362 22 3891 6004 6855 8336 6480 963 5970 5451 1077 8788 8275 7193 3514 7726 3855 5762 6291 6047 2519 5831 3297 3342 8163 4235 1126 8418 10129 5337 3429 1252 7532 3361 755 2990 1518 4099 2425 3568 6810 9676 2714 5075 2643 5692 9254 396 2716 1565 9664 1185 6960 7982 6702 3315 7044 6994 2281 8355 721 7389 5783 7729 793 2775 9971 1373 5079 2914 299 7057 775 4799 8314 3978 1015 4496 8726 6628 5212 3190 4055 6194 38 1141 9205 3062 4681 4380 8922 4142 1486 8784 1699 6865 9710 9662 5168 2411 7135 4442 9846 4500 2015 5670 7287 1456 7682 8668 5980 4618 5947 6919 8470 1010 4260 3925 4862 781 8533 9985 1974 7450 6367 8953 9896 2427 212 6063 9590 6125 2220 4856 2312 4589 6788 1811 4781 5392 8072 6097 7594 3397 7964 1986 9726 8516 9015 2469 6900 2002 693 10186 5298 8174 1939 6316 2348 4137 2081 9153 6076 7060 2755 6757 828 9521 9875 5838 8697 9427 1904 6505 1532 3111 9040
7493 7182 770 704 5072 840 9223 9588 5484 9513 3541 7104 9088 8717 8133 6556 3590 3706 6484 4020 5720 3177 3814 8785 4229 6516 9235 8061 1117 5250 4839 7694 7226 8764 547 1119 9708 8627 8073 10052 8016 5477 3766 6168 9867 2290 6171 2467 6732 4275 5535 8989 588 2674 2532 8702 669 3163 2347 9122 7631 3436 7758 2981 585 1740 5046 2539 4231 469 7539 8301 8977 2390 5679 5459 424 3261 1493 9452 3830 4749 8111 2164 5656 5787 1959 9281 4058 6423 2105 3837 2255 3686 8199 9007 7587 1235 1985 2713 9361 6156 4665 1250 9854 8294 8519 2102 2324 1759 8683 7468 8779 6293 2899 7970 1867 3507 7499 5208 4259 6062 6215 8805 872 2132 3856 6093 8429 2664 8817 1866 9411 2224 6854 8420 3330 8045 8512 3176 7676 9635 15 5222 2520 4430 230 3405 4518 5956 1338 7361 7508 2188 5957 9442 4780 2017 7248 508 1902 553 8881 4744 5353 4276 3241 4546 1994 943 9550 2960 1386 3641 4923 6256 4879 5310 8837 8194 933 6931 2744 84 2541 8690 8382 7900 5868 922 5510 8390 6871 6784 3180 4894 2005 7541 5858 10166
8235 132 1979 9696 2124 1145 1737 3926 847 4571 1670 6663 1675 6344 2824 8625 454 6462 7099 3663 8176 2069 8090 2410 6419 8416 630 10178 2254 1920 1253 5385 8464 3623 7506 573 377 7740 8562 1664 393 6536 6731 7221 3299 8622 1552 6500 6749 9463 1087 2252 7991 2 7905 374 9271 5731 1589 3772 4807 8116 4155 7448 3938 5342 4435 2972 5225 7430 4313 6717 1426 6028 6924 4764 4702 3336 3402 381 891 5940 8379 2388 9909 4507 9259 6630 1344 8284 1128 6166 6317 9185 3863 894 2442 3502 6116 8393 7975 4587 1134 3159 8723 9878 435 4748 836 4651 4827 2096 4868 4970 889 7945 8321 1569 8236 8155 5632 1828 2782 3834 3906 5350 7663 1562 4307 7510 3049 3846 5074 4216 4 9717 8220 5811 9506 2844 4455 784 6394 4841 6844 671 9358 2560 2567 8428 3127 6305 2453 797 785 1988 8387 8032 572 5388 9376 9478 5844 3787 5703 917 7967 5490 4329 263 4343 834 9120 3990 10012 5708 4735 3829 3551 5658 2446 649 5291 1169 8430 5519 8795 9634 1355 2662 7724 2615 5644 8859 9691 1516 4182 9031 8082 8792
4455 784 6394 4841 6844 671 9358 2560 2567 8428 3127 6305 2453 797 785 9339 2040 8586 5104 3118 2671 9047 3217 8424 9987 117 558 8677 2874 6873 5105 4604 10200 5007 728 4661 4739 9433 10003 8841 10170 2865 1596 8873 5898 6915 2503 409 3266 23 1929 1088 7220 5115 2119 1466 7113 2607 6886 4533 2478 4712 5494 9944 1819 5558 1512 3621 2090 6939 4001 6812 4336 8001 9091 8089 2493 913 5463 8431 1949 3970 4530 8170 7487 7685 7578 9238 6003 1047 2778 2025 3916 4072 5938 1604 5274 6932 7227 9291 808 7372 4754 3677 5631 6412 2883 6272 10011 4261 4397 5340 9134 4392 8286 8328 1993 9472 6553 8104 6534 4622 4770 5551 2668 7078 9282 591 6474 1217 1769 5562 5598 5764 1703 3994 3189 10145 3670 6396 1732 4264 7086 4274 4241 3093 6845 9666 9289 7922 7452 858 6892 9730 7043 7156 4680 2491 3022 3899 3807 3732 5238 6653 1638 2140 8308 8165 4347 2016 7031 6529 6081 5035 5218 10182 1685 520 4147 5010 5266 5710 3109 664 7463 6836 2731 5462 6579 2631 5524 8255 4026 6431 2293 7398 9973 251 5548 7321
7634 74 4601 7811 3325 6987 116 6384 3282 6337 773 6920 4170 1878 2710 2307 4632 9912 10198 6420 1277 1082 3202 6327 4119 223 4633 4569 521 3284 9195 5967 576 8119 7009 706 3404 2240 6568 4159 2623 1608 9227 3210 2470 6105 8426 1753 7200 2241 1700 4972 1987 5405 6531 7225 4199 9543 1690 1053 7799 6552 8839 8836 5851 868 6520 4389 8633 2657 2573 2460 9792 9030 4272 5560 8483 5211 8100 1824 3172 8056 2373 4315 4121 6314 8583 9632 3696 8816 5500 386 5495 9416 4921 2953 6108 7106 8642 3472 1543 5232 1583 9256 4413 7082 2268 8180 5924 3149 6231 4786 7051 7833 4133 7573 43 5750 7310 1679 4670 9082 617 5482 10164 5688 4303 6397 9068 3139 2933 3672 2989 6233 5726 5616 4758 7208 9707 16 5809 3617 4134 8083 2526 6491 5050 855 7530 3949 9500 9959 5645 3574 4017 514 6451 1951 8346 177 3486 6993 9511 1931 1195 7683 7640 897 9402 6588 4404 8207 4642 7464 5013 2963 4472 1049 6427 306 2975 1593 4176 6937 6965 4519 8897 10193 843 2867 6008 4580 910 777 2993 1056 8951 8186 4581 1123
2350 4903 5773 6632 2391 6414 7868 6322 7851 2916 7259 6651 3296 6543 8801 1038 5538 9496 2327 1115 9194 2303 2890 5481 1973 6070 5412 9220 5107 741 6076 7060 2755 6757 828 9521 9875 5838 8697 9427 1904 6505 1532 3111 9040 2277 5943 6249 8599 903 7027 3237 4396 6106 2978 7153 6067 8833 8139 8581 8144 6574 1410 9584 3219 3136 2923 6991 2301 998 2722 3876 6648 6115 77 1686 3959 6068 768 1402 1411 7948 6488 10199 1531 6755 6901 2773 6428 8318 3708 5174 1838 7593 9470 9146 3164 1109 1658 2059 5791 4459 6640 5781 10094 2838 1944 2988 3986 1542 2836 1027 7761 7866 5167 9324 7935 4849 1709 10034 2616 2756 6011 531 4964 7165 422 9257 4809 1233 4087 2908 4295 5612 9481 8342 9746 6248 9785 1584 301 3674 6285 6642 351 8557 7211 8776 6372 1880 5511 3901 7546 7722 9943 10131 1798 2847 744 6247 1778 3373 7311 1582 7350 4558 4751 9871 710 3760 9538 809 7489 1427 8403 7774 2888 3881 3418 10143 2368 6635 9341 151 3327 8233 8411 9787 5741 7800 428 1749 8037 4299 7061 2122 5528 3345 4319 6958
1988 8387 8032 572 5388 9376 9478 5844 3787 5703 917 7967 5490 4329 263 5002 1742 8508 8138 81 4179 2937 6693 10089 857 1539 200 4117 7845 6859 5413 9801 9778 7889 5182 9408 3213 146 7840 320 3401 2934 8715 4823 2642 6290 3097 1393 5922 5619 9724 4501 6972 1298 9678 9004 3879 6977 6439 7830 3956 10081 5270 2451 6457 9699 9244 2346 1357 5395 5655 6416 7812 3359 5491 4803 4200 5293 1096 9947 4105 4178 8069 8802 10041 1258 9925 11 2799 2553 2308 3865 9175 6964 3717 5059 6002 6381 7251 307 9843 6013 9988 6809 7846 1452 9684 6320 1199 2177 4493 4175 7743 3768 734 6481 5954 6622 8214 623 1618 2120 9286 9639 1870 1105 6088 4904 6896 5164 9853 7785 4756 9786 8251 2619 912 2826 634 8965 6045 2621 5460 9038 2894 4298 5140 534 214 9284 1507 4745 2022 2561 3243 9392 2795 4871 7588 8852 3780 8401 5272 4955 3256 3604 4528 157 7936 870 8818 1631 3307 4376 1034 7497 3645 4547 4060 86 9563 6666 4565 4152 6940 590 1602 4913 2369 10054 5418 8980 1718 1415 7949 8814 7780 605 8019 1614
9550 2960 1386 3641 4923 6256 4879 5310 8837 8194 933 6931 2744 84 2541 9392 2795 4871 7588 8852 3780 8401 5272 4955 3256 3604 4528 157 7936 870 7480 8066 5640 1768 7267 9589 7206 967 4248 1114 5694 9596 9782 9645 6271 552 735 4249 9654 4792 9523 4190 9306 1308 2667 7839 2575 4063 8315 9949 5745 7258 432 7702 10132 3800 2935 1915 9761 7222 3360 6759 5048 880 10024 976 2023 2582 2443 8432 2548 5186 1048 9479 1992 9028 5316 9325 7241 7947 9386 2004 6614 6767 7752 2396 4525 2072 586 6228 4918 2735 8341 3339 8212 9343 3709 3639 6512 4928 10148 8904 4888 6655 2546 9342 1945 5998 2529 1839 1019 3610 8107 1620 5213 3462 8103 8099 5854 2943 8758 7601 4324 2272 2174 5442 5231 7317 7072 2341 1168 9491 7081 7978 6221 4145 7307 5368 3311 121 1075 1501 6683 7080 5797 4822 3482 2774 9964 103 9395 8956 3991 5450 5546 4919 5464 2969 7440 7405 4486 6094 971 2260 1311 1275 9528 7843 848 5081 8932 6897 2562 5926 4999 2394 9561 2024 7736 6758 3479 4143 7356 7048 5382 5419 5324 3790 9057 2266
9355 3579 9274 131 2189 9233 7564 5006 2464 516 4626 1268 8333 7230 26 4486 6094 971 2260 1311 1275 9528 7843 848 5081 8932 6897 2562 5926 4999 7346 3918 5416 12 9975 3861 2922 9453 5872 1031 119 6862 463 6404 8666 4005 4973 10103 1757 7030 6805 6646 4126 1200 6155 1306 6703 1135 6143 9373 10008 9929 5230 3651 2196 929 9898 8162 9462 7512 7617 8606 75 812 5351 4583 9799 5953 4683 2543 2289 9010 6752 923 2261 7886 3690 4635 9743 9090 9354 8409 5156 6893 9206 10016 2868 9296 1171 78 5761 5610 8490 4752 2472 1491 7393 9026 7108 57 6590 3068 1698 2448 5343 6943 9522 5071 1080 9065 2052 7254 10099 9105 3151 2007 1002 7547 6517 3094 9659 3569 1827 5944 8815 2328 3432 1750 6794 5023 149 1374 2197 3228 2020 7794 3624 2076 7280 1204 138 9754 6134 6161 4845 3073 767 2747 3941 2349 7201 1359 8245 10000 6438 6483 1353 9279 2592 6383 4936 8303 2678 6026 7838 4148 6798 4374 2833 3745 6413 9269 624 4614 6267 6386 6992 2926 1059 509 8895 8201 2498 8477 6565 3838 2355 9266 4474 5690
7156 4680 2491 3022 3899 3807 3732 5238 6653 1638 2140 8308 8165 4347 2016 2394 9561 2024 7736 6758 3479 4143 7356 7048 5382 5419 5324 3790 9057 2266 9535 6266 8686 7198 3975 7079 4368 853 4173 1215 1877 8330 8835 204 4864 1011 9904 9857 1930 5853 4997 2047 3754 9466 6636 3292 5425 8501 267 4854 5713 4538 7332 7659 2770 5066 7746 3730 5400 8109 9130 2006 4685 2056 2606 9217 6467 4201 6430 10046 1525 2239 1558 6664 5571 3778 5793 851 8545 9301 5913 6188 266 7471 6041 9637 5978 2398 974 7997 1624 9534 4708 7388 698 2379 3229 3065 4398 7420 2525 9813 1286 9755 5288 1058 6511 4205 403 579 9685 7677 7651 7879 1288 4370 6764 4654 8457 7824 7667 1045 5221 1892 5311 846 4597 1454 519 410 3697 379 4954 6471 8882 8064 4068 1201 5325 3543 9648 4625 9907 7836 1617 762 2231 2815 3550 4311 9193 842 2783 7903 1444 5716 4436 1919 6185 1613 9669 4443 2157 239 541 8975 7017 6260 3426 8048 564 9906 563 6602 4337 2970 4801 4160 8657 242 3099 5719 5091 1137 5061 7954 6832 2502 8481 5808
8233 8411 9787 5741 7800 428 1749 8037 4299 7061 2122 5528 3345 4319 6958 8438 9055 5635 3015 4620 3902 9594 7950 478 4422 1557 5580 1551 1998 3492 6813 3379 1035 1239 7895 8787 9419 10136 7701 9520 7053 2416 5142 3864 1901 8217 4961 134 309 6377 7333 6679 9042 3513 7007 6159 7915 8169 6173 1794 6998 5802 3058 4818 8264 5086 8320 5402 3188 2121 2785 9095 3945 9800 7577 5180 5404 6238 140 9978 6850 3041 4417 6303 607 1211 5421 7418 9421 7744 7223 9372 6550 5474 6838 6631 9141 3279 1066 8885 2521 883 7111 5366 8242 2737 839 4831 1707 1122 4154 1865 1990 9919 9600 2956 8340 8128 2061 694 3387 9156 9216 2284 8505 387 9514 499 3858 6213 6113 8796 8475 3222 2118 9881 1480 3581 1572 4187 4246 5132 8884 713 575 3194 5236 6962 9024 9557 1325 9913 5328 238 3563 1772 1802 5411 3848 8623 1957 7130 1884 8806 5224 7075 2477 10125 2186 5744 665 5055 1074 4677 7696 2760 7131 1554 3286 4124 9565 722 3921 9232 3658 2588 5901 3053 3532 1927 3631 5112 2625 7823 9132 3693 167 8800 5937 6947
6475 2001 3615 6681 6930 5515 265 3992 2550 4704 3156 632 3493 3601 482 2931 631 9104 3441 8029 3378 2565 8289 4713 8095 4371 3536 7645 5921 2372 2082 5684 4342 9914 1182 3215 9440 8120 8997 1144 9529 5476 489 4612 4715 2542 1674 5501 8639 6725 5354 7434 2080 6334 9446 8911 4149 1202 2803 4534 10107 9021 6756 3611 9255 2487 2994 7494 5508 8218 8823 31 1523 8930 4930 7757 297 4464 475 9100 6361 2721 5359 7112 4452 7795 6670 6379 6524 4308 7159 9836 2512 3683 3578 7148 8915 5523 2807 9773 4038 4808 356 3840 1783 1755 7835 517 6477 8626 5581 3367 4521 5999 7096 920 7313 1860 4782 2718 5064 8327 5247 6225 8085 7801 8863 3399 7155 8347 7025 6080 5032 8696 2071 36 4512 8371 652 9741 1825 1197 8272 3854 4562 3564 2054 3741 4679 4407 6057 7004 743 7934 8631 2531 9013 3560 6797 5408 5721 6030 9025 7238 1515 8537 5003 9152 2406 9188 9592 813 8584 1163 6153 6957 6754 580 7705 2604 7643 7834 2397 9716 6211 225 6555 8605 3425 339 3364 5161 6581 8124 10083 9052 7323 7366 3820 761
1057 135 9187 2688 1630 7000 9332 5217 2465 7680 6473 5653 9287 9078 7008 4936 8303 2678 6026 7838 4148 6798 4374 2833 3745 6413 9269 624 4614 6267 8531 9098 2042 4267 9646 9333 6613 8081 2946 6129 1342 8964 6141 9902 4439 1503 1399 6079 9150 8412 5044 8535 1068 4876 9753 4310 2919 6263 2711 3059 6742 2129 2214 3875 4711 1089 1424 5461 641 8737 3523 7189 9784 9842 1475 7306 4215 2142 6739 5483 5265 3828 8931 5131 1345 1982 6722 264 7380 6254 4877 2683 3045 7446 7343 1064 1900 8367 1008 3457 9330 8543 3195 2590 3880 6908 8769 6689 938 352 1528 9285 3547 7374 1383 2130 3477 6375 4150 2697 4794 6963 6309 9403 6332 6193 2274 8869 2265 5718 66 5634 3113 4071 716 2297 8028 3449 7056 9312 2151 9385 2788 7399 1511 3557 5300 3908 8078 9970 6726 3247 8920 450 10019 3586 6366 2087 1131 8282 731 5506 9667 940 6627 8840 8125 6782 611 3954 2746 2709 9276 4870 9796 7438 3927 6605 8410 1541 6147 6875 1167 3038 9622 2617 9142 4844 7290 333 1575 695 4317 9202 7125 4884 4688 6455 3913 6205
2497 10058 9657 3852 7124 1996 8924 7289 6123 8188 1898 2404 2168 983 488 2793 5587 287 561 5119 6023 5259 9423 9624 6199 6059 9892 6296 6870 2863 9669 4443 2157 239 541 8975 7017 6260 3426 8048 564 9906 563 6602 4337 1747 2609 6519 9508 1289 850 8068 6449 243 2227 2576 2758 5065 5951 2813 1663 8504 7490 4942 4057 2012 7351 1172 9808 7917 5878 3080 7710 6495 5106 9756 480 10028 10017 4572 5134 811 7260 4226 5554 6437 7102 241 7507 1354 302 6779 8973 247 4377 1895 1333 4541 1727 3549 7467 1448 5987 1062 818 7281 218 3559 6792 3475 8692 4164 682 7498 237 6239 4726 9868 5976 6830 9548 8281 2412 9668 7804 5778 10077 9870 4104 4971 2048 7616 7059 3104 4981 7514 2961 413 6660 4652 8917 5774 788 4535 62 3381 6889 610 7397 5766 7941 2646 2818 7661 4504 4951 3142 4477 1069 6883 7063 3198 2299 8556 3819 9447 9512 10098 9431 1897 8735 4992 5723 614 5429 5758 6330 7369 1894 6514 6685 354 10065 4617 5233 4736 3116 7755 10171 5836 7185 2309 4031 8131 7421 9399 3517 6458 3635 96
3491 7005 7861 180 9918 2997 7151 4090 6903 9164 6617 2363 3224 7520 9916 8818 1631 3307 4376 1034 7497 3645 4547 4060 86 9563 6666 4565 4152 6940 8549 1450 3565 3320 10123 4297 3801 388 822 5620 6851 244 5123 4383 2733 3390 8173 150 3795 9531 4843 3251 5255 2779 6563 4346 1790 7815 2864 655 6727 4287 1196 5627 8160 9131 2513 6049 1236 90 4967 2537 3324 7400 9545 445 9022 2468 3987 3375 2951 2720 5667 8395 3110 6299 7257 9457 7465 2495 2275 4600 9895 3298 9363 9001 2690 4866 2684 2029 3667 647 8751 8891 6719 249 6418 1817 6707 10106 7412 5788 7565 5488 7253 4421 6051 8674 9086 9337 6929 2148 8307 6060 5583 5826 7116 8008 7558 5779 2769 3833 5567 4100 1905 1677 4416 5539 7600 5785 9541 4798 973 7184 6273 330 4678 9631 4067 5043 191 7402 9318 2578 7137 4089 7095 7337 358 9861 7474 3310 210 1935 1847 192 1223 4064 5434 7033 4800 1018 6554 5118 9424 5638 2540 9334 4948 3638 5148 7762 10007 1 4411 126 2801 9819 6017 3368 4247 4191 8331 1404 5675 6389 5339 2806 5923 7331
2810 1669 2910 9616 2064 5239 4615 3227 3250 6690 3788 10004 6306 4529 3998 7282 3108 3484 8652 7852 4437 4054 7960 2538 5076 4532 8453 8521 9805 9790 9592 813 8584 1163 6153 6957 6754 580 7705 2604 7643 7834 2397 9716 6211 4736 3116 7755 10171 5836 7185 2309 4031 8131 7421 9399 3517 6458 3635 96 7888 8578 780 7178 2998 5971 9649 6407 9375 9609 7877 3716 298 6 5319 638 7911 3447 2063 8370 6304 512 4183 4006 7264 8373 8563 616 1440 5100 1149 5465 8893 6187 76 3481 9182 9137 4497 3356 686 656 1687 6006 7585 6819 3587 3668 9327 1657 443 925 8946 5110 7376 7992 3185 2436 7853 1305 5849 537 5047 4193 9147 194 5157 260 3064 8959 9019 1968 661 6953 6258 5790 7641 8889 2596 6288 8070 7875 4763 8368 8053 6490 1792 825 9083 533 1751 9085 9081 4988 9830 6542 9482 1971 5268 7319 6774 7495 6192 1956 3291 4699 3067 8465 3040 7919 5883 9955 1729 6220 4048 59 3456 105 1301 8094 9180 3882 4254 2554 3984 9582 6877 1696 4448 2366 7826 270 3134 3489 285 3175 4725 2738 7612 6711
2580 7632 3652 1530 5054 1722 977 3070 9607 2192 7486 787 5636 5934 9437 6341 7939 3181 7678 2784 9690 9473 1953 6585 6209 3793 3095 3295 9795 8518 1772 1802 5411 3848 8623 1957 7130 1884 8806 5224 7075 2477 10125 2186 5744 5669 9221 9794 8324 9619 559 4172 9606 7195 32 7077 1538 9089 4291 9974 6007 7649 1063 10176 1489 9674 10064 6262 3171 4044 8540 9518 823 1382 3965 2516 9062 294 1969 8036 3509 2622 8498 7378 8546 1033 5000 9345 3203 8849 5393 5441 7561 6086 3682 7860 8724 3911 8500 6092 1665 2862 3974 8950 8984 2875 6229 3530 9033 2924 6948 2184 5748 6904 9292 3997 9530 5739 733 8489 7424 640 9647 5098 5988 2326 9409 4846 2686 4939 5618 6343 5264 7671 1636 3273 102 3799 6435 4352 169 3341 5969 346 3545 1553 8576 7154 1599 6955 2331 6331 4114 7187 2009 6485 5652 2866 431 9073 7802 2809 2194 8929 10134 3289 7534 9208 9992 2065 5307 7136 4095 1396 2658 7219 8266 5871 3011 4668 2111 7197 7268 2816 8763 4334 2250 4372 6281 8966 2108 9329 1232 1926 6878 1831 1673 8739 8939 6928
514 6451 1951 8346 177 3486 6993 9511 1931 1195 7683 7640 897 9402 6588 665 5055 1074 4677 7696 2760 7131 1554 3286 4124 9565 722 3921 9232 3658 2746 2709 9276 4870 9796 7438 3927 6605 8410 1541 6147 6875 1167 3038 9622 9841 10185 1788 5458 1299 7646 1012 3001 9533 1635 3394 3218 3609 6825 1469 6253 993 2399 4325 7417 8550 6470 3822 8744 2089 10142 7883 8496 6218 2306 5529 988 7884 7732 8547 926 4021 4041 2777 9549 9050 3756 3552 803 8363 2359 3154 1380 4905 1220 7383 1261 1224 8161 9404 4775 7951 7718 7041 3027 1093 1379 7262 3929 4865 9348 1370 1032 5457 7070 7527 3101 3845 3314 6827 7249 8732 866 3660 1837 6020 5433 8252 4829 2887 3201 4925 8506 7850 2318 3599 3850 9574 9258 52 3836 3187 2256 10118 4046 4367 5863 3220 198 6776 9519 1534 5209 8062 2648 2322 2094 6284 4929 2149 2361 1719 6038 7544 7747 7042 5729 3810 8526 6201 5699 9356 1514 5834 429 597 1431 7542 8149 7822 8954 690 2356 3914 8797 4537 2162 8754 10080 3235 5037 159 4360 9939 4567 7504 2367 10105 1257 6486
7966 4993 3254 8848 3115 1840 8993 83 9080 8661 7443 4874 4945 9936 4286 6772 6326 1756 9183 9702 5165 7224 2579 3679 9106 8640 944 6874 4029 9692 4800 1018 6554 5118 9424 5638 2540 9334 4948 3638 5148 7762 10007 1 4411 4537 2162 8754 10080 3235 5037 159 4360 9939 4567 7504 2367 10105 1257 6486 6176 4639 9930 7613 9074 6333 676 4245 9934 6127 2902 6000 3319 373 8634 6358 1024 2832 8978 1170 8172 3646 7065 4120 7657 9627 3757 7693 4127 5526 7581 598 1181 1150 1714 7404 4850 2882 3634 8396 2594 2236 7362 9243 457 4806 34 2968 1508 2698 8137 1629 4077 5080 7352 7038 7291 804 7556 290 2941 6916 6409 3009 5756 1962 1296 2154 7955 890 7789 6065 2823 6031 6549 9486 8838 2586 80 5335 474 479 5387 9138 1978 6275 5292 504 3443 3020 2433 10043 276 1611 6454 7927 9650 7209 1335 5447 593 7028 328 8112 4694 6674 4271 560 6445 4609 6668 4045 9267 7626 4607 8455 97 2210 9950 3010 3905 9371 5480 953 6362 1312 8268 3267 6824 10120 9247 1845 5137 1193 8052 8957 5727 10073 4027 9070
554 3826 6259 2208 7976 9937 395 4590 2195 4544 6912 5962 3459 2632 7590 2510 1836 8812 1556 4414 6509 7580 63 10031 9228 9728 3883 8598 5537 8247 3335 1736 1471 5185 7492 314 697 3264 5614 609 4526 4123 3211 8756 1555 4334 2250 4372 6281 8966 2108 9329 1232 1926 6878 1831 1673 8739 8939 6928 2917 4998 7521 10110 2647 5031 1451 3769 2791 305 7554 1365 1712 9439 2420 5309 3055 2787 3453 9832 528 5841 8108 6055 5885 5876 4946 2286 2360 10147 1888 8832 3969 1625 4073 8167 6250 7384 9260 7408 3123 6789 9123 7929 3595 5219 4755 7003 7985 1159 904 7737 9191 6207 10163 7679 8421 4636 1632 8865 6700 10173 536 5975 5911 1464 2987 6761 5509 2246 3168 6158 6387 8775 6208 6109 8309 9079 10048 3166 1585 3566 5813 10085 1081 4113 8720 4655 2344 4014 3762 5584 481 1533 9901 2226 4706 2839 10159 7302 2572 1509 5357 9845 9063 584 3244 2039 2858 7537 6370 10177 7354 6781 304 7336 8830 3512 2479 5052 8441 4312 819 2169 4243 9303 7501 1498 10001 5772 4053 2070 1265 2618 3694 758 9273 6974 2645 405
7989 2028 5058 2395 6633 7582 9505 10039 53 6426 3844 8118 833 7256 8300 9539 7483 9610 6278 6842 7083 6048 2482 434 6054 2182 5473 3193 1886 1151 42 9428 6607 4301 1490 2977 8879 376 3853 7615 2340 4759 269 6860 5818 9865 6110 4889 8383 6502 3238 4934 6450 3435 6715 8667 10060 365 7128 9212 1219 5966 9887 1158 7006 4330 1577 7162 10133 1403 3727 3839 8093 9642 5568 2877 7610 4440 5948 2740 8660 2870 6494 4196 2068 4415 711 6515 4195 5905 2173 4429 1858 5615 9623 8629 7555 8969 277 9362 4433 3907 123 7509 1419 8871 3637 6183 4985 363 2610 7285 4650 8088 4445 2549 2088 8311 6313 7002 2134 5862 5011 4986 9781 9277 458 3540 7229 10029 5029 185 651 3735 7837 5321 196 6315 6922 7110 348 5579 3786 10087 3078 1184 3047 4520 4224 2725 9261 4002 538 1653 8982 8728 5364 8713 9714 4935 2564 5276 6571 774 7326 3050 3903 9151 4047 3098 101 6200 3317 5697 5816 4373 3649 4912 5892 8927 1264 261 3529 9995 3947 6308 2776 9763 1868 543 1781 6131 6240 7893 9933 4270 6312 3622 3851 1914
6032 5751 8649 4390 737 1693 6084 1417 5613 9573 8263 4714 4892 4847 6941 9960 5295 3334 3576 1318 6750 709 4470 4926 3278 757 9704 4588 7805 8679 2588 5901 3053 3532 1927 3631 5112 2625 7823 9132 3693 167 8800 5937 6947 8728 5364 8713 9714 4935 2564 5276 6571 774 7326 3050 3903 9151 4047 3098 2458 9837 1678 8781 5024 4696 3508 1965 8445 58 3162 8010 5784 4257 1607 3287 5599 4206 6283 7548 8967 9625 5254 643 6959 315 9697 3057 3081 6151 5624 4409 4385 6775 1278 8106 1713 5767 6052 4527 7478 4012 2426 7318 824 2044 4573 3358 9448 518 8182 4025 8593 6401 2659 861 994 3042 1739 3428 9239 2106 8059 324 8026 3857 567 1140 6447 2728 712 6698 1849 989 5127 1948 3448 8249 5371 5736 8361 2474 3776 881 3743 5952 9242 2051 9835 3600 8055 9008 9695 5331 6927 4238 9407 660 3695 3087 9862 5362 6858 280 341 8080 3593 9958 8907 1320 1724 2855 5709 4984 3119 1107 5496 9186 10190 5203 10095 6619 3580 8391 9069 916 5992 460 6629 800 7803 10006 1887 1510 5693 5589 3872 9108 8733 6089
5126 668 10021 7841 4833 1502 8231 3465 4282 8514 5128 6649 222 3951 7656 2490 6522 5724 5226 3091 10084 1349 3029 6465 4555 729 2820 8761 9456 9458 7031 6529 6081 5035 5218 10182 1685 520 4147 5010 5266 5710 3109 664 7463 2970 4801 4160 8657 242 3099 5719 5091 1137 5061 7954 6832 2502 8481 5808 9661 153 197 3715 4566 8541 8527 7088 8503 1106 1634 8316 7161 4662 6482 6665 8594 9049 7444 2804 1249 1260 6197 3060 1001 7772 8181 8229 2237 8215 6740 3075 645 9157 1830 10 2829 3132 7597 4010 1124 5633 4111 4882 6124 2571 619 2732 5191 4859 9723 3728 3005 3191 6255 2435 461 8471 2267 9107 3964 3126 7994 5717 8952 340 4166 6746 9308 4348 2010 6139 1231 85 6018 1691 6487 6933 3147 5036 8534 2853 1496 2218 2886 8757 9044 7704 6066 3252 8887 1285 3474 9581 7898 4995 6736 2949 10160 9863 931 6662 3032 3145 4000 8129 2401 8491 1641 3511 3616 4146 397 364 3396 2447 7244 2944 7847 5907 3804 2912 6684 1746 10045 7207 3841 456 10050 4314 8612 4769 6043 2145 5654 4018 4789 1009 6150 5403
5513 8074 4869 3759 8983 1147 7553 8344 6869 2605 3752 3288 1786 2337 9493 10140 411 6380 8689 3260 6046 3886 2602 9197 7937 5314 2409 10020 408 753 4343 834 9120 3990 10012 5708 4735 3829 3551 5658 2446 649 5291 1169 8430 4404 8207 4642 7464 5013 2963 4472 1049 6427 306 2975 1593 4176 6937 6965 859 3596 490 7145 8485 3412 794 6268 1806 8746 5414 3144 4219 5084 6226 9127 1695 3082 3962 359 6817 3152 4634 9489 1085 3017 4933 6036 5101 4707 9393 6769 7599 1683 5867 3869 4772 7828 8050 6894 9712 6946 3701 7707 1616 6716 6287 2726 1394 7179 778 10055 1148 1908 8071 9365 8866 6203 720 4022 2584 3915 1445 9460 900 2750 1970 6478 9660 1110 5162 4093 6393 6770 6230 8525 5803 7203 8033 1955 124 494 3739 7476 798 10044 3516 1054 5522 3847 2761 2995 7176 2640 6604 108 5822 10174 268 4914 3269 6608 3755 9681 1397 3734 9209 1241 3537 9351 1667 8513 2954 5621 9886 6523 9849 8197 3505 2918 178 7039 8949 2675 156 1899 3422 113 8565 9381 3932 8469 9304 3673 3898 9432 8559 783 7173 9922
9828 3150 8716 4878 1752 3225 7101 8755 6085 2116 2158 4328 136 8439 4284 5800 878 7379 9701 7029 7674 6198 7212 5172 5722 9738 6403 7809 2093 5668 6836 2731 5462 6579 2631 5524 8255 4026 6431 2293 7398 9973 251 5548 7321 3004 8021 4536 3676 3995 3981 3842 7725 9580 987 5200 6826 5973 9554 7152 9821 4813 6433 9041 3071 6532 252 4162 9177 5177 569 9633 1225 6196 3403 6659 4542 4553 790 6584 6087 6573 5680 1021 3791 7773 5258 5041 2881 2207 615 3281 635 3712 8990 5143 6808 8742 9893 4595 3382 6773 2137 7639 9165 8467 3680 9072 9461 8462 5681 6616 7454 8808 345 5533 2422 4927 4554 9364 91 3417 1108 9488 20 3411 5919 9542 6508 9775 4169 2790 5807 5401 9344 5376 5828 1463 8730 362 5417 5489 1659 4331 5242 6102 5198 8718 9426 1807 8979 5302 7411 10091 5704 4956 7672 8987 7266 1447 7100 7647 8685 7191 8971 1875 347 7453 802 4630 9993 3948 4428 13 1473 5435 2389 10074 8778 3920 9742 9814 9161 10141 5017 8385 2187 6721 7873 5240 1190 4294 6712 8265 451 2515 1536 3440 3000 2637
5189 193 6907 4917 8947 4643 6620 8842 5090 2878 2126 6179 6417 732 9851 48 8870 9158 667 5935 2463 10009 1238 8637 2062 9126 2217 3025 5237 2608 5519 8795 9634 1355 2662 7724 2615 5644 8859 9691 1516 4182 9031 8082 8792 101 6200 3317 5697 5816 4373 3649 4912 5892 8927 1264 261 3529 9995 3947 7644 9380 6339 7814 2689 8227 6373 470 5714 4987 4898 2269 1652 6058 5588 5021 9053 9982 3515 3919 6884 666 7423 5193 8698 7097 3239 9663 3592 876 4158 8400 6675 2292 2706 10162 3460 2067 3577 1006 4716 901 4719 9923 5038 1375 9750 9972 139 5979 3771 8230 8834 3912 1091 7648 5125 3726 2780 8988 4767 8238 5381 3713 718 8476 1947 425 5893 599 5964 1619 523 7437 3775 6261 8492 7654 1621 2393 3353 8178 9237 5577 9847 3103 1660 4568 4647 1741 1270 4969 2045 4228 6277 65 4686 7202 1425 296 8190 5347 7688 3344 3608 24 3461 1815 2753 8287 3533 5281 8267 1358 7699 5742 7288 5069 8619 5171 483 1889 384 1449 3873 8159 6355 5269 7856 3196 9718 3331 6391 2808 2428 8650 4732 3742 6815 2650
2291 4262 8352 361 4153 9883 7777 9568 496 3197 9464 570 9552 3588 6189 8299 6269 9394 4722 2345 2165 5409 3039 3446 10179 8427 5455 7719 9560 271 2569 4431 9099 6528 8046 5025 6172 8196 3784 2143 3276 5903 9262 7787 9752 590 1602 4913 2369 10054 5418 8980 1718 1415 7949 8814 7780 605 8019 1614 6699 5088 1060 414 6335 8587 155 8523 8404 69 417 4251 7475 6876 9476 455 5673 2370 5925 6671 9932 9651 3983 7394 7055 2825 3618 4043 2053 893 6359 9167 7709 9483 5332 7018 5394 399 8684 3206 6697 1348 6706 8011 6658 636 7874 1605 9163 472 1967 3884 1029 3897 1022 8620 5440 3124 7713 5283 8280 1292 2415 7669 404 1921 9368 8434 4094 1869 1842 1784 2424 9980 8204 642 2172 7279 4015 8450 4382 6710 5136 5768 1872 9061 9169 10117 8474 1194 5135 2672 4438 232 142 3534 8843 4098 4947 2179 7571 9569 1094 3792 3263 4138 3811 9218 8039 4350 1791 5850 6402 1186 7878 2802 5369 1662 1180 4631 4953 1483 2772 2897 8609 9112 1387 3626 1303 2334 8454 751 975 5520 9732 208 5475 995 8228 7684
8690 8382 7900 5868 922 5510 8390 6871 6784 3180 4894 2005 7541 5858 10166 4519 8897 10193 843 2867 6008 4580 910 777 2993 1056 8951 8186 4581 1123 225 6555 8605 3425 339 3364 5161 6581 8124 10083 9052 7323 7366 3820 761 6308 2776 9763 1868 543 1781 6131 6240 7893 9933 4270 6312 3622 3851 1914 246 5815 7035 3488 921 8405 143 5214 1272 9620 2661 9467 2038 9201 7396 7574 5479 4959 9115 7603 3419 6570 9319 2278 7971 5695 5375 5077 7952 7481 2796 313 2317 2418 2314 7716 7904 174 2660 4674 2319 7650 9016 7712 2351 3338 7505 4186 557 10151 1042 877 3722 5407 6734 7630 5197 5534 5609 1271 2958 8479 3821 5986 7312 10130 4446 2133 4444 568 8748 2444 7314 7959 8613 3120 5794 9335 10104 4602 8968 5169 5356 2248 8995 10168 2131 8854 2313 3629 8141 5439 7728 4221 2893 6567 759 9921 8123 8542 3973 5267 1983 6321 1436 6643 2694 4177 2364 1455 1963 3121 3470 5806 1013 4503 9388 5261 7753 2471 4288 5042 1793 9056 9018 190 3724 3271 8890 6654 2206 4564 7543 4629 9777 7237 10188 1726 8662 1721
596 7695 444 8192 9524 8670 7891 4318 5753 9305 4974 4296 1716 4361 7665 8589 4619 8372 2719 5569 3561 1323 3161 6829 4976 7094 2841 4488 6286 7681 2617 9142 4844 7290 333 1575 695 4317 9202 7125 4884 4688 6455 3913 6205 126 2801 9819 6017 3368 4247 4191 8331 1404 5675 6389 5339 2806 5923 7331 6880 5149 2031 4820 9652 7129 6186 9097 9981 9840 7940 1680 2091 4599 6350 8579 4861 3583 6424 2798 7344 3442 2223 9899 4061 9641 4366 677 9298 4724 3354 7190 3640 3333 544 5884 6561 3656 6219 1535 3480 1564 1804 7233 2249 2928 5145 3391 5278 5882 8239 5728 2441 739 4302 7054 7174 1710 2964 7339 6360 7199 5383 6866 5629 3355 368 4399 430 9855 2475 161 4666 2742 4687 1795 4791 2729 7552 5424 6913 8205 4363 4966 3400 4684 2365 9612 6743 1267 8681 8487 8305 1423 8908 7604 3632 9953 7342 3312 3160 6806 9733 6968 10144 681 7968 972 6925 1025 9630 1409 6996 2869 5896 4386 5832 7990 2041 1500 9838 2074 5083 9917 4441 9924 6562 7529 9420 9064 7721 8463 5617 4156 2434 2193 2835 3878 1958 4575
3430 4938 5525 7618 8985 867 4165 879 4900 4180 7711 9225 1560 7733 5033 9586 4016 2945 114 4909 1208 7781 4637 4734 6637 5275 4608 9323 9969 9429 6386 6992 2926 1059 509 8895 8201 2498 8477 6565 3838 2355 9266 4474 5690 8385 2187 6721 7873 5240 1190 4294 6712 8265 451 2515 1536 3440 3000 2637 7482 1733 7614 9598 4004 8962 5049 5805 6440 6224 4828 2827 1408 2663 1896 9772 7957 7523 6551 9283 8293 603 7073 2656 887 7250 3737 3012 8741 7782 1521 8261 4263 5541 1189 256 5578 4579 8185 4223 6170 8986 5179 2911 5051 9174 2245 5991 3777 6251 7742 9618 9825 4161 3940 9715 6466 8077 7629 875 1459 5223 8791 6348 2018 3910 8018 2929 958 6803 106 7301 7385 6182 7216 5555 2166 3174 952 6771 3280 2152 125 766 2494 8767 1623 6298 10056 6786 7347 4693 2852 3186 1477 1392 2612 8168 7642 7984 6311 5001 6661 2979 1615 4207 856 5649 9804 4338 1586 7706 3740 8943 9054 7050 2577 255 1567 3548 3301 10026 4611 8994 5313 3209 3313 1347 5749 9793 745 6765 2371 473 5333 4289 8645 9700 7456 5485
