2995 5846 5005 7522 815 2780 9311 1262 8517 9416 2361 8794 4115 6472 3855 458 9 7477 2626 7536 9082 7372 4136 9384 602 5702 1319 3242 4187 3137 1741 2634 9077 9235 4158 2585 4858 9916 7612 7759 7378 3442 10153 5525 7198 5222 6983 1010 7266 4583 7839 1337 736 7409 4497 4734 2906 4184 5084 1497 6710 9622 3624 4040 2815 4484 4940 3595 1908 3797 7968 3775 5801 3782 998 2830 5160 4499 64 4240 3608 1037 1862 5691 4679 9641 4663 8588 1833 7326 2512 7615 8583 8442 5342 6597 5119 5194 9659 7395 2959 8491 9965 754 7655 4987 7620 9989 6035 1474 6458 8715 10072 4433 125 2883 1864 1973 1102 871 5823 3386 9422 9597 4421 1312 8444 9461 648 5863 464 4486 4925 9849 3749 6851 9876 9824 1367 5098 5841 5655 6409 9388 2544 828 7884 5718 3512 235 2508 1376 1576 2939 8700 1479 6972 5060 643 6742 9616 1956 3981 7145 8366 5061 2479 4956 3860 47 2676 7094 4570 8687 6328 9543 2597 3665 5004 4761 8144 8662 5135 6431 8332 1930 5779 7183 6448 7170 9231 5062 3021 3960 9821 3803 2631 2999 6407 4952
3840 7511 6521 2809 8965 10041 8626 2985 1983 1043 1548 2333 4117 1775 2255 8192 9517 4325 7318 6975 6232 412 7225 8453 5623 6848 695 4517 4511 2551 3995 7441 6290 347 7007 2549 8899 7756 9797 7699 2393 9100 7259 8946 1510 4395 9884 1147 2736 4385 9822 3142 4762 10034 7208 440 492 6220 2380 2377 4767 9956 7713 1428 5481 6578 1260 2423 5043 7158 8819 7363 967 9131 4491 3457 2039 6146 9900 1718 945 9069 6814 7041 1856 3576 9071 2877 255 6086 2230 1739 3632 8238 1387 1169 4847 3319 2777 6108 292 766 9804 3448 8207 8476 9676 7694 1480 3915 9429 99 6874 3329 5658 9345 3574 8921 1365 3462 7193 1633 3987 5616 2876 8670 196 1666 2261 1870 1527 6873 1980 4023 7403 8991 5365 6725 10045 6056 1847 9577 3515 3701 4624 4195 1671 137 9095 5328 5759 4910 7742 10028 5701 8295 9888 8519 865 5335 1861 5752 4088 8541 4279 9002 9472 3055 384 1851 9118 9412 1663 3403 6632 702 1073 6391 4740 9291 9875 9684 7866 947 7448 1782 3423 4572 8866 5954 5736 9083 9319 841 2890 3050 7062 477 6234 8415
2231 5431 908 1788 9770 760 1656 6446 9946 7027 1460 3193 3302 1106 9969 181 1787 7295 3497 6995 1568 7734 7610 8970 190 2509 8577 408 3527 635 9183 7840 9142 2415 532 9841 4019 383 7339 8918 9540 8287 2185 8385 4721 6457 4352 7458 5698 6432 4317 668 7668 2648 5059 5605 9155 4912 5015 7802 5599 2769 3905 4383 3596 2873 863 4207 4891 2119 9921 3789 5781 3229 2881 2121 9581 7093 9895 6699 6014 2412 8604 4819 9864 9713 2218 7420 3335 8013 6310 1716 1820 565 2417 3759 8101 1255 10061 8875 8068 4930 8426 510 4128 7087 4377 132 3120 8153 6333 4070 7629 1547 147 7691 2388 9134 5429 9556 9305 1374 7280 5874 5209 6555 6104 5897 3060 6012 5808 9917 4953 8894 10129 2574 7981 4990 6749 3306 7878 184 9414 10003 1585 9282 5221 303 5196 6640 5247 9490 7191 7965 3347 1369 4725 4243 9682 8603 4941 5491 8162 9546 6301 709 7139 685 4973 4954 4359 9249 2474 5861 1184 3277 5142 8074 5836 4018 2453 2181 7901 4060 5306 7964 8690 5807 2942 817 978 6170 3986 5078 5420 5543 4239 771 1776 5159
1242 7330 3152 5927 1123 1003 7044 4807 2084 1661 6158 8845 4637 2744 9335 1336 7129 405 2538 144 4067 7607 2369 7816 2918 4426 5124 1649 5877 5204 6455 8987 4116 7644 6084 3917 2704 1344 4942 4775 2727 5805 2001 837 6623 8273 2718 8682 2630 6047 4575 6229 5800 4620 7182 5155 20 6702 4255 2259 6176 6734 1942 1124 7902 9591 9611 3811 7547 8880 4744 2781 5237 1766 9348 2409 3848 7255 5873 9819 1937 5986 4611 6473 621 1503 8062 6525 4413 8989 5714 3322 951 7271 3846 9741 8111 9590 8294 5513 9495 2326 6151 10176 8049 5795 8063 7631 10139 6828 6795 2067 6698 9885 9088 6944 8691 127 3320 1052 1869 3108 2578 3707 5782 6102 5940 4306 1207 4694 8414 851 1370 4866 1276 429 6070 2701 6973 5302 5735 5613 1315 7701 3150 4197 3332 8213 3880 761 1700 8375 10071 6877 9586 6274 1267 7155 5344 7855 9114 9263 7429 5922 603 5498 9656 9593 5910 4865 5103 6462 6286 7267 9578 1897 5315 3363 6138 8122 7309 8266 5165 1997 2139 8471 9740 1435 8776 5914 7327 1748 6750 4561 7380 1603 8800 5013 2396 7782
4727 4231 6731 3975 9643 3039 6592 7794 9745 7595 7254 4933 7028 7138 707 3565 1098 537 430 5422 9927 2467 1720 7102 5591 1252 5025 2141 7018 3143 5393 10091 2605 5051 5803 1091 5967 2703 7732 3713 1872 6041 7761 5622 591 1181 10160 9205 5660 4330 4045 1906 3093 7796 2596 8644 9219 3947 4608 9270 1161 4235 5176 3671 7467 7728 3099 185 4173 8017 2635 1364 10079 6766 126 4944 5270 7652 7890 2482 2529 9106 9542 3543 4743 1780 983 3002 6925 556 1449 5983 7817 7825 8563 362 8867 1907 4558 6384 9560 1599 9687 2198 8601 2733 7384 7688 172 6641 2741 4835 2875 1394 8103 4496 5230 7261 332 5550 10141 7364 1985 3245 1602 278 2855 6069 1812 5717 6816 9820 8961 8615 4718 250 8829 10063 2649 3656 7473 9548 1688 7601 5140 640 6777 7201 391 6565 3733 9195 9216 6145 188 941 5868 32 705 775 8219 8849 3885 6313 6726 4945 1553 455 5261 6421 1935 8030 328 5445 4229 3136 757 10009 2028 2871 456 3420 7076 2452 6928 5830 7185 7365 4200 31 5085 5746 7398 3355 3629 2528 6585 8789 1081 5019
5841 5655 6409 9388 2544 828 7884 5718 3512 235 2508 1376 1576 2939 8700 5735 5613 1315 7701 3150 4197 3332 8213 3880 761 1700 8375 10071 6877 9586 7396 8303 6678 5095 9568 2750 304 715 5558 4581 619 251 4080 9806 10189 177 3924 10077 8697 528 3718 4853 7171 8300 9170 7052 7186 6386 3071 1536 6287 7579 8974 2364 3726 1613 8992 2657 5931 9236 1293 10038 5899 2756 5123 6373 4513 4328 8244 7829 1268 7654 2891 393 8846 3928 6181 5713 8045 8720 1484 5321 7893 1882 7282 3973 6611 10090 3283 787 1426 3972 3791 4878 9809 9925 8344 4364 7160 7875 5726 4464 7542 9691 3586 1356 2027 3569 4288 7300 637 10197 1014 5493 6956 1436 7456 8258 632 6961 4980 7909 5243 7814 9369 2587 542 5065 7766 1061 2209 1361 10025 10047 8679 3334 5304 2169 2905 4971 6607 3609 30 5971 7651 3626 3214 9228 1647 7485 1743 4477 450 508 623 5624 2632 9562 2829 1193 502 4058 7667 5467 4193 5668 1321 2249 4085 8339 6812 7343 5866 6785 5753 4929 2348 7792 2955 8878 4680 6770 6800 971 10164 6760 9536 8268 2498 582
7250 2013 6207 5529 254 1645 1508 7006 4651 6855 6867 8637 7023 9624 5329 5244 8142 8134 5973 8560 4003 6494 9621 5682 1266 519 6958 6036 6080 8510 4287 8315 5461 8860 7683 7468 5886 7175 9883 3016 1352 9022 8870 5357 6344 8518 8416 3 280 6165 331 1159 9856 850 6969 6415 3534 5396 7597 8130 3450 5111 4922 2708 6685 9145 3522 6883 3469 2156 711 7112 1790 2579 8280 2716 3460 9285 7546 8447 884 1002 4544 8629 2850 2065 4222 1871 1842 4082 9062 8885 8935 1658 3207 7619 8053 9570 9254 9498 7070 5283 5504 9241 438 2320 6006 8432 8437 1515 8903 3560 7108 6284 8372 7789 4751 7177 3157 2161 5533 782 7609 4452 5775 4151 704 9599 10057 7515 8117 4723 671 1194 3786 6559 2548 1464 7517 6267 3210 4130 2951 7197 9046 324 3736 9681 7834 7574 271 8183 8998 1016 4316 4804 3618 8092 3233 6050 7723 10166 4991 9646 6256 6110 2570 1738 8977 6761 4914 8035 9976 5956 9404 2228 7387 7586 2007 7836 2564 7500 63 3113 6420 8964 7791 7237 3585 6813 4546 5281 7692 2897 3544 4199 2519 2767 6183 7224
7878 184 9414 10003 1585 9282 5221 303 5196 6640 5247 9490 7191 7965 3347 7165 382 1927 509 8218 4678 7351 1632 3561 4515 1569 3258 1327 7137 8758 39 9763 6904 4095 6822 8857 10053 9583 9829 5651 8711 7771 226 9017 5147 7320 9485 2116 2761 4406 5456 8482 1992 6547 8592 2456 900 6716 8772 6942 5678 3303 3331 9165 372 4528 1785 919 3101 3845 3699 7288 4692 6299 4174 8694 1859 5394 6160 497 6530 1401 1470 4066 9371 300 5930 4094 959 3112 9977 8706 2307 2880 4867 6751 3764 10008 2882 895 1623 1506 2582 1204 83 5207 5512 198 1874 9501 21 2340 708 6117 758 5392 2794 3339 9193 2338 7793 6178 2048 9122 1806 9949 5114 1810 9696 3747 313 9274 6558 8649 2124 3737 8097 9441 2499 219 2100 2470 8507 788 1294 2289 6436 6257 1280 7493 5425 5818 193 8000 7507 2572 5794 3194 6184 4593 3779 8002 5815 5212 4444 7061 92 2836 7924 5231 9434 1108 7478 5653 8033 2310 9535 1044 2145 5628 9189 1211 4134 5416 700 7479 2753 4382 8725 359 4463 8660 6129 10022 3241 9421 4388 7851 4505 2865
2807 8837 6739 3388 6193 4547 1142 4522 8812 7292 10039 566 9986 8979 8386 3382 1898 1112 5458 6595 6831 7689 8930 9943 3267 148 8424 9618 4874 9399 7676 6305 2105 2172 1101 4525 6180 493 4955 1346 7001 9375 8985 175 4689 9042 1951 1965 6896 5397 7055 1373 3812 8505 2810 6902 3889 1686 7252 2803 3019 8590 9671 8212 3377 4494 2072 2639 7336 792 1995 3976 664 1606 4308 6123 7068 5740 3526 1416 1501 8723 1814 5705 8472 4185 3222 9897 7149 2368 9273 3887 2070 5292 4843 6890 8256 7843 5970 5311 4246 5987 2731 2884 4736 5747 2879 8747 731 6428 7520 1827 8128 3483 2654 1216 8343 1256 3151 9023 7970 5389 10140 9523 8904 7578 6212 7025 2989 9626 6216 878 4404 5034 2481 9209 6818 3070 7008 5161 419 5390 6169 1384 7982 5900 3456 506 3903 8067 9341 10058 1379 2844 2841 8371 1617 1275 5503 5588 8189 7133 9486 1413 2006 10074 9947 4758 3755 1238 4307 6676 975 2043 3308 4979 1770 6757 6887 6182 9148 4614 5272 5590 3285 3030 2958 65 7804 5383 8963 4627 9204 9333 6437 5275 6225 6327 10193 9041
1479 6972 5060 643 6742 9616 1956 3981 7145 8366 5061 2479 4956 3860 47 502 4058 7667 5467 4193 5668 1321 2249 4085 8339 6812 7343 5866 6785 5753 5198 6019 4474 5138 5191 2869 2988 4166 1991 987 4035 1054 1594 6159 8191 6527 7805 2820 4443 6417 9119 8359 5939 2851 4335 379 6186 5274 9515 5676 9617 9663 2908 2852 4842 5120 5497 5764 7276 4469 276 6350 79 8967 8851 6620 9642 4557 7135 107 4650 5404 2536 8834 5053 3397 3637 2931 7491 10075 8736 10149 6898 793 7421 729 4456 9051 2336 4153 447 10094 6508 1343 5627 1979 9397 7088 7653 717 74 3735 3756 7404 8779 6396 7760 7561 3998 2929 1389 4215 2765 1348 9317 1351 2799 9724 8429 3926 9450 4541 1798 9188 6549 6926 2174 6478 8362 9102 2656 6451 8896 7419 9832 11 10021 2125 7641 3802 3126 8301 8847 7146 8226 6825 8537 7931 5323 6430 3105 5202 7780 4774 3652 780 7446 4695 1240 2813 1391 2325 4909 909 9487 7687 6778 9271 600 6453 8954 9167 7551 8651 3783 2827 3480 9991 4312 8786 5729 4252 2793 8778 9709 4877 2414 869 6481 8607
3210 4130 2951 7197 9046 324 3736 9681 7834 7574 271 8183 8998 1016 4316 4691 6891 2352 344 4343 8090 2299 1342 5287 2766 275 507 5006 8334 2439 891 7583 7842 5915 6684 2092 1063 8933 8611 7213 7019 4916 1824 4025 3392 4024 4715 1621 1799 9357 6085 294 1314 2864 979 9230 10191 6515 1150 3294 3842 1420 8323 6082 1539 4171 9633 8945 8646 3796 4217 694 1614 4098 8405 8004 4304 4434 1832 473 7512 8407 9225 8792 1041 5130 5374 6022 4805 5766 3552 8721 910 3446 5603 15 6631 414 5 9290 9751 5797 5872 10124 10125 6491 2715 504 7978 8044 9101 4483 4027 9479 7195 9700 9940 288 4178 3176 6715 487 8088 4899 9772 9904 8804 7929 233 8895 8116 1639 8600 10158 3570 2313 76 2714 4260 6573 5494 3490 3206 434 6132 8502 7885 1067 4445 231 7048 2031 1990 2562 1556 1836 1672 4539 7660 5353 8025 4037 5265 1772 3773 397 2909 6535 470 5665 6675 6992 216 8302 3692 8341 903 6389 7014 2443 5009 5464 354 8235 6400 3263 8966 4489 6570 3567 5173 1919 5360 6027 1888 3938 1178 5245 6255 1287
7473 9548 1688 7601 5140 640 6777 7201 391 6565 3733 9195 9216 6145 188 7617 9811 6276 6951 5359 6342 2088 357 7323 1086 769 723 6502 4854 7167 2468 5769 7287 7375 4346 3219 9902 358 1137 4832 5184 1072 7971 4943 679 3604 10198 3141 6240 577 6112 6706 1504 4671 665 3669 9507 5918 6218 1699 2223 4670 5179 8636 5578 7587 929 8187 1132 5538 3904 9692 2685 1140 3849 5959 2616 4162 3597 3089 9162 8790 5079 2282 6004 446 1909 1127 1588 3757 3235 8571 1026 3205 7022 8180 484 286 1759 8764 7945 2351 4656 8984 9234 1404 9050 75 1745 3993 7956 8858 3988 4836 8363 9720 10190 9097 7955 1830 5408 7811 6815 601 5659 7241 3370 8565 1353 4071 7548 8916 8533 9592 10031 6845 6911 2463 9251 9376 9803 5762 9366 4506 6539 3503 5738 1626 7463 7681 9716 9018 3923 8355 7317 1289 5286 3161 713 5379 10137 2493 5288 1146 9281 2717 463 8703 5792 339 3871 2806 6602 62 4029 2720 8853 3961 6470 5728 8951 2751 9983 9277 8765 6026 6635 6618 5364 5330 3475 7047 8321 3160 2763 3832 9137 1485 8881 7043
2572 5794 3194 6184 4593 3779 8002 5815 5212 4444 7061 92 2836 7924 5231 3606 8570 1070 5573 3487 8840 6656 6021 476 1 4668 266 1271 1160 7889 3992 7209 4757 4527 3882 3520 4198 1165 1713 3875 3204 6705 991 5806 984 7285 9437 9033 7613 7355 6088 5343 2752 494 131 5468 8241 8006 7904 322 6401 4104 6239 4286 533 4127 8787 341 5666 6590 8531 8664 1330 6560 9791 6130 5219 7988 472 5756 6325 574 6048 2302 8645 5511 81 1122 4667 293 2284 9514 435 1082 944 5487 8240 3719 141 2569 5852 3781 1925 9443 2643 9036 8003 7040 3807 6482 4285 9300 5560 2160 6724 3672 5909 8378 594 4242 4584 4831 8382 5559 3834 2234 5528 3936 6909 1580 7899 7442 6897 6319 2826 2337 2516 9557 9021 9065 7568 37 4210 5723 4700 7672 4548 2376 1793 4621 8529 5582 7164 9833 4072 3072 767 4893 5722 9361 8879 3010 5166 2594 3911 1558 9351 2021 109 6171 4904 3815 3348 6015 5638 6990 5449 9425 4459 162 3913 8229 7747 7301 3404 7494 4004 8805 10119 596 10067 1437 7377 4378 5096 2839 7767 7552 2220 2194
1289 5286 3161 713 5379 10137 2493 5288 1146 9281 2717 463 8703 5792 339 6758 1097 3174 6628 9982 4823 4230 7801 8938 7828 1065 3305 7936 3744 9468 4006 4295 2941 5522 3874 8557 4284 7510 7857 4661 7289 8181 5671 5267 3847 9010 8722 631 4631 5694 326 151 6652 8477 3830 6797 4784 178 1981 1773 2329 3765 4259 6587 9125 7724 5121 9268 9199 9103 1899 3433 6124 7356 7274 9326 9860 3345 8057 10177 6775 6204 3405 2885 873 1530 142 2783 10180 6422 6929 5904 2622 4633 10068 5218 7543 7235 9854 4420 607 9400 480 8216 7238 10114 29 2758 7084 7540 8610 2237 1206 8799 3046 8926 4397 7110 4122 3259 6414 3654 1377 10162 114 6667 5710 6093 8145 1554 3401 1025 1533 10049 610 3643 2834 302 1139 2925 4795 166 9780 5926 1517 9850 5721 5430 6917 746 4411 5293 7444 9567 6356 4297 6523 8549 10195 7331 4809 7083 4870 5362 8624 9526 9047 5765 4780 9600 6984 1089 6994 7959 1977 3337 1849 351 268 4883 1254 7020 138 4785 9657 370 981 8614 7136 2675 3622 1835 4257 3563 1200 745 3156 1177 8009 2563
1847 9577 3515 3701 4624 4195 1671 137 9095 5328 5759 4910 7742 10028 5701 419 5390 6169 1384 7982 5900 3456 506 3903 8067 9341 10058 1379 2844 2841 10056 7888 4339 5476 6552 4684 9470 4589 5770 4833 355 4599 16 5294 3524 901 5011 4338 784 2101 8478 2485 6962 462 8276 8734 7010 6566 4509 8791 4613 794 7443 7858 2804 3103 4636 5516 8753 8050 2521 3131 2857 7069 3651 7745 7184 6871 644 6875 5859 9172 1237 4470 9582 4201 8768 6364 3691 9381 9267 8760 8094 6249 1454 4453 9744 2440 10076 1857 9880 4366 2365 4533 7593 8658 3111 2511 4530 8757 211 2206 1457 2195 690 1844 2047 1347 4724 9835 9174 534 720 2359 8744 9306 460 763 3416 10174 4882 749 7862 9226 272 2691 2038 3095 2937 155 9768 5644 2203 687 186 7131 7346 6644 6959 8131 10168 2370 9668 7754 7459 4262 222 5948 3528 6520 6185 8389 8692 217 7325 3577 2445 2131 2132 35 1196 2518 4423 3505 3465 9569 4632 7086 7489 9029 2009 557 2822 5035 5401 5125 1800 5554 3510 5277 7064 3633 4958 4923 1019 558 5564 371 2983 9638
9661 990 1946 42 890 5949 4790 8259 5074 6954 2210 3232 3873 3819 3463 8436 4552 4111 9658 1228 5641 852 3557 8739 6979 1715 9078 4799 8047 6321 5023 1080 2438 2323 4571 6426 7294 4738 6291 4543 3196 14 7115 4447 6197 4851 5961 735 3042 920 7658 677 9382 1903 8227 970 3720 9601 5104 9608 8381 2901 5621 218 3315 2970 1974 7166 712 6614 1784 129 1129 6192 8312 40 9275 6398 6316 2972 6633 4011 4950 1841 3028 4974 2524 346 7818 8456 3776 327 1747 4355 6167 783 3980 3107 4609 6682 3147 7907 10131 2349 6612 935 5064 5813 8929 2862 6924 5434 7741 5229 4427 2661 6057 10154 7787 8325 5593 7719 6380 5937 9510 8581 4063 2162 8188 6406 1620 4410 4265 2019 247 6320 3648 2242 7338 6468 491 195 84 953 948 2055 119 4057 5093 2845 8640 3862 6569 1865 4926 5260 9160 1546 1171 152 1796 3636 1040 5888 9533 5414 923 2812 7100 5708 9893 5988 7657 7708 10044 9347 3056 5725 3443 5170 9283 604 9951 2420 7534 9038 2797 9451 2926 6660 578 404 3094 6881 1648 2706 9576 1273 4896 5552
8295 9888 8519 865 5335 1861 5752 4088 8541 4279 9002 9472 3055 384 1851 6945 5223 9812 2341 4588 8149 3539 7495 6134 5417 4475 398 9321 9043 3344 7957 6803 2403 4516 8943 4603 6113 3191 6289 9845 3711 8242 5856 3839 8633 7996 1307 7141 1056 8473 9061 2707 6433 5828 6292 8835 8832 6497 1749 1397 1848 3364 612 1138 96 5960 2589 1727 3272 2204 3700 2745 483 8448 2598 1064 4502 8215 6312 1455 3026 6677 5220 4401 5410 5482 3249 8816 9064 6854 1239 7883 6790 5894 1853 9936 8377 9438 4214 488 3478 3780 5465 6206 7736 7113 2872 894 4934 7575 1813 5788 1390 4687 2775 5334 2853 1360 7790 2774 1423 8669 8514 2385 8937 8245 1902 4270 710 6576 1247 2245 1248 4626 7474 905 2832 1705 7272 5865 5531 5829 4203 5798 3260 469 3104 6918 7917 1574 2176 2641 7218 1682 7545 7744 9518 9016 1719 7424 2459 5163 6957 3730 8198 9737 9031 1036 7768 10194 6049 1407 1111 3826 7353 6298 9146 9942 4566 4275 9693 3696 4618 1466 8773 8380 5185 8065 10116 2987 5366 10138 5923 2240 4294 10069 1593 5444 5338 3790
7140 8275 6479 10182 4729 4478 6894 1458 27 5472 2413 6208 7132 1284 228 8587 938 6949 4690 2560 1400 3387 7029 6238 4209 8428 6425 5100 4156 8659 9587 5774 7588 995 2759 9889 8781 5670 3201 8492 3422 3745 3806 5501 2424 2655 5216 2219 7174 8730 3013 10144 6526 1085 249 9853 1555 9732 9245 1616 8871 6330 2408 9151 7824 2966 7947 2786 4500 914 7783 2667 10013 2005 227 7648 897 8484 8538 8127 588 5427 1634 9990 750 4573 2078 4708 10099 4869 6647 3045 9181 9615 361 3795 6223 5455 1034 133 877 7763 2232 3004 67 1600 6081 9765 2017 7922 3857 2433 7508 6051 1512 8369 957 7426 2004 6783 6679 10108 3498 7269 5896 8038 1095 264 3376 3117 3843 636 3281 8777 7819 4992 7379 2003 1687 10184 4009 6152 7810 7879 2930 3914 7369 6948 8297 6696 7223 1459 7827 3080 3844 7310 3187 7833 4607 9433 2451 5854 1104 9984 6335 930 6136 9299 8901 7105 7439 9954 6166 1601 7204 7541 3821 4471 1218 1249 7848 7710 2090 3198 4967 8953 4435 2557 6174 5336 2241 4699 2889 3628 5727 8337 10122 9435 5686 4846
1196 2518 4423 3505 3465 9569 4632 7086 7489 9029 2009 557 2822 5035 5401 7013 3432 7245 9511 2646 8069 3545 6768 5107 6645 9644 3390 7553 4615 7623 3704 8566 3495 2919 7488 6351 1441 1960 4812 1765 10200 9730 7913 5345 1751 759 6514 5213 9431 8137 4301 5118 197 5108 9445 6175 9846 8027 6385 212 4873 6601 2059 1028 4202 9987 982 6 4361 3065 5500 4224 9553 4577 1259 8161 7504 7460 52 8756 4765 6077 3817 3580 8466 3155 5443 8269 8908 3912 3243 7071 284 4722 1180 6073 7437 6402 9506 2695 8925 8751 1829 7581 5673 9262 1163 7729 2729 3384 3831 3558 3323 587 1823 5067 5348 2472 6907 2747 2068 2535 9124 9665 804 1630 553 7435 3554 5920 1093 1173 1976 2996 6245 6550 315 2469 4617 6411 3226 3500 6150 8175 2722 1422 9163 9237 10155 1270 9761 4148 2619 846 9866 10192 9296 1357 1549 3453 5879 3153 9000 1587 5963 7932 8598 655 1934 5442 1444 1996 2576 7854 505 2689 1493 5556 5192 4 8612 8619 4362 5058 9157 243 2818 6353 1978 1762 8940 6100 6283 4688 1331 7347 7098 1210 3607 5480
4804 3618 8092 3233 6050 7723 10166 4991 9646 6256 6110 2570 1738 8977 6761 3257 4892 7645 4002 5917 845 4271 6358 8042 8417 6593 2532 3064 7671 4686 3872 6282 520 2979 10136 2814 6769 1660 4601 3939 9462 1076 10088 3342 2056 4493 3414 2159 8718 3856 1151 9116 6805 7926 8262 9408 1986 538 4482 848 4336 5018 5102 6512 1635 1263 826 2821 356 3502 87 2252 9767 9446 8288 3617 5965 10080 4405 9463 7785 5596 657 2684 3751 3941 7362 2179 2553 7413 9750 9913 5495 9448 6551 3610 10070 4972 8390 4531 3407 8886 8357 3868 471 6908 1891 1274 7867 2749 4564 7089 1488 8107 7966 500 6309 9558 8392 5469 7406 3436 6044 2911 1448 8143 7527 8316 10 3740 9708 2050 8271 4318 7983 140 6111 9813 2680 1388 7118 933 5944 377 2422 3583 789 887 5254 5799 481 9070 2389 620 7752 449 9222 6294 1631 801 2577 3984 5313 6658 7496 1419 9220 2705 9171 836 9469 1636 5088 2854 9731 1232 4811 2748 8174 6738 6125 6524 2965 2030 4578 7611 6937 8179 8279 2522 2407 2328 4010 4752 2251 2270 3269 8630 8201 8782
1369 4725 4243 9682 8603 4941 5491 8162 9546 6301 709 7139 685 4973 4954 9434 1108 7478 5653 8033 2310 9535 1044 2145 5628 9189 1211 4134 5416 700 1836 1672 4539 7660 5353 8025 4037 5265 1772 3773 397 2909 6535 470 5665 1250 1756 2663 3220 90 2419 3963 3430 4169 8742 7685 3146 2938 3087 2627 8352 4938 1557 5418 9575 7886 7236 2339 7565 5827 3859 4803 4982 1158 4886 7539 6895 5619 4139 2726 8199 4292 9551 7168 3239 5796 2954 8100 5953 2608 6189 5435 8701 8383 7832 1134 692 9221 3394 9703 4625 7374 9265 352 7784 4376 1487 1182 2168 9452 8178 6118 1008 2915 1145 8716 6941 2642 599 49 2308 9362 8347 6001 2138 2401 8393 301 189 675 9309 4829 285 9699 9838 6354 6300 4894 5771 7935 5042 3417 1176 8882 8975 4693 2183 6326 515 4020 5115 6728 3827 8579 4244 5755 5572 1017 5901 6804 9607 6952 6756 2113 1778 1011 6826 6860 8425 3244 3318 939 544 8705 7643 5594 8856 8071 1046 5586 1162 6733 2866 3989 2094 8098 8264 5239 5129 5625 4932 7060 1109 3542 5523 8126 2295 7092 9133 6031
6274 1267 7155 5344 7855 9114 9263 7429 5922 603 5498 9656 9593 5910 4865 3072 767 4893 5722 9361 8879 3010 5166 2594 3911 1558 9351 2021 109 6171 8098 8264 5239 5129 5625 4932 7060 1109 3542 5523 8126 2295 7092 9133 6031 4038 6013 120 4437 9105 2693 6522 6703 9981 5730 9059 1929 3517 6820 5945 1573 2861 7262 4123 9881 5720 3365 9247 5075 4407 9242 1125 2189 3170 3202 5661 9403 7941 4144 6920 2023 5642 8605 8253 7656 1004 5951 7826 86 5400 6375 7919 4196 4108 727 5264 9637 8774 4828 4016 3638 3965 5881 9117 6866 7951 9554 3634 5447 7180 773 8825 3895 2186 7567 6648 164 1957 5932 4429 5279 2146 5749 4749 1889 4188 1624 9997 232 950 4232 5252 6637 6609 6303 3396 6250 7361 1234 5957 1013 2318 1045 6324 2900 9034 9129 8034 5332 906 2464 1446 2504 4643 6946 3452 8506 10110 7329 1333 1575 7795 9945 41 4519 5263 1987 1009 3748 310 8526 824 4737 5763 4221 5409 1918 5477 4937 6759 1482 5117 5977 390 4152 5838 1767 9584 6674 8177 8862 3864 5433 550 2086 6714 1868 5406 2603 7868
2636 5318 3297 7952 3683 4206 924 9769 8960 9048 9334 4183 9210 560 964 7207 7570 6511 7315 1894 1570 1340 7564 3682 3208 6444 7414 949 3295 3052 838 3321 6388 8873 2382 2269 3945 3918 2773 9762 9905 9255 1166 7189 9564 9085 296 8675 1264 4007 1305 4119 9098 8920 2400 3584 5278 3100 8095 8374 5415 336 2713 8099 1926 1429 6352 71 388 406 9827 699 3613 2494 5981 6018 2018 3181 3073 3135 7498 2530 946 420 7021 5663 7852 5506 3238 9418 5617 2224 6839 2949 7781 4997 9504 7153 9427 2171 7788 4816 8464 1050 3459 1540 3900 3964 182 7324 5234 6786 5695 10036 1730 1409 7569 6259 3814 5907 3977 3122 5440 3482 3579 706 5942 3237 3611 1577 6767 6540 9349 9287 10147 7735 639 8440 2831 1075 3658 2828 7154 6529 7506 5974 3216 1472 3266 7501 2079 3424 4332 818 9980 6463 6357 1659 4792 3566 2565 2247 9372 3383 5308 1051 7215 714 1792 10004 5490 9847 6452 3890 7397 9280 886 8958 2978 5144 743 2192 4053 5768 8738 807 2373 996 2825 2961 5175 10032 2122 4394 9545 7989 2980 9325 4594 4716
4914 8035 9976 5956 9404 2228 7387 7586 2007 7836 2564 7500 63 3113 6420 4297 6523 8549 10195 7331 4809 7083 4870 5362 8624 9526 9047 5765 4780 9600 491 195 84 953 948 2055 119 4057 5093 2845 8640 3862 6569 1865 4926 805 7731 4901 2611 9589 6950 961 1867 8616 224 409 4099 1710 4711 3479 115 4742 9396 8353 8148 9476 9156 3023 9011 989 5761 6297 4005 5459 1651 10196 3810 5610 7253 4416 3225 9793 7335 7525 6419 9058 7051 921 1701 2687 7949 1681 6275 9007 297 4113 3199 2838 3792 7079 3804 1884 5748 6164 4031 1322 9995 1943 5906 10199 779 7256 10081 968 459 73 5995 6829 1578 5453 7464 314 4373 940 1199 2742 8486 3017 2837 2734 1746 9541 9202 3675 2447 832 7152 1349 4228 8841 2719 7860 2143 2856 7603 571 1060 3076 10046 4946 2817 3824 9208 1618 7017 9914 8877 4646 9184 9760 5199 6531 1683 1154 9149 2152 2281 6090 8452 252 1288 831 4994 1875 4017 5133 4277 6201 376 6579 8327 6870 1272 1414 9123 4078 5474 586 4705 3670 2319 3349 9928 3419 7881 4849 9524 2212 4334 8368
5260 9160 1546 1171 152 1796 3636 1040 5888 9533 5414 923 2812 7100 5708 4078 5474 586 4705 3670 2319 3349 9928 3419 7881 4849 9524 2212 4334 8368 4321 1156 4885 7714 1728 585 1164 8224 2163 9939 8795 2625 9136 8498 9855 1402 1214 8728 3690 3588 4146 9503 1114 8996 3507 9694 8596 5094 4585 1779 3270 6921 4961 8982 3184 535 3519 4236 1586 5947 117 3043 5577 4267 8594 8817 1791 8056 9698 2510 2057 9483 6020 3223 4648 976 9516 2990 3950 9790 4924 3929 2913 670 2547 4766 1087 214 5388 7944 4069 4455 7584 1924 1433 5946 9992 7037 8066 9896 1197 7856 2441 3062 7864 7176 8167 4826 9068 1471 1694 5650 6680 6486 8367 667 10093 7979 2096 8052 4747 7777 9456 4801 59 6429 972 368 6664 849 4707 2205 9350 9662 7082 6762 1121 8580 5354 2262 1905 1828 10000 7345 9879 4966 7633 9706 9948 318 3621 9460 913 3592 7240 5131 3361 3612 423 7715 4580 5473 7039 5224 1258 762 6782 3870 5574 4682 4106 3371 7260 9426 3466 7367 8865 4112 1463 737 6454 3447 2082 8684 4249 9093 573 4425 5411 1157
3658 2828 7154 6529 7506 5974 3216 1472 3266 7501 2079 3424 4332 818 9980 45 2355 1172 3227 9278 7151 1208 2147 479 8516 2041 1913 3234 7117 402 4150 6801 10111 8707 4590 9816 9680 4000 7999 2668 5441 7977 4041 8907 8409 9310 4223 6177 1863 10005 5697 613 4709 5048 728 7896 6203 9756 8075 8864 7636 611 9669 1318 4065 5502 4532 4466 1839 7187 6139 3368 4850 6821 1643 7950 912 4920 6859 4969 9420 5936 5551 7130 3932 3771 5517 3774 4587 7874 6489 721 1609 5571 2215 4357 7770 2144 2390 7589 882 5082 5855 1320 7717 2537 3794 3352 2381 7596 5787 9019 110 1278 6717 6960 6927 7702 4793 9529 6912 9328 6892 8709 61 2599 239 6577 2080 3367 9368 2151 5547 5297 5235 3326 3003 4582 5924 6484 4299 7859 6955 6341 2008 5008 8184 1395 4821 7453 8110 3877 2497 5639 2010 8032 3464 2081 5679 6847 7096 3798 3829 7830 4290 3991 1183 7126 8197 5683 5570 9175 6157 3551 10089 7163 9240 9652 5299 7573 4258 8621 6366 5350 5839 6852 1386 3221 28 8079 6045 192 1507 2819 797 5020 7462 425 2103 1571
2676 7094 4570 8687 6328 9543 2597 3665 5004 4761 8144 8662 5135 6431 8332 9893 5988 7657 7708 10044 9347 3056 5725 3443 5170 9283 604 9951 2420 7534 4009 6152 7810 7879 2930 3914 7369 6948 8297 6696 7223 1459 7827 3080 3844 2694 738 8360 954 3140 3589 8962 8914 2306 260 7434 3591 4409 4619 3886 1676 9166 9728 6231 5189 1693 3190 4897 5712 847 7000 445 8688 3389 4254 4110 9367 7392 9962 4872 4281 5584 5045 5003 3866 1500 6690 7461 4387 5557 1831 2554 7303 399 4102 9417 9580 5352 334 1708 1447 5499 7748 6141 7571 4623 2629 7228 5692 3943 2053 1265 6789 4399 48 1559 7433 3213 8171 2982 10188 985 5541 1257 10178 5382 4977 10083 1141 8387 6666 6211 2914 3154 2109 7106 7144 4963 3090 5091 8335 6723 3854 7471 5056 9566 2317 751 5724 9934 3058 4562 6741 8897 174 4432 7659 8461 5754 2277 6043 3132 4131 9301 916 1755 9055 1224 1334 4320 5515 395 3041 3399 898 6626 496 581 3546 5178 770 7846 4844 8234 1170 4208 8635 4033 6987 8274 8170 1881 173 8217 3075 7321 3252 97 3533 1057
9118 9412 1663 3403 6632 702 1073 6391 4740 9291 9875 9684 7866 947 7448 7310 3187 7833 4607 9433 2451 5854 1104 9984 6335 930 6136 9299 8901 7105 9086 2590 8552 3091 9950 4461 9005 7388 6999 5634 8884 4957 7916 2431 927 343 1445 1989 1781 659 3934 6743 9573 240 3251 4779 9595 8446 6032 8733 5908 6780 9466 5028 7251 386 9482 8553 10017 3393 4216 6079 5929 5648 8160 121 4565 5958 6840 5339 2600 9092 2483 2375 10142 6842 2327 8540 2432 2471 4806 2541 616 2993 9252 6591 7211 2069 2180 8469 2968 9818 3717 6053 8203 4745 3255 5259 10107 9312 7529 9605 1684 739 5757 9701 5618 7535 2933 9314 9496 7333 4087 5943 3461 403 1499 2760 6688 5643 6210 3468 1703 666 2297 840 9773 5892 2301 5146 2910 9378 7675 1489 9688 4861 3496 4698 5325 6629 7248 3458 8632 498 1654 1035 269 1456 10082 8595 10098 10062 583 5483 4840 1597 5519 1047 2740 4753 8115 1808 8086 9628 4818 9630 4768 4068 7703 6879 5600 7227 3325 282 7533 5149 6832 6443 6621 4026 245 904 6971 7219 608 3969 6163 8811 2418 9512
6984 1089 6994 7959 1977 3337 1849 351 268 4883 1254 7020 138 4785 9657 7744 9518 9016 1719 7424 2459 5163 6957 3730 8198 9737 9031 1036 7768 10194 7439 9954 6166 1601 7204 7541 3821 4471 1218 1249 7848 7710 2090 3198 4967 4580 5473 7039 5224 1258 762 6782 3870 5574 4682 4106 3371 7260 9426 3466 1432 1692 8046 7616 6235 4374 1950 5819 1001 5867 5387 3224 9004 4719 5371 8726 2298 8544 6024 8087 5347 2107 6413 4386 9113 3036 6039 2399 7544 7516 3162 3031 5046 2104 2575 3379 6784 4381 8029 4440 3169 2461 9096 265 932 7845 8495 9206 7059 4639 56 8265 9401 5790 563 5024 7058 819 3706 7257 210 7232 7190 8072 5381 4921 3581 6121 8163 3182 3020 4298 5363 1241 3088 5106 2142 1707 3485 6837 6424 5439 9631 9389 1421 9596 5583 4864 3000 4629 8135 7159 5575 1761 5128 2502 19 1938 2609 6876 2679 9475 4900 4559 7764 6252 3149 564 5070 9519 6905 9870 4032 1031 9775 7769 9735 9844 9406 656 9801 9909 9985 6052 1511 6094 9903 8597 3529 3902 3663 8708 8710 2406 4606 1893 7226 1959 6005 3406
1391 2325 4909 909 9487 7687 6778 9271 600 6453 8954 9167 7551 8651 3783 10192 9296 1357 1549 3453 5879 3153 9000 1587 5963 7932 8598 655 1934 5442 449 9222 6294 1631 801 2577 3984 5313 6658 7496 1419 9220 2705 9171 836 8115 1808 8086 9628 4818 9630 4768 4068 7703 6879 5600 7227 3325 282 7533 5903 2525 3630 9006 3006 378 9272 5126 4337 5033 1403 9186 547 2974 257 9753 1650 10104 8981 5508 4884 2795 1653 4092 10011 10043 2566 2788 9329 9935 2898 3381 4076 2696 1396 4888 9877 4218 7505 4253 1502 3282 5241 191 8618 4176 6393 1450 4481 8236 8999 4746 6729 4918 1804 1024 8909 697 2984 3116 9828 5997 8956 9544 4574 8950 8084 7447 312 8527 6128 205 5460 580 4042 4414 9298 1975 8542 2698 8064 2507 9714 3027 1012 2724 1461 7550 7739 33 1115 6308 3898 9802 38 2523 5537 4814 1290 6568 10042 934 1825 10118 421 9754 262 2360 6681 622 2486 4370 5510 8735 4732 9712 8350 3948 7432 9867 5919 6843 7003 1917 6771 6405 3777 3694 8683 3869 6798 6329 8398 2 6447 6772 7972 10007 1143 1834
5103 6462 6286 7267 9578 1897 5315 3363 6138 8122 7309 8266 5165 1997 2139 6049 1407 1111 3826 7353 6298 9146 9942 4566 4275 9693 3696 4618 1466 8773 9469 1636 5088 2854 9731 1232 4811 2748 8174 6738 6125 6524 2965 2030 4578 6363 3562 1628 9629 3276 4165 7630 4129 8479 7418 718 7212 7386 5052 3262 7837 8564 3805 10171 10175 9128 4143 4204 2430 1468 3662 9520 2309 6886 8780 5664 5645 3192 6582 2225 8859 994 625 1277 443 8156 7349 323 9843 1513 2487 10054 8225 1119 7640 8077 2123 5843 628 6202 2410 4810 1007 2801 6272 1564 2026 9331 8190 5249 2167 8438 6727 3647 6617 2953 8349 8154 9289 8978 4880 3816 2682 3822 9807 6603 1453 6037 7821 9774 1220 7128 6538 3578 3163 2697 2387 8290 9907 1953 400 6474 9464 2292 1697 8185 9771 6537 3372 3603 5689 4326 654 5669 3079 3133 5804 1622 2658 8467 6850 669 8055 5952 681 1768 624 2395 8497 8585 1110 2074 9154 8713 9781 9244 3958 3484 6008 8652 2892 4889 444 8024 4460 5539 5040 1998 9538 7348 1928 2391 8546 6608 5080 5190 1368 7290 2343 8663
941 5868 32 705 775 8219 8849 3885 6313 6726 4945 1553 455 5261 6421 9038 2797 9451 2926 6660 578 404 3094 6881 1648 2706 9576 1273 4896 5552 7011 3935 9746 9612 7067 160 5999 1074 630 8750 3731 5579 663 9056 6078 8102 5424 433 1774 5681 8550 732 8166 7673 3470 8801 7233 7677 8620 5687 4976 2435 4084 6382 9020 4256 6246 4278 6899 9200 3891 4105 6261 4769 2893 6701 660 6106 5822 4999 4553 6002 7872 2672 10170 9654 3555 6953 1877 7302 4681 3280 4349 9383 7481 9697 2158 5186 448 9571 6835 2466 6697 925 8011 673 3537 8854 9725 4863 2279 6711 8313 1850 1786 9653 3573 401 744 1952 1845 2779 1963 518 10132 7733 4984 7906 9689 2130 6490 4074 3982 647 2353 1018 8689 6377 592 6930 3893 4300 7024 3279 6315 2315 3425 1817 8222 8410 8555 5153 6224 2480 6142 4890 6534 4140 9040 1916 514 2762 6285 6500 2843 8574 5307 6243 7961 3476 8504 4960 9826 1914 4696 8655 1296 4280 9825 2623 4247 3758 2846 9978 8329 2446 3841 4001 6372 7998 6162 3599 1520 5773 7291 3051 5989 4841 9308 9830
156 2076 360 6799 8788 8307 7258 9522 489 6940 9789 101 4340 5814 2473 614 9297 1406 8298 1732 8109 4046 8824 6076 4628 2602 1752 283 8900 4323 7621 7822 3333 9648 7423 4133 8070 6504 917 4125 3097 1562 9039 3212 7776 4677 3680 813 3614 5280 1269 6763 7382 2904 9670 5014 1592 7203 1714 7751 2903 2956 6237 2015 1915 730 872 4439 4241 7682 2545 8521 3645 1610 5158 1811 8151 1638 9161 6584 4701 3358 2229 4875 4327 6091 7 9796 7004 2927 1932 9852 4996 4190 2527 7598 9996 5017 5840 6068 1605 5520 3521 855 2253 6190 9911 2278 9336 295 6488 1896 3195 7953 2561 649 7385 8932 7417 2153 3177 575 10006 2644 2312 5208 4155 5913 3188 2637 1375 7360 2462 1763 1698 9229 7036 5211 6806 6116 369 2033 8048 5367 9788 4488 7389 6226 790 5751 4675 9473 3311 8267 1118 4683 3743 698 2754 8318 2764 9800 2454 6348 6075 8936 1640 8249 5214 7101 503 3664 3909 2935 6981 8132 6065 6332 9848 7778 9604 4079 5826 5132 8887 3809 9025 555 3525 3666 7865 8796 4777 316 3134 7678 10010 4730 4219 8828
369 2033 8048 5367 9788 4488 7389 6226 790 5751 4675 9473 3311 8267 1118 8589 427 9480 7408 7400 432 2331 3660 1442 9783 9588 8169 5985 392 6105 7774 8058 2303 1042 2216 9359 9923 5266 4114 5395 6227 9776 4862 4430 9552 4787 8205 10084 3600 5737 936 5978 803 2342 5030 7563 2383 10024 2790 353 6062 1295 6599 8200 8674 3703 9975 1174 3296 9655 2448 536 8305 1117 590 25 2975 7870 94 7580 9651 6811 3040 9513 3250 879 2157 2063 2842 2201 4022 5188 9598 9994 8539 6339 4498 1581 6248 2213 298 8270 3962 2356 10156 5592 646 3231 5380 417 1866 8206 9863 4101 1941 426 2543 2148 6653 9374 2034 4989 9563 10126 2073 6360 6836 7847 9261 870 374 7707 187 105 4988 6262 2114 540 6505 686 7908 3959 1298 3778 1696 8494 2106 305 6878 7306 2154 8627 6943 5496 4697 3920 5331 3548 4820 7340 4817 3085 3130 6966 3398 4048 2699 1936 2840 3808 3925 7499 549 6465 6367 9926 7244 2660 8976 1071 6242 5637 7391 4428 6564 8661 3572 5955 3240 2614 7853 17 8365 9953 9027 638 1904 3697 7279 3983
7479 2753 4382 8725 359 4463 8660 6129 10022 3241 9421 4388 7851 4505 2865 1900 2986 9933 3813 366 1335 6776 7693 1657 8118 6517 4266 3129 5549 7716 8947 1469 6230 3858 4837 3653 9176 8686 2363 6403 10157 2187 653 3248 1542 8346 6349 1032 9072 8083 3556 8358 977 5340 9013 1304 5636 4137 4424 7831 6264 9444 5317 8399 2254 4093 4495 8919 7712 6103 5580 8277 2029 6221 6311 4703 6846 8763 527 1492 9430 9707 4510 8508 6492 2613 7390 5514 8714 7599 9302 7484 551 3005 8944 6471 5471 7172 4808 3375 5667 4830 4238 5423 8724 2465 8173 1120 6996 6980 1371 554 1760 5246 7730 7286 7399 6258 6849 4702 4283 3301 3018 892 9201 6808 9764 3449 4014 1809 3400 6370 7649 8136 7706 4412 5891 9922 9491 1300 6149 7737 6198 6853 5478 2025 9974 6168 4526 6516 8489 4822 4706 2398 8523 3275 5731 6792 3879 3165 10048 1231 9003 7592 2936 3314 1205 199 7063 5862 4641 9449 34 889 3535 5744 7452 8455 72 8634 6133 2449 4748 1279 9373 8931 5337 8005 7738 5589 220 9405 410 7727 2710 7405 5750 8124 2700 9423
6463 6357 1659 4792 3566 2565 2247 9372 3383 5308 1051 7215 714 1792 10004 5149 6832 6443 6621 4026 245 904 6971 7219 608 3969 6163 8811 2418 9512 5539 5040 1998 9538 7348 1928 2391 8546 6608 5080 5190 1368 7290 2343 8663 6404 809 808 6709 8641 973 9292 8928 2129 8397 1519 6191 8333 2488 5141 1709 7743 6693 9471 4959 2912 9711 4579 202 1532 3689 8223 3532 3300 2678 103 776 3029 4273 6730 516 5488 3642 4895 2322 135 2506 1190 907 2287 1744 9135 3138 2089 633 4272 8673 5585 6748 5200 3077 4227 7666 7894 2066 122 8545 113 8263 8993 7669 9150 8752 2484 3922 6563 5092 5432 7415 3471 7054 6281 7562 2347 9355 5086 1439 7930 5778 2233 9492 9084 641 2083 1521 8319 589 1392 8330 415 1691 4848 842 1198 8457 9194 1646 1742 9477 545 2792 3316 5485 6023 95 7635 7753 9177 3338 7746 319 5672 8528 9613 8158 8291 8247 2425 5368 159 4815 51 8370 1604 8105 5273 9402 3518 2128 2540 6581 338 3009 2227 4524 4442 9664 4311 9076 8968 9158 229 4354 3676 1223 8454 5010 6144 10165 9673
4683 3743 698 2754 8318 2764 9800 2454 6348 6075 8936 1640 8249 5214 7101 8973 9559 2552 9489 9859 9500 6323 9748 6131 8470 1099 3033 3738 1490 9196 203 1873 3066 1152 5346 7370 7357 8403 5197 4568 9409 10095 2723 2291 7332 3686 1221 7181 9786 8667 1670 9908 3910 8826 880 8547 4480 8231 466 741 7308 6991 2981 1590 2633 7674 4911 8784 3768 4542 3835 248 2052 4789 6561 1955 7142 7009 9364 9810 1994 2628 4245 6119 3571 4175 3677 833 6010 8246 7304 9973 8028 9757 5257 8868 9808 7939 7903 1366 1652 4356 8272 418 8499 3164 1297 5629 1326 8980 3265 2994 8719 7556 8959 10113 8060 2772 8376 7366 9344 2896 6137 2666 7606 3838 5793 2592 8348 2374 3200 6213 2800 416 7882 1316 6054 8012 4293 5016 146 4634 2647 4351 4630 8481 6606 820 1712 9343 8746 7354 3970 2610 4315 1726 3268 329 4905 1027 3494 2022 1427 5545 9502 9632 7661 6747 6427 8568 3437 682 772 1188 9138 9636 5632 5905 10059 7319 5595 6173 2588 4554 3454 9851 1754 8532 1541 4168 8809 958 8112 5521 1069 8802 6594 885 6046 8108
8504 4960 9826 1914 4696 8655 1296 4280 9825 2623 4247 3758 2846 9978 8329 1726 3268 329 4905 1027 3494 2022 1427 5545 9502 9632 7661 6747 6427 8568 1566 2738 1892 5139 9766 8573 5969 9052 6687 1890 8575 3888 9747 1201 6196 8230 9053 4400 8685 4536 9243 7090 1148 1105 7297 8257 2584 8356 6686 513 9525 1737 309 5966 3467 2556 8076 1947 8420 6499 9937 6721 2265 4047 7514 1505 2533 6533 10112 8586 6016 7984 3930 279 1030 9710 5312 4770 965 9465 7451 8558 572 9891 5157 7549 8740 7572 9330 7242 5699 4520 2155 2686 1227 3729 1655 1878 7591 2134 8814 1341 5507 6744 9918 482 9878 4454 4368 7031 5534 57 4902 7162 7614 4913 6383 5327 7192 2071 10050 8016 2392 7247 9979 6260 1551 3489 2976 3616 3431 6864 3878 7772 18 6179 9823 5607 9727 6097 2357 1029 2728 5882 5127 4592 3956 9971 2711 6683 7122 261 1219 1611 7892 7835 128 6087 5526 7960 6707 1911 6532 3793 5536 1430 7214 2276 9432 9218 7815 2211 1668 3897 9868 6302 6017 3354 774 561 4576 4507 112 7509 3341 9185 8743 9080 6543 3876
5838 1767 9584 6674 8177 8862 3864 5433 550 2086 6714 1868 5406 2603 7868 6707 1911 6532 3793 5536 1430 7214 2276 9432 9218 7815 2211 1668 3897 9868 3015 6295 3288 7628 209 1552 4523 999 8412 136 2244 2702 8324 4164 7161 8813 3353 1092 9743 7711 4827 7997 6885 3511 5810 3536 4324 7639 9645 5845 9352 8286 2573 5527 8924 7625 161 1736 2416 5784 4802 2651 8556 381 9054 8232 7490 7650 8810 2874 8186 7502 5054 4390 4135 1215 3906 7986 3380 5652 3048 1982 7243 963 6787 7948 4211 6872 6307 680 5812 7844 609 3531 8906 7033 3307 662 2477 3343 9505 1022 9394 966 6219 9363 4657 10121 6440 6545 1185 2268 4662 7411 10035 6435 8648 256 267 8623 9107 651 5001 2917 1771 8770 9733 394 4771 7445 4556 2681 9079 3246 2402 5116 78 5291 1629 10163 9729 2789 9035 5568 2755 1233 9970 9561 9508 10185 2051 1876 8248 1317 8106 4755 2426 9549 9705 7523 6109 9726 8445 5772 7918 7823 7934 5864 1189 10152 7120 9340 9295 4205 9415 7438 7995 5258 9411 1731 8732 2739 8039 6673 6343 4760 7430 6410 8535 3853
3920 5331 3548 4820 7340 4817 3085 3130 6966 3398 4048 2699 1936 2840 3808 6302 6017 3354 774 561 4576 4507 112 7509 3341 9185 8743 9080 6543 3876 8767 2045 4303 3236 9749 1153 9224 6914 5073 8326 7344 2571 6362 1690 9140 4935 165 942 2460 5462 1945 5164 1058 7554 2075 2496 3881 4044 3833 1591 43 4120 3054 4903 1680 4962 4186 6906 495 9815 4647 4664 4161 9012 2428 375 5675 4314 2650 7487 5145 5602 7075 221 163 8693 7755 1212 5883 8671 4813 8443 5372 1217 6055 6359 4487 6390 1815 5319 8093 4501 6345 9455 7849 7278 3139 6154 9439 4417 9531 1362 1425 4468 207 2444 3635 1561 3289 7077 5809 8761 6423 7012 9898 2421 3861 5657 9127 478 9539 2091 1583 9998 5654 4363 1584 6572 6720 2200 7602 2177 6963 1338 2673 10183 3032 4402 7985 7206 4998 2948 4782 4845 6394 9413 407 2208 2274 1524 6153 3172 8997 6934 9379 6544 5791 9044 2778 4177 7200 10148 2513 802 4788 4367 1852 9862 3081 8237 9110 9457 1096 1195 4490 5902 8917 311 3763 4179 2920 7812 6334 486 9988 6244 8911 748 3488 1431
4442 9664 4311 9076 8968 9158 229 4354 3676 1223 8454 5010 6144 10165 9673 7394 1560 2922 6507 1187 3837 10051 2662 881 287 9090 6841 5968 6269 6254 2916 4591 2099 4859 9253 6007 617 8562 4622 6736 4062 3068 6408 9798 2802 8827 1522 2692 3145 3124 4518 5711 8250 6487 3481 1777 10052 1434 1722 2394 8647 3178 7194 6387 531 7296 5316 4839 8543 3667 8485 143 868 2111 4540 4310 5941 9871 4981 6619 6735 2669 7566 3951 201 3896 9660 3955 521 3715 9572 342 9650 10187 768 8606 7622 1438 2735 5446 5256 3395 2768 7503 1673 8699 1931 6567 6858 1015 1846 10066 6988 6695 9339 2902 10173 6712 9603 722 4225 7993 5255 1516 6029 3752 8613 1795 3784 411 606 3650 1819 4172 3605 3724 5358 3092 4604 3760 7410 10096 4756 1149 4436 1230 8078 1235 7449 6114 8402 3209 1033 6605 8820 7530 317 3627 3509 9108 8769 9424 7524 5979 7624 6143 8462 7921 1509 4560 8874 6503 7662 2016 3473 1186 2690 6480 9537 2140 8957 4268 2049 9164 7973 1662 9873 9738 9683 1483 7762 3123 7074 3933 867 2226 8493 3175 8309 5172
1930 5779 7183 6448 7170 9231 5062 3021 3960 9821 3803 2631 2999 6407 4952 4904 3815 3348 6015 5638 6990 5449 9425 4459 162 3913 8229 7747 7301 3404 2286 6317 4403 725 7472 5113 6807 8622 2490 7521 130 1958 4138 6338 5063 752 5858 4970 7937 8912 8228 1299 4750 3271 5984 3168 5690 3038 8609 2878 5871 6445 785 6615 5156 6099 9547 5250 6838 5993 2604 7912 6655 7293 3685 9952 5233 9894 6368 7933 4347 6337 4305 7483 5889 4635 6893 111 6098 6793 8019 5849 4602 5870 8643 2475 330 5532 6649 9715 6418 9190 9723 5269 7305 9929 7097 8364 8902 8427 9635 7196 9666 8292 5837 858 7560 1345 7016 2617 244 2798 3287 8423 4655 5486 8037 7081 8384 9213 5709 6985 8839 180 6755 9869 7148 3290 8125 5739 4344 1486 1854 6919 883 4733 1329 9214 4871 1291 7626 4077 6586 1100 4408 8654 7103 8656 8913 6794 3098 5780 6862 2784 6809 1473 2835 9260 6122 8501 7938 6986 2670 6967 6148 8576 6268 8852 6501 2060 7779 3373 6754 9931 2235 10146 7895 1954 4597 8331 6863 6694 7686 6493 9152 5834 1689 2858 6416 3408
8371 1617 1275 5503 5588 8189 7133 9486 1413 2006 10074 9947 4758 3755 1238 6109 9726 8445 5772 7918 7823 7934 5864 1189 10152 7120 9340 9295 4205 9415 8838 2173 7275 2863 5099 8328 7127 4375 6241 1440 9718 2020 2044 6371 89 1372 9060 1226 3741 6147 7695 9836 7638 4302 1398 1794 3575 567 1068 7492 7992 9677 4034 3863 4931 13 6096 1418 4838 9858 2895 5284 8283 9324 7457 5598 4055 2607 3582 6722 7072 475 1757 2165 2334 2824 570 7422 4051 806 1625 5893 7690 7032 8695 7528 9785 154 3119 2064 9258 2014 980 6155 6753 8 7925 9474 157 562 2503 4824 10115 8354 5303 2032 5542 10135 7987 7962 4036 1144 9919 7807 4674 597 6868 7358 77 6379 363 3264 1544 10092 1281 9015 733 1131 4728 8737 6293 22 6556 179 9759 2674 6263 2652 7216 1750 8888 3952 7066 902 5851 5475 2346 6025 5860 85 3410 8676 8379 7116 9232 9958 9686 9685 253 9073 4145 124 1090 6466 3125 8729 1168 2427 4791 4261 9814 5535 8460 1308 8194 8394 6713 7143 10087 811 6588 6882 4476 6554 6964 7281 5890 5110 5895 2371
4929 2348 7792 2955 8878 4680 6770 6800 971 10164 6760 9536 8268 2498 582 5490 9847 6452 3890 7397 9280 886 8958 2978 5144 743 2192 4053 5768 8738 7200 10148 2513 802 4788 4367 1852 9862 3081 8237 9110 9457 1096 1195 4490 5232 2378 1855 4269 8941 4309 8927 4908 5154 8842 5036 6765 457 6072 1879 5215 1721 3008 9436 9390 7838 5271 8754 5300 6752 7618 468 3550 7065 8311 5935 9428 1895 8089 9327 6461 9886 5203 6670 9602 3997 7809 7582 2595 10100 1535 4726 3892 8251 3254 8451 7147 8955 3687 7923 689 6651 5369 6910 7134 307 8905 1355 3078 7169 9223 9755 8490 3742 4180 6361 213 5000 1677 3564 8892 3014 2934 3429 8441 9293 2811 6376 8578 2214 9112 3999 413 8474 10020 2771 3351 4154 956 7963 5587 8830 289 4091 7425 3428 1538 6922 2283 3659 6810 8459 7670 2868 4086 4418 7401 8803 2455 3121 5875 7173 1213 3514 9178 9276 194 9187 8395 9279 9794 3538 1000 8702 859 8150 8561 451 6880 2042 2112 5921 742 734 1393 9906 2450 8480 861 3426 7114 676 5174 6469 7604 7428 9286 5635 8129 5041
7611 6937 8179 8279 2522 2407 2328 4010 4752 2251 2270 3269 8630 8201 8782 3437 682 772 1188 9138 9636 5632 5905 10059 7319 5595 6173 2588 4554 3454 4710 8285 1971 3728 4234 4392 7871 1615 8421 6120 6438 3850 3312 3734 2386 546 9132 9057 5662 7876 1192 8548 2110 7220 3445 200 8121 6336 6028 6187 7124 10130 6083 8133 2257 7125 9180 134 5012 5576 274 98 2188 9494 4061 6774 4073 726 6318 8239 3684 2184 3884 6528 6365 6802 9964 7705 4264 8534 8831 1203 7455 8969 2404 3927 4985 6188 9702 1858 2743 2362 3722 1303 9910 1236 7803 3708 9627 8593 7704 1310 5994 2405 8994 9159 7416 7431 10002 9028 6456 6541 9912 7038 4595 5611 2217 5305 7897 5122 3712 5384 2335 6449 367 7073 703 5021 1048 3084 3750 6369 3530 6355 9447 281 153 2495 23 1901 3218 9890 2258 9640 3641 579 7526 4714 7109 6557 6273 2288 8310 9865 2489 8559 8284 2304 2442 3766 1518 3034 4054 8255 4194 9173 7887 8336 9787 26 1838 6439 5562 9695 5716 3516 4852 9527 10145 9014 8798 8031 2531 5421 2542 10016 9197 7150 8949 4331
1782 3423 4572 8866 5954 5736 9083 9319 841 2890 3050 7062 477 6234 8415 4307 6676 975 2043 3308 4979 1770 6757 6887 6182 9148 4614 5272 5590 3285 7938 6986 2670 6967 6148 8576 6268 8852 6501 2060 7779 3373 6754 9931 2235 9906 2450 8480 861 3426 7114 676 5174 6469 7604 7428 9286 5635 8129 5041 6638 7749 5055 4673 791 461 4569 8304 1225 3440 1735 7427 8680 2115 2149 5693 1038 9467 5824 4064 9009 2011 7239 7798 3369 3978 6692 7632 8922 853 3985 6306 1055 3415 2250 10026 10105 8672 4735 3957 5090 5847 3620 7750 7178 4868 2330 3725 4389 428 8988 9799 10172 5285 5101 8704 1253 3189 4927 2133 7765 6661 8260 4050 7518 3727 661 6781 8503 1179 3049 2586 1579 7376 208 4348 9337 943 8182 2345 1993 5640 9619 9168 1729 3328 3035 2583 8208 5187 615 8584 6304 9303 530 2957 9532 4644 9385 2816 8252 5789 5399 5614 2849 6857 9248 10123 1059 2321 1966 6222 6823 4794 1582 2709 962 7559 2117 4372 4248 3949 9094 1410 6092 693 3865 7954 5177 5183 7045 8010 4030 9386 6277 3435 1465 3979 10029 2437
3871 2806 6602 62 4029 2720 8853 3961 6470 5728 8951 2751 9983 9277 8765 807 2373 996 2825 2961 5175 10032 2122 4394 9545 7989 2980 9325 4594 4716 7530 317 3627 3509 9108 8769 9424 7524 5979 7624 6143 8462 7921 1509 4560 4132 2505 4783 5933 3559 485 3063 2791 3197 225 8889 6495 2555 2037 6228 3304 4322 308 5077 9704 8008 2947 3256 3723 259 2191 4965 2137 8430 2273 9264 7373 5391 5355 3678 4251 66 7940 5182 4291 333 8114 1306 8026 3767 3679 9779 6280 7969 7740 1328 3639 9675 5835 6340 9099 4741 431 4800 7030 7199 9968 5238 4600 1339 3867 5076 3619 8220 755 2384 2193 1816 2823 4393 652 2256 5707 5375 5626 7311 5962 1088 3836 2712 9620 8821 6634 1133 10127 5240 5248 3709 8939 6939 5373 10167 2202 3185 24 6095 1949 9454 4951 6913 5226 8322 9606 928 7757 4451 524 593 6659 5253 4759 452 9453 3474 1968 1933 5407 10014 2558 9257 2782 7121 3974 7877 860 7590 7605 5548 9534 9915 8642 8638 4739 4993 9356 6642 1733 8855 7035 6071 6639 10097 3601 5684 6824 6827 7123 5403 2136 3852
3275 5731 6792 3879 3165 10048 1231 9003 7592 2936 3314 1205 199 7063 5862 8874 6503 7662 2016 3473 1186 2690 6480 9537 2140 8957 4268 2049 9164 7973 4145 124 1090 6466 3125 8729 1168 2427 4791 4261 9814 5535 8460 1308 8194 4550 7156 3096 9126 7880 9259 4015 1627 6884 3800 8599 1324 9074 6546 1350 4763 9834 9081 3350 5885 6172 2046 8525 6643 9579 6997 2659 8628 6322 5310 6938 2305 8308 2746 1309 511 3919 4834 9233 9484 8140 1525 8081 9091 691 4764 1301 5438 918 747 992 8401 9147 8289 7179 2358 9144 4754 5844 3714 8653 2526 3942 3966 2266 1191 1382 3118 800 6251 7942 5857 4448 5601 6475 2311 3061 9488 5007 529 4978 8883 2924 4028 915 1476 2478 10019 876 4669 102 5604 4043 2964 9861 5236 5898 8522 7307 9139 223 2040 10150 6830 241 3217 4163 4898 1385 3598 5377 8243 5349 2290 3215 8043 672 8591 3967 9690 4964 2492 8572 4907 4379 3374 4371 674 5518 2127 9066 6732 8759 5884 4772 9360 3230 2615 8040 4396 598 10030 6935 8698 2887 2294 7537 678 6236 7053 812 1789 8815 1821 5876
7494 4004 8805 10119 596 10067 1437 7377 4378 5096 2839 7767 7552 2220 2194 5125 1800 5554 3510 5277 7064 3633 4958 4923 1019 558 5564 371 2983 9638 1518 3034 4054 8255 4194 9173 7887 8336 9787 26 1838 6439 5562 9695 5716 598 10030 6935 8698 2887 2294 7537 678 6236 7053 812 1789 8815 1821 5876 1970 8196 3293 6314 7721 104 1332 1039 823 9752 2952 2946 1563 2677 4263 7264 5227 874 5105 7368 7976 9192 8281 7050 618 365 724 5555 7381 7726 5002 9313 6624 3313 4449 7341 6936 9842 8511 6654 9398 8113 4659 8488 4860 2859 5162 3180 7352 6496 5031 5047 6477 2260 8717 3173 8085 9115 2316 5887 922 8551 1964 8836 1477 116 2517 1801 6817 8863 5561 9338 5688 5089 9442 3698 9045 781 5109 6668 10159 150 6009 2944 7350 4384 2514 839 719 4147 5817 1251 7099 10086 3971 337 441 9143 6575 204 2785 6598 7808 4776 8233 9778 2847 3721 512 1725 1107 7107 8872 1704 10106 5741 5386 5333 9026 8209 6931 10078 3228 2434 5136 6691 3444 7015 937 8843 1740 5385 10102 2923 552 3179 9623 1637 2135 6279
8471 9740 1435 8776 5914 7327 1748 6750 4561 7380 1603 8800 5013 2396 7782 8380 5185 8065 10116 2987 5366 10138 5923 2240 4294 10069 1593 5444 5338 3790 1444 1996 2576 7854 505 2689 1493 5556 5192 4 8612 8619 4362 5058 9157 6642 1733 8855 7035 6071 6639 10097 3601 5684 6824 6827 7123 5403 2136 3852 2787 3693 6374 4503 1175 2770 5745 7720 7869 8948 364 3593 4398 6214 9739 2085 9938 5301 6467 2221 6600 6596 8054 4672 6636 4441 1136 10134 348 8890 3451 6209 8915 167 4313 5029 5567 2581 7229 8293 5205 7475 7974 8168 8745 2267 8165 7298 1619 6976 5832 8299 7034 9075 896 5696 2354 5242 9269 1313 6381 7585 8668 2967 6663 2534 1642 4658 1116 8152 7342 9391 8530 8934 1282 3455 8400 8176 7642 5083 4365 3115 7359 5760 4653 270 1545 9307 8463 2665 123 436 1685 3921 4856 4391 6509 6665 2093 2969 7085 4598 9353 835 1669 5087 7078 7698 246 1285 4855 9323 3211 490 8755 6650 10060 6064 7905 8320 442 8823 3916 8727 1529 3391 8893 453 5776 3901 2243 9246 9395 9678 10073 7555 9758 2725 5524 6101
4208 8635 4033 6987 8274 8170 1881 173 8217 3075 7321 3252 97 3533 1057 7486 80 3506 4616 9528 3292 6519 7958 6107 5071 5631 6745 8449 1711 2621 9212 3899 6247 7284 2372 7975 4450 9647 7270 8211 5351 70 576 7980 7383 5833 5700 1822 5704 3472 7775 5566 5206 3330 6126 786 50 3413 2199 3501 1417 5996 4472 10055 7277 2314 9392 522 1598 4640 5044 1415 1550 2950 6580 242 10151 1667 2263 3183 6199 9499 6506 1062 7265 6536 955 4652 3753 3047 931 8582 82 8712 7005 3761 8418 53 1886 822 9266 1887 888 1920 5137 8850 7873 9315 145 9667 2501 4107 5608 215 3823 1077 605 5470 7664 7910 8406 1675 6030 6970 9565 1969 6657 10120 3799 3278 6066 548 5022 3144 6672 10161 2567 4021 5451 9497 6796 7532 4341 9784 9920 2730 9634 2062 650 9674 3491 1972 5341 2624 7334 118 6270 5412 3284 6982 1843 8536 10037 2272 3418 1818 6571 4535 1837 1358 2973 465 1130 1498 5168 8608 5027 7246 2197 6562 1167 3695 2476 3828 7991 1805 2411 1020 8625 7576 8602 5081 1021 6993 9179 5152 6791 4052 7312 3083
4359 9249 2474 5861 1184 3277 5142 8074 5836 4018 2453 2181 7901 4060 5306 370 981 8614 7136 2675 3622 1835 4257 3563 1200 745 3156 1177 8009 2563 1662 9873 9738 9683 1483 7762 3123 7074 3933 867 2226 8493 3175 8309 5172 118 6270 5412 3284 6982 1843 8536 10037 2272 3418 1818 6571 4535 1837 1358 7915 2932 8210 6161 1880 5767 5976 6441 523 4781 345 10101 830 4415 149 2671 5633 827 1940 3953 844 7943 3261 10027 6869 7773 816 8157 5210 8022 3732 3590 5964 2436 541 1537 6464 4250 9130 8396 291 9370 3427 1885 4124 866 4446 911 8822 595 1496 8020 5072 6968 2367 3623 8986 1467 7080 299 5324 3378 9207 3739 2894 8500 1475 4857 6399 7049 1644 9555 8096 5314 7558 6233 5484 3602 6671 8036 8639 5982 5831 5171 3754 6060 2170 7700 44 8793 1923 3067 5450 7111 6718 3360 6200 5656 7797 8007 4778 5180 9239 3541 7454 4773 2776 8351 8861 9530 9358 12 1084 1695 9924 696 424 7927 7967 8146 3787 2379 2350 396 2126 4226 4654 5553 3044 6916 8818 8306 5282 2264 6856 7497 2520 5934 5361 9957
1935 8030 328 5445 4229 3136 757 10009 2028 2871 456 3420 7076 2452 6928 8032 3464 2081 5679 6847 7096 3798 3829 7830 4290 3991 1183 7126 8197 5683 3925 7499 549 6465 6367 9926 7244 2660 8976 1071 6242 5637 7391 4428 6564 5902 8917 311 3763 4179 2920 7812 6334 486 9988 6244 8911 748 3488 1431 4100 5758 1411 4097 3291 2002 4126 8942 9458 5606 3171 688 8910 5217 1922 4160 3940 5228 9550 7665 8458 6974 422 3788 1078 2721 4642 6476 9191 6265 5195 8515 8766 1769 4458 7202 1113 5492 4039 997 1323 3523 108 4666 9831 3086 7268 3127 4213 1244 10015 856 2118 2963 6033 5649 2997 3273 4917 10103 1443 7637 7299 8785 3359 4380 3762 4685 5298 7594 8123 5677 5842 9839 5620 8891 756 1939 7663 8373 2500 4167 7680 2899 8657 7466 4534 5715 1243 7314 6616 9959 2928 4149 8261 3547 5820 4181 5057 2805 6903 3710 3540 3059 5680 8001 1222 4008 68 1405 864 7799 2324 258 1967 5980 1359 8487 9594 206 3954 3631 2860 4182 5251 3625 5540 3438 9874 1543 6296 9238 4237 9887 5454 5436 899 3253 389 2848
2827 3480 9991 4312 8786 5729 4252 2793 8778 9709 4877 2414 869 6481 8607 7367 8865 4112 1463 737 6454 3447 2082 8684 4249 9093 573 4425 5411 1157 503 3664 3909 2935 6981 8132 6065 6332 9848 7778 9604 4079 5826 5132 8887 4641 9449 34 889 3535 5744 7452 8455 72 8634 6133 2449 4748 1279 9373 2568 8345 3102 5530 3994 2870 9104 7313 862 795 4192 7469 4212 4798 8983 2108 9972 5630 2593 9377 4103 9250 3007 3772 6253 8512 8741 7104 4083 5463 5066 1783 158 6773 1103 10033 6548 5615 3716 4514 9941 9610 7850 765 6392 6604 9320 3990 10012 1753 7157 683 6217 7920 9322 9719 1665 1311 7273 2248 526 5378 4096 3615 5505 277 7095 6574 764 6977 1135 9837 8221 5356 568 1229 8202 1006 4090 10064 2190 6067 969 9930 2888 2280 1246 9966 1803 627 176 46 8411 10065 6397 7577 8404 7316 6646 3477 385 3317 1083 8435 6042 8567 6933 7436 236 3746 7188 7841 8475 5544 1128 1408 8041 10001 4109 9742 7891 2943 7412 3109 4983 8731 6610 3366 2591 1678 1607 9736 2332 237 5068 3186 8971 2808 777 3434
243 2818 6353 1978 1762 8940 6100 6283 4688 1331 7347 7098 1210 3607 5480 5570 9175 6157 3551 10089 7163 9240 9652 5299 7573 4258 8621 6366 5350 5839 8661 3572 5955 3240 2614 7853 17 8365 9953 9027 638 1904 3697 7279 3983 8762 5050 7800 3594 8465 796 1452 8433 1534 8869 3908 4233 2275 3587 2058 1702 5402 1589 2285 2618 4567 5069 5950 2601 8340 7758 6038 7002 1245 2182 4995 9999 3421 5647 4012 7519 2458 3412 9032 7861 2833 9722 306 3946 6271 9649 9141 1526 10169 6288 8193 3001 9782 4141 5878 1840 2000 2638 6625 8468 6553 6708 4612 3166 9777 3110 4345 3114 6215 6498 5734 6746 6923 58 88 8254 8631 4645 2087 8164 7091 7806 2457 9215 5290 6779 1802 8419 5674 9792 4720 8314 821 2102 2732 3037 5972 7684 5850 7697 7820 7210 10109 2977 5413 9410 2653 8082 9380 1514 6011 5038 4786 5685 3770 9960 6434 3340 1999 2992 170 6195 8296 8159 7042 10143 1948 8995 8833 4538 3673 1706 6630 8496 5037 8848 4825 3356 5201 986 3247 4462 8338 778 7057 1451 10133 7470 1962 2098 6412 3499 2296 2222 7480
6675 6992 216 8302 3692 8341 903 6389 7014 2443 5009 5464 354 8235 6400 6852 1386 3221 28 8079 6045 192 1507 2819 797 5020 7462 425 2103 1571 3809 9025 555 3525 3666 7865 8796 4777 316 3134 7678 10010 4730 4219 8828 2973 465 1130 1498 5168 8608 5027 7246 2197 6562 1167 3695 2476 3828 7991 3402 974 8952 8080 6861 9805 6450 6034 4360 8204 1381 10023 8408 5703 6483 3310 4797 5276 169 3674 5151 5320 5039 3681 9030 3513 9440 5777 2539 9111 3148 9037 3158 1883 5134 4142 5992 9625 6074 4915 1005 1424 2344 1528 54 3274 8666 5609 5466 1478 8195 4676 2640 4949 5785 36 7263 2166 952 3549 5990 8139 7538 9961 5742 7513 740 4467 2683 3486 5193 6700 5912 6844 569 7465 6346 5565 4059 4660 9318 93 5786 9001 5975 5743 5181 350 4369 4159 9840 1380 7337 3769 7679 106 8524 4049 9963 467 91 9717 8141 6205 8876 2024 6003 9153 10117 5938 230 10018 8061 9304 5097 4358 2397 8147 380 9509 7046 3644 2012 8059 6989 7322 6063 4220 9721 7119 9182 8749 4485 6764 3668 4508 9795 3057 8554 6135
7964 8690 5807 2942 817 978 6170 3986 5078 5420 5543 4239 771 1776 5159 5830 7185 7365 4200 31 5085 5746 7398 3355 3629 2528 6585 8789 1081 5019 6026 6635 6618 5364 5330 3475 7047 8321 3160 2763 3832 9137 1485 8881 7043 9851 1754 8532 1541 4168 8809 958 8112 5521 1069 8802 6594 885 6046 8108 2550 6395 4504 1961 3907 4876 9574 926 2962 4081 5148 6947 9121 8073 5916 387 9639 238 7994 9734 4431 814 3011 5143 6901 2664 4419 6510 7786 829 4596 5322 8361 4649 8431 2796 9932 8797 6662 8783 2164 5991 1860 5880 5479 9407 437 501 9120 8138 6347 1209 9679 4936 9316 4563 6442 4296 1679 6737 3702 8014 3128 1399 4610 3640 4438 2239 2546 4704 3655 100 9284 584 3851 1723 8021 6331 701 1363 626 5398 4906 335 2271 3649 9481 8317 1596 4319 4586 2120 4529 9672 2645 2236 7911 7476 8678 9459 517 6378 8972 3785 6965 4479 3441 8015 4333 6932 1921 2612 7646 2061 6819 5296 629 1481 4928 2971 5428 1988 1717 3203 1523 1664 2688 9217 6833 8120 6140 5326 5405 3299 3705 5816 4157 6889 2238 1612
2446 3841 4001 6372 7998 6162 3599 1520 5773 7291 3051 5989 4841 9308 9830 8931 5337 8005 7738 5589 220 9405 410 7727 2710 7405 5750 8124 2700 9423 10146 7895 1954 4597 8331 6863 6694 7686 6493 9152 5834 1689 2858 6416 3408 1805 2411 1020 8625 7576 8602 5081 1021 6993 9179 5152 6791 4052 7312 3083 8617 55 9008 2491 5853 5802 7557 4986 5706 9063 3818 8808 8172 10128 1764 684 6900 3324 8520 5825 3082 1094 5509 9024 3937 5295 1758 5426 6589 9346 3568 6278 1049 4274 9585 6669 8434 6613 9901 8450 5452 3012 5489 3661 1023 9067 1354 4056 6719 7371 7482 5821 1155 6622 7696 2300 834 1734 5169 7056 1912 6194 320 8844 539 7990 5167 6689 7328 3074 183 7900 4796 3385 6459 6000 9857 9227 5783 7222 6059 263 340 8513 5262 8771 5563 7718 3286 7531 3024 10186 6788 4118 9087 9049 4342 4717 3931 2945 3504 2998 8439 1495 1053 9089 857 993 3646 5437 4948 2991 7234 7230 3022 5581 349 7600 8483 5612 2150 1565 8091 2095 6485 1826 4879 8806 2178 9393 2429 1641 7393 1567 4121 8681 9899 9109 543 3968
8964 7791 7237 3585 6813 4546 5281 7692 2897 3544 4199 2519 2767 6183 7224 3263 8966 4489 6570 3567 5173 1919 5360 6027 1888 3938 1178 5245 6255 1287 8394 6713 7143 10087 811 6588 6882 4476 6554 6964 7281 5890 5110 5895 2371 3516 4852 9527 10145 9014 8798 8031 2531 5421 2542 10016 9197 7150 8949 4331 2054 4712 7725 8342 4549 8104 5032 3336 4282 60 139 4422 3159 373 3996 8214 1126 8748 234 7440 9521 9614 10179 9365 3944 3801 1292 7402 2960 6518 2035 273 9198 5911 2207 8665 8388 9203 6865 8018 5733 1079 4329 5448 4919 69 9387 9256 5569 9609 8422 5150 3820 8807 4521 5848 8923 6058 3167 7863 4665 5928 9419 4512 6888 2886 4189 10181 4713 6542 3409 439 4731 6156 2580 6998 6115 7249 9967 7627 4089 4887 9493 1261 5597 4170 1378 1984 1491 1608 8278 5268 5925 6089 5646 9872 2246 4350 8898 9955 799 6834 4555 168 854 6127 4537 4276 7283 3883 9332 1910 642 6740 3357 4191 8990 825 171 3069 658 8677 8650 7634 7608 7813 1066 1674 4968 6266 6583 2559 5457 4075 8023 5419 8051 2737 8391 960
3030 2958 65 7804 5383 8963 4627 9204 9333 6437 5275 6225 6327 10193 9041 8953 4435 2557 6174 5336 2241 4699 2889 3628 5727 8337 10122 9435 5686 4846 7438 7995 5258 9411 1731 8732 2739 8039 6673 6343 4760 7430 6410 8535 3853 3247 4462 8338 778 7057 1451 10133 7470 1962 2098 6412 3499 2296 2222 7480 7217 3362 4353 1531 5049 4013 9882 6513 2175 3493 3657 3327 474 2293 4465 7647 2196 5546 9478 7898 2867 3106 7928 6460 8119 9288 2921 988 7709 2366 1797 4605 5289 4947 3894 4473 3346 1807 3553 5026 893 499 6040 5225 2036 6704 9354 7231 634 9169 2606 7914 1202 6061 7221 3025 1572 1462 8155 810 8413 6915 3439 7450 4939 5811 2620 7722 1724 2515 2097 4638 4975 5309 321 3688 3492 7205 5869 3053 3298 2907 8509 325 1283 4545 8775 3411 4492 3825 4289 1595 753 4881 9211 454 1383 8282 6978 9892 1302 8696 716 2077 798 5719 3309 2940 6627 3508 9294 1494 525 5732 7026 8569 290 9817 9993 4457 843 1412 7946 5370 9944 10085 1944 645 7407 4551 559 1286 9342 5376 10040 1325 2757 875 5112 5998
