8981 9676 6887 6427 5188 9507 6661 1375 3704 1840 5600 9041 6038 2042 6899 8756 9972 5751 9583 4527 2361 4622 1470 2032 3857 5467 2450 1134 4442 5197 5931 7993 1744 693 1383 3119 233 9653 3209 796 8699 1647 7621 8622 857 4772 5365 8889 7312 6469 1227 5454 8254 6078 4799 8641 3278 4868 8737 9400 5215 7966 3625 2272 4912 8955 364 2301 6178 2290 4452 107 6587 9274 6800 2630 1475 3033 62 9810 5449 3562 7052 1926 3217 3455 580 6580 2957 6833 9465 8790 6339 9765 5614 5071 3834 4342 5018 10035 6918 9300 5440 3796 4027 8916 2850 7877 5060 2592 4443 2557 3327 8137 1327 1012 5792 658 5734 5313 6379 7713 3778 7879 184 6718 4764 541 1495 5577 723 8999 7959 8152 1528 2431 5297 925 1780 2350 3990 6715 7488 1442 1491 2368 3643 387 2703 1781 2233 4656 7122 9458 2351 8932 9721 1909 3708 2315 6634 5290 1 3159 6255 8754 3591 8719 7804 7791 2130 6946 8456 3711 8664 8481 7348 9551 1950 9958 8768 8792 3163 7622 8587 4183 7946 6897 9815 1415 9175 9881 7389 2883 4616 1335 8210 7813 9743 6084
8316 1605 6728 7945 710 6756 6745 8535 651 7456 9966 4437 1972 835 1044 327 2563 6202 4037 6616 947 8619 1414 8426 5402 6553 3771 2096 5681 9209 4915 7262 7017 10167 7857 472 7798 7002 9713 8440 3459 3174 3441 488 9299 2348 6588 5105 6776 7933 5761 8984 2320 8710 6474 5009 4804 560 4727 5502 9561 7243 448 4730 4295 9270 7852 5854 9364 6777 1015 9882 8960 8824 9402 267 3438 8045 1776 6831 1248 4843 7023 4361 4302 4155 5621 7545 2362 5141 3462 4488 8910 2199 8874 4236 626 3985 1259 6398 1645 4402 7167 357 3674 2848 5277 5631 3495 3539 5582 2727 9943 3747 539 2857 6055 4125 9462 5977 1050 304 6243 4010 4228 5356 1590 2991 1704 2076 3175 153 4839 9944 4218 4328 3692 8438 10147 3274 264 6251 8467 7508 1851 6449 6686 8360 1745 7498 3984 1971 5218 2171 7726 3879 7656 2610 5027 6192 381 27 318 5344 8295 7677 6701 6968 2243 2666 9422 1536 1927 3779 3432 6270 8923 8532 6548 3776 6429 3143 5055 8820 7320 7934 3859 8706 4484 2088 9914 4590 45 3043 6750 2297 6023 1382 7610 9478
1210 8199 8930 6512 2595 6579 26 697 7117 1996 4695 6406 5016 6766 5513 7533 9278 6798 3600 60 5619 4243 8565 3165 6183 4968 351 8056 8354 5164 2960 4677 4338 1965 10191 429 2269 6714 287 4847 8425 1838 8115 5646 8553 1956 7955 3206 8089 3507 3289 3528 3777 4419 4681 7701 7207 1364 1801 8181 625 5441 8188 3962 2575 7904 6437 1438 1478 3199 6721 8136 5601 7778 160 322 9208 4683 3976 6116 2222 4310 918 8509 4948 3237 4820 781 9088 8217 9484 8329 972 3262 890 2183 9007 8410 3117 7740 4549 8071 1324 2027 6282 1716 9024 3420 3226 7436 9108 3714 4841 7759 3558 8976 3751 6018 3572 902 317 4250 5508 5986 2518 5749 7906 4930 6609 6615 6423 8985 7431 5405 5160 7072 8283 5328 8490 2552 3564 4732 1349 7308 1651 1155 4600 2267 2863 426 7098 6464 7038 8864 10072 5243 8333 3672 6182 4660 2912 2352 7369 6922 6808 7724 6768 6485 771 6834 1068 1236 5664 4936 4194 5047 8033 5890 8802 7272 5241 4169 9181 9888 8381 4349 1564 4485 8324 2238 1948 888 2964 2186 4674 4159 7777 3805 9461 1662
9522 1548 9341 5196 2 2409 9864 3590 305 495 6848 3935 4875 748 3546 2774 7875 7678 3092 7415 6114 4464 9702 4112 6335 7628 7279 4377 6475 7063 3504 1578 3096 8124 6126 5743 8620 7421 4761 3615 5148 8085 4201 7196 344 4030 6032 3641 5672 1463 9764 2226 5162 3574 2247 627 3152 8827 10007 2860 2175 5168 1514 2487 9663 326 2083 5713 9040 4504 7526 5786 7333 7254 3592 9575 2837 10036 2573 5489 7575 4993 1130 943 8926 6992 4090 3281 1626 8876 2344 119 10100 8769 268 4723 620 3406 220 8252 5107 2635 7565 5471 2476 307 8640 250 2513 8175 4362 5403 4279 259 3521 5921 5872 4387 4304 1201 1192 2013 5999 5622 2788 2446 9424 1982 2543 5382 4097 5976 374 8028 7995 8412 2763 20 1412 4353 7184 8847 5678 3433 9037 3830 3665 8287 3757 3599 7321 8302 7235 183 9368 2419 9744 2877 1266 2401 2239 6825 8469 7403 9094 2705 5710 10050 1837 6654 2242 10038 4511 8598 10095 1298 6977 6567 540 8133 7149 2211 2206 6061 6283 3612 4604 4937 3825 715 909 4767 9235 3951 6083 2449 9477 5823 2043 692
5111 9705 5925 2953 4006 2084 1663 6471 4903 8207 1088 7231 1264 3606 5278 1512 4883 7620 9317 3784 3781 9276 1893 5855 7520 5125 928 320 10031 1033 422 8854 1464 6589 3272 542 3359 5919 4171 337 5544 8892 1182 8371 6333 9469 8516 5460 2405 3788 7440 7204 7880 149 7698 3399 4756 6026 6244 7640 600 4520 3936 1498 7615 7929 9039 6549 8599 1499 4360 4951 7581 8182 880 67 2390 5370 4311 7957 43 9820 886 1177 5843 10058 4040 4808 3998 7314 3492 5262 9770 7116 8545 8526 5119 1633 8866 9348 7315 4542 3191 4294 9157 1158 9671 6144 3085 4795 329 6179 257 6196 1876 9131 5248 8941 6500 1454 8082 6913 2051 10003 5915 6988 2647 5910 3675 7319 2876 1881 6146 6387 9052 3036 7920 7068 7249 8220 9809 9014 2674 306 6020 815 5032 3550 7020 9285 5677 3061 6592 1142 8801 2652 3238 5186 8732 416 9379 1489 6226 9993 1410 1612 4397 6484 7725 8739 7762 6518 6355 5754 7971 3126 2795 4100 7350 2565 7459 9772 5265 5013 9572 1313 8386 8763 1905 1562 6712 1978 573 2469 6523 3046 739 9917 6290 10153
3990 6715 7488 1442 1491 2368 3643 387 2703 1781 2233 4656 7122 9458 2351 7184 8847 5678 3433 9037 3830 3665 8287 3757 3599 7321 8302 7235 183 9368 5323 2660 8970 6619 5913 4206 1821 517 5080 9247 9542 2161 4317 4050 2943 8421 8608 7714 8482 8330 7380 3981 4849 1031 3060 4585 3916 7648 6694 9608 2885 4971 4412 7926 2661 7212 343 8059 9439 1230 4508 8491 6373 4649 4867 5777 1131 558 2221 1457 1353 2997 7608 2031 79 7715 6287 3343 9707 3181 2515 3939 1632 6498 3016 582 3552 9245 9029 2303 8384 7269 3137 9360 8272 7024 7619 1619 8034 4650 8285 9079 4356 5870 4946 6467 2750 5400 1735 5429 7686 9367 10002 1159 772 4608 6073 3003 8123 1337 2220 5830 9638 7257 4636 334 6488 380 5876 9288 5807 685 6807 7537 1603 5193 2576 8834 8983 7612 1566 5275 8167 5229 6315 3453 94 4140 1150 7202 7563 3291 9249 807 8476 3053 2328 8541 873 7137 7611 3124 9256 1861 9876 9019 4185 9055 6801 7227 5367 4068 1062 2566 7848 829 2340 9330 5273 1200 6363 7823 7909 6237 5573 7438 258 2008 8628 10187
1945 885 8947 2505 7499 1833 123 8838 720 6816 8806 6912 8402 2014 5532 91 9845 1238 9308 2313 8026 1614 4345 2809 4209 10154 3228 9934 3594 9006 5473 3793 5863 2353 9233 1672 6029 4977 7015 5738 10115 1053 7989 957 8614 9298 8145 5210 8394 8264 929 4607 3593 1661 1800 7404 9534 8200 6978 3210 4653 9748 5422 4156 3431 5531 7328 1100 2548 6538 7252 7631 4554 6297 2558 247 8139 1921 4219 5791 7075 1018 1249 7772 8725 6893 7373 2673 9104 5228 10101 4771 1710 3827 8562 7596 8550 978 6735 4390 7785 3023 2626 820 7849 4816 6027 3943 4197 4529 217 944 903 1243 8007 1484 109 2853 828 6585 635 8090 5711 2988 3082 5305 2779 5335 3494 29 1551 4975 187 4988 1005 6000 5049 3795 5375 8127 1509 861 9987 6066 1802 2590 1360 9349 9514 7883 9811 761 3551 6220 5939 8741 4748 9997 5707 1025 5409 4918 814 7374 9688 10125 163 1061 18 9592 5075 7076 601 1917 3292 10045 4415 8492 3702 180 1011 2334 9410 9095 1423 3405 7322 942 2268 6261 2020 473 7480 5480 8282 6137 316 9386 3810 9605
3564 4732 1349 7308 1651 1155 4600 2267 2863 426 7098 6464 7038 8864 10072 7501 1835 7908 7148 4778 3108 6954 8751 1305 7360 9782 9718 237 3717 5426 5594 830 6971 10184 1291 3125 3852 7827 2934 10188 4739 4826 4898 450 2754 8408 7566 5825 10152 1374 8012 1953 2495 9344 3999 8606 2256 1401 1199 592 2087 9800 2958 9526 7332 7891 882 9132 3548 3945 5796 5034 1847 3705 6658 1886 3451 9902 5960 963 8433 1287 2164 1522 2369 9768 6955 2931 2385 3623 9051 8189 339 5309 6734 3812 9480 512 4597 8367 271 9986 6941 1043 96 7962 6910 4726 6156 4421 1342 9709 3479 3657 719 5708 458 3513 1437 682 2345 8560 7408 7632 8986 6312 9134 4406 4737 2658 6509 425 7346 1783 8946 5626 8990 2327 202 1435 2676 3203 3482 4300 2817 674 6327 4072 7669 5985 1563 4864 9271 4917 4715 6595 2600 5448 10085 7124 7057 2643 9532 2961 5662 8907 8208 9496 8343 10105 3553 5750 812 549 7276 4264 5515 10077 6738 5715 3954 2248 5871 4154 2920 7556 713 8799 8784 4852 3531 5497 2287 6638 6809 2825 7623 59 2050 4224
5089 9069 5661 3549 1815 8753 3245 2884 6544 3666 2695 5570 4320 8365 2733 296 9089 5642 2697 8168 3501 1186 7950 6521 5154 8948 9689 9229 3556 121 5558 84 9234 10149 2820 5226 5252 2996 1408 6781 4553 2208 1658 6719 4768 5607 7915 4017 10117 7797 5350 6919 2939 10162 7091 4022 6586 5572 5748 1928 585 7428 1477 249 2807 6767 9091 2597 9473 7442 5529 4316 3547 6692 4087 9156 4978 8209 8042 8982 2054 4469 1737 9222 9686 4259 6904 4380 1253 10121 5450 7097 1853 4278 637 2034 9693 2244 6280 506 7836 8155 5568 2989 1079 6294 1625 5538 7711 3888 6057 3856 4065 6171 455 5637 4759 581 2426 156 3885 9301 401 6093 8813 1089 5591 2921 9320 5227 4901 1143 3235 101 4779 2246 3487 10160 7999 1503 6902 5967 1101 3295 8041 5605 1742 854 2756 5658 2485 3688 211 2285 3723 3755 5875 6269 1529 6432 5082 5459 7768 2134 134 5180 335 7928 8040 5167 7406 938 3330 4066 1309 336 3874 4559 10139 9366 7583 5893 4895 6606 3965 1824 5108 3425 2294 4556 6621 3582 1020 5514 7007 8150 9251 8660 7539 788
8932 9721 1909 3708 2315 6634 5290 1 3159 6255 8754 3591 8719 7804 7791 7611 3124 9256 1861 9876 9019 4185 9055 6801 7227 5367 4068 1062 2566 7848 4675 8257 3923 9017 7443 377 9582 4690 3541 7260 5358 2397 6096 1110 2602 8114 4281 5026 3659 7642 1162 4516 7801 1877 7627 5654 7101 618 5964 2569 6392 3932 7821 7890 9191 3602 6863 3604 566 6034 3647 5762 5797 2472 400 9789 1340 8197 6987 3585 1117 3417 4399 6198 527 3015 4215 2416 5007 2204 8651 1343 415 9451 5298 2629 6653 678 5686 6748 5668 1387 7616 3275 621 151 3915 5307 4870 1135 2887 8962 869 9935 2309 3488 1082 8909 9022 1399 8659 7606 7956 7854 2923 7532 6087 7680 8284 8325 8495 7043 3335 4742 9347 6517 3790 5042 6378 2363 5279 3373 4974 3254 9896 6511 3083 8247 4673 8511 3196 6497 2063 3789 6435 3361 4341 680 7641 47 7982 6065 30 1611 8571 7435 2181 2187 5861 6861 9498 5223 6760 6550 2510 191 9470 5190 6074 6617 587 1967 5851 5856 173 2157 7370 5714 9970 4063 3074 8289 5740 9872 6837 7736 2531 6421 2768 8241
1509 861 9987 6066 1802 2590 1360 9349 9514 7883 9811 761 3551 6220 5939 5465 1779 670 1453 10071 25 1405 10186 7541 9975 7429 3260 6906 2249 5102 9163 3651 1067 2480 5031 8077 8275 1027 2979 5894 2058 405 4942 3658 1250 7160 5924 1469 4074 2374 1541 8670 5478 1276 789 4572 5008 8259 7467 4672 10151 139 7445 9488 4525 10165 9682 2141 8605 1752 2321 8869 7164 4513 521 3525 3858 4709 7046 8477 9495 7336 6952 523 6900 430 6293 6827 6097 6443 6746 10119 2955 1471 4381 5947 9584 6846 2306 5847 4253 7871 8122 6562 5959 4379 4798 8815 6662 3048 1869 3728 806 2640 4575 4439 2832 966 9953 3824 4775 2452 8052 3913 1081 4923 7159 6482 9957 8828 1409 2282 412 660 34 4805 2818 1799 5814 9521 5311 3357 8735 8240 7846 8429 8956 8327 2864 7026 4518 10145 2802 5914 8193 8746 2140 3489 6591 2138 1912 4665 6994 7981 6286 167 279 9002 5525 4773 52 1785 1977 9061 4433 7454 1420 5766 6303 9960 4389 391 1775 2598 8943 2046 6252 838 6697 7806 9559 1689 8574 369 7266 7165 5106 4560 1787 6241
9809 9014 2674 306 6020 815 5032 3550 7020 9285 5677 3061 6592 1142 8801 5817 6279 5015 9915 9639 5097 1197 7866 5170 1326 2448 7782 9313 164 397 6960 1898 7448 7751 2623 9848 9223 8326 6003 6608 4530 2279 4844 3613 2959 6053 2493 28 6667 7216 4468 8896 168 5053 725 5069 1425 7081 502 8558 7952 955 547 8924 7073 4733 5983 7668 7588 4413 3322 777 1693 6448 3864 9257 8493 6684 1194 291 3391 977 4462 1352 9090 9550 3803 6017 5059 10113 2641 590 4018 8370 6674 3568 3208 1534 4899 9530 8631 2338 10140 4012 8723 568 4226 1329 2384 6476 567 712 1347 9070 5374 3202 6927 2251 4079 2667 6792 5697 1702 4481 4436 4146 1805 10131 7175 6666 4262 3760 8061 1732 839 5198 1077 2757 4142 1071 3820 2131 4643 3066 9083 6720 1717 1355 8317 4036 10082 8179 7657 6343 9940 8692 3415 9712 3535 4902 968 5150 3063 9119 6850 1555 8479 4470 3770 4885 4573 393 9487 4546 9354 4776 7936 394 4721 6419 5609 215 4740 388 1831 200 648 702 616 4207 4671 1746 2519 8870 10037 6864 8219 5083 6221 5746
6595 2600 5448 10085 7124 7057 2643 9532 2961 5662 8907 8208 9496 8343 10105 5263 9581 8292 6010 5436 2017 10155 7684 5098 2283 8070 9058 7500 6917 9537 76 9117 7506 3493 6844 9143 449 8997 7115 8342 5895 3901 6468 1413 9210 9397 2149 5850 9307 9766 2436 9844 4886 7040 3087 5900 8788 4657 7594 9891 569 6102 1883 4114 457 9865 3334 8065 4507 9482 2907 6881 6835 1863 1954 2792 9664 1218 4823 8634 666 7892 8846 5717 286 3677 7571 5671 847 2831 8680 8103 8656 4800 5923 8170 8921 4474 407 7104 192 8276 3285 10084 623 5943 1674 7062 5377 1262 2360 2312 3409 8624 3458 126 5302 3959 6030 8978 8126 3870 5496 1811 4254 8064 7706 9423 5445 4221 3690 3072 10025 6210 1003 3014 9802 8419 1960 8638 7886 1817 791 5354 8046 3505 9325 9309 1890 3718 3338 8002 8265 8377 7135 6949 21 1557 4641 6165 3752 4492 1729 8399 8635 5477 8925 7077 7832 1803 9047 1827 5579 9323 6381 3596 9160 1388 9373 7385 9869 8355 2927 1460 3518 834 6820 3190 4280 9303 1975 2024 8935 5319 6012 2477 6689 3463 9886 7746
8692 3415 9712 3535 4902 968 5150 3063 9119 6850 1555 8479 4470 3770 4885 1118 1957 4374 4534 6397 4237 476 7942 1691 5682 6607 8920 904 9283 7226 5002 1600 2218 4909 1906 1778 9021 2624 8391 9352 7367 8201 3091 7829 1397 3383 1016 6109 9555 347 5317 9428 3 7064 6374 341 4161 4509 7025 6640 219 2938 3477 2882 4400 3667 1021 3349 22 4984 8822 6840 7841 7916 1933 6205 9332 1980 2343 2234 7282 6266 8374 1556 3040 5641 6711 2808 6338 6187 9685 3764 6320 5296 529 9548 7935 5043 1998 4744 2180 4614 4611 6063 3079 8589 8471 8160 2151 6248 9455 6229 8184 3732 8835 7708 6271 1001 9798 2736 6811 9479 8062 7927 40 6238 4131 1750 3597 711 5324 5064 9336 2830 6190 742 2739 4041 4620 5639 5564 1116 5155 3231 5342 5343 10042 1294 8075 8066 4450 290 1170 1828 8666 1296 6022 3530 10068 1219 5565 9758 1756 9570 3972 4856 9714 9932 6082 5695 294 7814 4476 6681 4150 4689 2550 8117 8580 353 5716 4706 8097 3481 662 5801 5818 9797 3222 2113 4729 1173 6314 7938 8585 7649 780 6347 3611 5401
264 6251 8467 7508 1851 6449 6686 8360 1745 7498 3984 1971 5218 2171 7726 6902 5967 1101 3295 8041 5605 1742 854 2756 5658 2485 3688 211 2285 3723 5940 4116 2793 7704 6342 1816 1683 1634 7119 5696 6389 6688 9446 8251 4417 603 383 5841 7317 8707 4878 2135 4541 4794 1681 906 6964 4263 1448 6959 2407 7000 9703 4921 2890 223 8992 9883 8129 5647 2928 7485 5644 4536 2461 4576 6442 5853 7307 9578 7181 1913 6250 4782 3257 8810 2859 2916 5101 2545 5045 2455 4548 10107 5951 2993 3339 4234 1462 3644 1809 4143 3189 6120 3804 8915 4569 7625 9436 3177 9141 3076 3922 2937 4745 9647 6438 5472 8991 10044 157 7546 923 4788 9901 7734 2118 8497 8908 3872 6758 7531 3629 7470 7666 3887 6043 690 9353 5452 8345 8858 9760 3801 5109 6341 3155 3474 8236 3397 1684 9287 9842 269 9580 496 9445 8770 1664 6173 9897 3265 6554 976 5589 2254 4235 7273 8800 7270 1602 2342 2177 3270 9239 399 10078 2386 3099 3428 2162 8871 5418 9376 9043 8844 5240 7809 6105 9497 3346 5366 9814 2471 6268 395 2764 2521 4991 3736
4911 8593 4005 2729 57 1163 9374 3527 4555 2224 7747 8592 6566 2346 3743 1290 6160 2402 435 2529 1668 4783 143 5789 8253 9852 8794 624 2618 1759 2553 2745 3588 8747 9720 8966 5580 4792 2755 10183 1381 7573 9419 3953 4666 8654 3892 4166 2992 3308 4710 1140 846 1508 6014 5179 4026 6213 9456 36 2786 4483 9875 9788 9121 3632 3880 7655 8432 1526 7305 1652 6016 8088 979 1254 3255 9698 10016 8436 4770 10098 3267 4610 4271 9931 8937 1609 8804 10059 7311 5991 7214 2216 3514 3917 8010 9694 6947 8233 7555 5094 9059 7570 1540 8579 7847 9652 5169 9003 3668 7392 1416 833 5987 9893 6957 588 4704 2261 1268 6075 2059 699 2767 964 9179 5982 5461 4246 8178 262 9206 3974 840 3045 7200 9116 3907 3698 4092 1642 1537 9267 9983 3485 9574 1571 9968 3478 5470 2438 6513 3041 1393 3058 2347 3693 8341 2603 7953 2711 2400 6033 8462 9916 6747 9727 3614 1755 4388 1398 7118 198 242 543 2984 6830 7361 1149 188 9125 7975 1260 7712 7484 6836 10006 4329 315 4137 2006 2582 7395 9431 10 3940 9118 5665 7607
3879 7656 2610 5027 6192 381 27 318 5344 8295 7677 6701 6968 2243 2666 5253 3490 8006 2636 4386 617 2359 7851 531 2540 732 4344 10013 9339 6224 8856 2377 6724 5058 3920 2082 1836 5735 232 1741 2751 325 7155 2539 5152 8213 3337 6367 4009 3005 1022 5235 3204 8572 2761 1007 2734 5945 686 5824 7430 7011 74 2622 5516 5268 6843 526 3961 9033 4863 7822 5284 4135 6330 6227 2237 5466 3009 3750 7041 3112 8161 7318 9166 9420 8836 9791 9515 7121 8507 6786 1183 6898 7786 9801 2579 7414 8011 7201 8234 7263 7203 5541 8993 4931 6212 7185 782 4680 5130 5062 1069 1502 4383 9549 2357 9674 1345 2030 8597 4637 4398 1592 3744 8559 6358 2723 9951 3011 9524 755 9547 7069 3853 559 7745 4164 7553 5257 724 6779 7718 934 5909 9016 9656 4876 3898 9136 6185 8227 2929 2153 6931 5530 6326 3001 9286 6951 5267 6162 7477 4460 6380 1328 6231 6983 1154 4647 6060 907 4663 8523 7763 218 8603 9976 3496 19 2861 4211 6929 4907 7079 6054 6568 6806 8525 159 6533 5897 7837 1302 2010 396 6321 3440 5121 893
3057 3378 5234 4184 2277 1819 5209 2730 9910 6222 8936 611 2616 7757 1660 1207 7301 4408 6402 6035 5606 1073 7490 9472 8594 8091 5581 9830 1894 7893 924 3634 6787 1306 866 9956 3044 7695 7748 6092 1045 462 4396 7087 4871 4621 9936 4906 1430 5404 4348 2200 6565 7232 8549 9996 8521 1951 61 7394 4042 5120 5615 10017 9717 5022 10022 5379 613 1165 2903 4403 9899 4446 1090 1086 321 6993 1527 2255 2945 8895 535 5936 916 8014 3305 9749 4351 275 1550 4273 7783 6802 7690 6876 6319 1235 8427 2367 4031 3280 7652 1786 5956 478 5990 2145 9616 4081 4701 8658 9918 6865 3683 3207 8808 3426 3056 4130 6818 2166 7051 5543 3955 3115 1225 1209 1229 2074 1949 3020 1288 5815 3038 4229 1773 7126 746 248 1994 6150 7325 9441 9448 454 7065 3748 5592 8632 8300 2375 7932 7194 9252 7618 10029 6639 6125 2710 722 7630 636 9281 9733 2637 5438 6999 2946 5159 7426 9894 10090 3875 9837 2770 6174 721 2737 7371 1718 1458 3049 5212 7918 2940 2089 8019 7449 6810 9831 1942 14 6723 4120 8679 9356 6483 1655 6039
1602 2342 2177 3270 9239 399 10078 2386 3099 3428 2162 8871 5418 9376 9043 524 431 745 889 1519 436 4848 4163 6557 9734 4735 6611 4960 5975 9068 1622 9078 2286 5989 8714 2280 5968 1708 7647 3780 2605 9847 5844 6394 2395 6862 5974 7868 3889 8263 1862 3946 2270 2586 774 4919 8445 9822 4851 9176 8198 6804 5385 4943 8218 5388 5832 2606 9027 659 7590 787 9075 8428 8382 10033 4587 70 8147 8514 4866 2116 10190 1054 2633 6112 6390 4369 3650 9259 3218 6679 655 9057 4465 6208 3624 3949 8111 6675 8214 8072 8645 1567 3882 9086 6985 708 1500 3727 5316 564 8972 6727 214 6501 1488 9921 8018 5308 105 10040 6121 5134 148 6903 7733 6056 7003 4638 3026 6180 1184 9203 10177 6480 7487 7446 2819 5758 9284 3311 7795 10026 7242 6693 9443 5346 5293 9950 3243 2412 8675 4 5056 9449 8787 1899 6702 6926 922 664 3844 4217 5384 6184 677 7900 3957 911 1272 7766 4648 9614 8280 5775 7205 1682 9415 4688 5585 4170 5123 1339 2555 935 2094 6976 9726 6996 5930 4853 3526 8411 10116 6249 872 7805 4979 3006
8741 4748 9997 5707 1025 5409 4918 814 7374 9688 10125 163 1061 18 9592 4522 844 1842 6491 749 2715 7265 10159 7979 7987 5593 1871 3186 9840 9503 8239 6232 1060 1311 4859 10106 5029 6659 1433 5827 1378 1113 8153 9786 5312 6752 3927 9115 4363 4249 10048 850 3408 5176 3842 3018 3783 4138 2066 2821 6086 8644 7382 3538 7035 3994 4299 2289 5651 1896 5033 5417 4786 8816 602 5389 959 4840 4830 2036 4831 1263 2223 2858 8759 4807 5068 793 5201 8108 8551 9715 5970 831 1845 7278 5770 6277 3589 8971 6216 208 417 4038 2047 1553 6101 5666 5518 9442 135 8494 6630 9633 8696 2587 2621 609 8669 8586 2497 4900 6214 3956 7842 3756 4766 1247 1673 6452 9545 8005 8672 3443 8084 9777 6890 2653 8298 4441 8261 5521 8796 83 10097 3833 3039 3700 4499 6246 3296 5231 4136 2098 7296 3570 594 1034 4606 1095 5353 5475 3894 8379 5885 4594 1270 7542 398 4198 10052 9661 9565 5039 1334 9723 3609 9165 8243 4473 6685 98 8826 4046 9331 8269 6925 4283 8116 9662 4719 8388 8583 1331 8944 2387 7388 7451 1813 9398
5243 8333 3672 6182 4660 2912 2352 7369 6922 6808 7724 6768 6485 771 6834 3553 5750 812 549 7276 4264 5515 10077 6738 5715 3954 2248 5871 4154 2920 8746 2140 3489 6591 2138 1912 4665 6994 7981 6286 167 279 9002 5525 4773 7495 2924 5611 9184 9903 900 8855 9318 4628 1396 9849 9042 2191 9654 2214 2670 9947 7710 3439 2005 8504 10111 8885 9719 1226 4914 652 3746 9426 9345 6541 3919 3869 8969 9149 8762 2085 7042 2571 8455 9988 4096 2179 960 5503 9273 1487 7364 9343 2473 7839 9324 3273 8157 8625 2654 6285 2833 2382 2899 6447 8891 1740 3283 2949 8690 9919 6624 6556 6444 7776 1023 5648 5090 10028 284 6963 7099 3037 3182 1938 6743 6414 8744 8140 653 5745 2075 1481 9860 4179 452 4093 2295 6278 8267 10056 5363 1988 6944 2585 2182 3787 1621 2693 6176 3791 8195 8021 3271 8626 3633 3897 6382 5874 9457 7634 5183 2985 2193 2826 6362 4916 6560 10195 2905 3950 2617 1728 985 3150 5643 1849 6570 6797 6496 9905 9846 1109 8375 5420 1490 9172 9724 8591 162 6071 5076 10020 8533 6462 9992 4814 2365 8902
2419 9744 2877 1266 2401 2239 6825 8469 7403 9094 2705 5710 10050 1837 6654 6949 21 1557 4641 6165 3752 4492 1729 8399 8635 5477 8925 7077 7832 1803 5420 1490 9172 9724 8591 162 6071 5076 10020 8533 6462 9992 4814 2365 8902 8604 6154 6288 4333 7775 990 6731 2511 5922 2753 2120 2690 3111 3220 2314 2971 4810 4119 9072 2794 5220 9980 6741 8998 9949 2995 5126 704 6426 1350 8260 8716 8852 1168 4220 486 3808 9558 1348 9433 2721 1736 8503 5276 170 6823 1961 2856 6273 7127 7029 4667 3860 2021 669 481 3279 140 10194 7093 3911 999 7100 5729 2302 700 4176 6206 1371 5820 5482 7550 8154 6428 1307 4574 5023 1496 7689 9562 7180 4595 1132 2418 6395 7355 7560 5653 3329 7834 9867 9557 2421 1979 7291 856 6852 1535 88 8309 4024 6612 6128 4260 9351 9965 6172 565 2258 3730 3799 5699 10179 10089 9425 3051 4557 2311 1513 278 3211 4047 5492 7005 9053 1713 9742 7047 5583 1666 5866 9207 370 3635 2708 6762 9459 608 9490 3071 4122 6108 836 5199 8595 4812 9563 3355 10148 3240 4187 3164 578 8569 1923
5612 6826 3288 5553 4083 3510 5474 9046 4084 6805 8918 8037 6891 8878 2037 2185 5206 2619 9293 8563 2319 8464 7816 6682 1985 9681 6784 6730 2683 2156 5764 1251 962 825 6007 206 9560 2855 6524 6620 9692 5683 8566 7844 4539 10193 295 6874 1078 3081 6838 1873 2500 6136 1788 548 5917 8496 843 681 8928 3963 899 1164 5862 7220 6600 7601 4095 4080 3171 971 901 1041 8539 9412 7152 5393 8897 6301 9790 8320 9799 6316 3419 2109 3407 4055 8098 9187 4007 7591 2259 2152 7504 5413 3941 4416 3234 6311 2968 9048 6754 3511 1546 1767 4158 4192 5816 5131 3247 10075 1212 5811 537 1782 5504 4964 6855 4056 7313 5132 2086 7157 3895 7334 9155 2599 6503 8183 2479 9010 2209 1792 7281 8851 8506 100 3445 8483 3320 438 3722 8030 2144 8336 4457 9279 7675 5633 2662 9863 1751 9808 1593 1581 3319 7256 6559 8431 2379 4126 1517 7271 803 7478 4270 4475 522 8293 9005 7471 2502 4679 4339 303 9236 8176 6764 9197 4827 4668 2330 5886 7465 6785 2680 2489 7154 8232 4216 7729 9630 1083 4069 2797 5012 5270 4111 9858
5075 7076 601 1917 3292 10045 4415 8492 3702 180 1011 2334 9410 9095 1423 1296 6022 3530 10068 1219 5565 9758 1756 9570 3972 4856 9714 9932 6082 5695 4092 1642 1537 9267 9983 3485 9574 1571 9968 3478 5470 2438 6513 3041 1393 8131 3368 731 9129 3891 1153 3642 5100 3019 6916 4395 7925 2966 7018 4331 7584 314 7528 801 4970 8629 7688 8319 7517 894 5326 7554 8958 4266 1709 172 2481 1690 8879 189 3656 8334 5782 3679 2719 1857 1344 2716 4891 6998 663 3772 9955 7452 4894 7522 8106 9907 3249 6240 5701 406 9926 8146 466 679 4347 424 1685 2136 6155 3669 3461 6267 222 8877 10047 2827 7109 5476 3822 10126 9054 10118 5834 7153 17 597 3616 7873 8987 5484 6067 5955 5292 3351 283 7139 6135 6860 3823 1346 994 5536 2241 3221 7856 5799 4196 7409 3797 4821 3828 8831 10069 8517 5397 5481 2035 9985 10067 1575 4117 1576 8353 6045 9803 8460 3678 8859 705 1084 5527 4252 671 5757 2834 2126 3835 9787 9073 1657 7679 8294 9369 5260 4652 8596 3145 1598 10009 1743 5688 6089 3027 4676 1579 8468 6161 1922
3058 2347 3693 8341 2603 7953 2711 2400 6033 8462 9916 6747 9727 3614 1755 5260 4652 8596 3145 1598 10009 1743 5688 6089 3027 4676 1579 8468 6161 1922 5321 4818 2424 5359 3466 6412 5896 1705 6151 8074 3276 5173 6510 4178 1644 5904 9437 2760 7858 8914 2644 8501 9755 41 7719 6539 4004 480 6219 5182 2896 4720 2682 9617 7735 7582 213 10169 1650 4471 5524 9626 2009 2696 7819 6665 668 610 8095 8104 8647 5837 5331 4335 1914 4736 1516 1577 4889 10161 2904 10061 6722 5458 4366 7141 2349 8060 4478 2625 1486 5091 3749 1993 8688 6540 3008 7326 5406 2406 1911 1618 5978 5812 6901 6062 8422 4267 1099 8134 1072 9531 9081 4716 884 131 1760 9004 5175 7074 8702 9757 7595 5739 1156 2091 8872 161 8017 4713 1939 3364 8003 6072 5916 39 4239 2747 639 7222 7210 9805 9404 7177 1213 4838 1723 6371 5867 1066 8861 489 763 4453 8448 1542 8435 3938 3739 970 9708 9644 402 3341 7422 9512 7716 2925 4781 4929 2498 9890 456 9995 4728 4213 6703 4670 6254 4301 6886 9258 946 6778 8459 5998 3991 7112 3737 4049
3320 438 3722 8030 2144 8336 4457 9279 7675 5633 2662 9863 1751 9808 1593 921 4707 1319 3294 727 7562 1983 8258 3151 3975 2339 4241 7991 9201 2862 491 3078 2078 6420 9541 804 6841 629 1554 3358 8230 9266 6247 6122 10080 3314 8016 3716 5759 3447 1560 3162 5081 9491 3377 6749 5680 5625 6019 2700 628 3154 2445 9518 8221 3198 3664 6393 10093 2039 9221 8053 7375 10197 5300 1137 8447 8649 6344 10053 3983 3345 973 7264 9224 1380 1806 4545 9192 6869 1402 8848 6710 1440 2663 8378 4642 6194 3686 2115 5767 8180 1944 5882 3042 1538 2119 6504 272 1282 5560 1181 8206 4678 1929 2787 8297 9146 7009 4091 3639 6461 2132 5881 2002 8094 6396 1330 1748 2454 3726 9502 7635 7427 6204 10189 3838 8119 4989 4829 4651 4913 152 9568 112 2976 6555 8035 2655 5216 8352 4904 3312 3673 945 8662 9031 6110 6868 9913 4322 987 4861 3896 7730 6048 8695 640 1063 8364 1987 975 6260 8312 4165 3114 7951 5575 9076 3851 5742 9556 5184 10008 8812 2150 10198 4533 5288 3287 2720 7569 9920 1545 606 6885 8138 3052 3193 7922
2130 6946 8456 3711 8664 8481 7348 9551 1950 9958 8768 8792 3163 7622 8587 4388 1398 7118 198 242 543 2984 6830 7361 1149 188 9125 7975 1260 7712 1994 6150 7325 9441 9448 454 7065 3748 5592 8632 8300 2375 7932 7194 9252 5095 5806 2092 9909 6107 2611 2428 1678 6306 4070 7894 54 5430 6732 6945 6803 7780 7658 8853 4076 4128 6572 2336 346 376 2840 501 1359 2275 3290 500 1281 32 8740 6407 1903 1188 2782 2982 5337 2713 4850 3837 103 8015 4591 179 3097 887 9110 7512 9779 2468 556 7998 5891 3636 9453 5345 4955 4340 6181 8698 6115 851 9045 5143 6790 7450 8531 7514 6597 9679 4355 8050 1240 7377 9164 7700 6169 1379 6623 1465 6239 2726 5737 7344 6582 7295 7083 1532 4763 7423 8718 1616 2835 1480 595 9523 9623 1220 1278 1297 5942 1445 5765 1310 4959 6149 4428 10049 3765 4966 9 2784 3758 8912 4157 4537 3400 6514 1738 3236 9737 1839 2534 133 7887 2790 9908 5291 579 2983 4612 9998 5718 2970 7082 6984 7509 7773 1026 1257 604 1009 6856 4751 1694 4925 6353 8557 8489 2484 3866 7066
9422 1536 1927 3779 3432 6270 8923 8532 6548 3776 6429 3143 5055 8820 7320 7618 10029 6639 6125 2710 722 7630 636 9281 9733 2637 5438 6999 2946 5159 10164 5104 5028 120 3323 6331 895 6783 4085 8430 9851 6872 3113 8758 9620 507 2196 7014 1679 6001 5741 2225 1908 4200 1080 6558 10170 2803 4777 5961 7659 6880 7016 7750 8013 263 7039 2717 3618 2197 10012 9427 728 8519 3022 1807 6002 9775 5289 9632 4480 2108 6259 9937 2634 7418 8793 7895 2300 9182 3138 2053 4632 8581 385 7874 8697 3252 932 7145 6584 130 5608 6166 4032 2465 5086 9268 6709 1596 8166 4685 4939 9878 7737 3733 3979 7592 6997 7897 9977 5294 5892 10146 7056 9310 4599 1810 733 4152 4430 5948 463 8522 9447 4382 8959 3534 8883 6256 5569 5880 9832 8148 4822 6094 1878 42 4202 8288 6489 9642 4008 8063 6911 2956 8648 4127 7420 2482 6940 1587 3814 9923 4593 1884 730 5287 9377 10018 4836 3297 9722 328 9454 4407 3491 2376 9305 3977 7830 1403 4448 7796 6575 2915 4290 1762 1636 5063 2052 6041 7986 3942 3661 7510 7598 9396 2771 5634
294 7814 4476 6681 4150 4689 2550 8117 8580 353 5716 4706 8097 3481 662 5530 6326 3001 9286 6951 5267 6162 7477 4460 6380 1328 6231 6983 1154 4647 7426 9894 10090 3875 9837 2770 6174 721 2737 7371 1718 1458 3049 5212 7918 9708 9644 402 3341 7422 9512 7716 2925 4781 4929 2498 9890 456 9995 4728 7613 8868 1434 6613 8401 9677 2129 9745 1271 1793 9651 2778 3557 4619 8615 2798 7493 1968 6132 1195 5727 5427 9527 5006 6599 5142 4922 9967 7339 1451 3610 1552 414 598 10176 2155 3412 2869 4071 4609 550 4790 7756 1559 8529 7486 1907 2143 8047 9327 5848 7645 4881 7976 6 2492 48 7970 5387 2333 423 7473 6479 7379 3815 8774 5996 1931 7878 5286 9393 949 4813 1932 9963 2913 7199 6472 4796 4784 6006 6691 741 2478 952 3648 6272 7626 4697 6069 7604 8340 9109 6481 5244 6958 3719 9874 24 104 6668 9819 2740 1772 9463 4427 7176 980 9322 4244 6439 4445 3912 9535 2947 7978 7671 9097 4204 6088 9082 8733 5149 1315 7004 6854 9170 2456 3792 8304 313 1856 8321 7534 4806 954 5822 1734 3213 1570
9498 5223 6760 6550 2510 191 9470 5190 6074 6617 587 1967 5851 5856 173 9449 8787 1899 6702 6926 922 664 3844 4217 5384 6184 677 7900 3957 911 3570 594 1034 4606 1095 5353 5475 3894 8379 5885 4594 1270 7542 398 4198 4836 3297 9722 328 9454 4407 3491 2376 9305 3977 7830 1403 4448 7796 6575 4714 5117 2906 2847 1351 6368 8313 8081 9506 5271 1858 5065 2865 7561 6628 841 1712 9879 433 1029 5364 6671 6354 2568 967 849 775 5447 10109 607 991 6839 1639 5920 1902 3819 1707 2932 9959 8922 6961 7245 4067 10064 1584 6188 2530 2591 2423 5902 7144 2072 9833 3829 356 9321 589 516 2829 5574 1004 10180 1671 3980 1631 4077 9857 1019 6527 2748 511 9100 8681 8642 5194 9140 1505 1715 7397 644 1585 778 6645 7206 2310 9407 2504 5444 7948 8977 6068 9667 9174 9401 930 5849 6683 10200 2814 1094 4802 8901 7050 538 9450 5486 530 8361 8191 1280 7790 2746 3269 1017 3567 3423 5255 8174 6729 1825 4284 2491 193 5736 1700 9747 2935 2355 2538 9912 7327 6969 7865 5295 4623 4711 9640 7238 2541 2433
2242 10038 4511 8598 10095 1298 6977 6567 540 8133 7149 2211 2206 6061 6283 6060 907 4663 8523 7763 218 8603 9976 3496 19 2861 4211 6929 4907 7079 10052 9661 9565 5039 1334 9723 3609 9165 8243 4473 6685 98 8826 4046 9331 3106 4618 7754 3890 5490 9370 591 6646 8190 3215 359 4682 4521 1038 6195 5667 2231 5657 371 6583 4854 1648 1524 408 4613 3410 7384 38 1366 6656 7694 108 7867 795 9538 706 6495 6416 9525 479 3187 4431 9135 4375 7696 9064 570 1363 5545 8727 1222 5620 7131 2561 3900 5700 6652 8499 3966 5809 2332 2567 301 6842 1623 7559 7285 6076 375 8069 3242 5645 5721 3325 8590 175 7643 8192 992 3282 498 1656 4523 3709 9142 786 7824 7864 3336 4983 509 5973 4982 8223 7457 5124 3969 8418 8177 8315 9964 3933 6981 6979 4524 6753 7268 2068 7142 1252 6935 7749 195 4013 1087 7507 5728 6543 7183 7031 5704 2102 9334 865 4603 10027 1897 349 8772 9604 7331 240 274 7997 1701 9576 3646 4655 5112 8882 5041 2417 7105 5171 3077 5552 7810 6740 8705 4094 9641 2370 7299 4486 9829
2652 3238 5186 8732 416 9379 1489 6226 9993 1410 1612 4397 6484 7725 8739 7484 6836 10006 4329 315 4137 2006 2582 7395 9431 10 3940 9118 5665 7607 7547 6391 2897 2372 6942 10024 1670 309 9385 572 497 4227 6113 7080 2562 386 8703 7519 8863 8212 9483 3660 5926 2810 6299 8552 2061 2172 5616 2398 3315 5431 9471 9137 4233 5852 4082 4028 4890 3069 8837 9650 4405 8204 1992 5213 9856 256 3306 6494 5935 1205 3411 8693 8689 9624 8100 7831 6883 1231 4811 4418 2812 4288 5826 9611 4104 1561 6459 7186 3515 7802 2167 5259 1384 5949 8687 2001 3422 4640 9610 141 4378 1867 6991 5140 799 8083 235 6064 177 676 6871 6104 5787 8954 1214 3192 5865 1427 4054 1422 5214 9710 6230 805 811 8376 988 7049 2728 6324 7358 5219 6569 1010 1943 6663 5067 3832 1624 3884 23 8742 859 3738 1121 5911 9185 3471 7048 6200 1208 5833 3782 8582 9060 2512 9593 2464 197 6411 3543 7723 9315 9261 5656 3375 63 2889 9154 2284 1586 8543 7527 8839 5788 6761 1136 1900 7564 6573 879 1046 1692 2742 9730 2894 7163 460
657 8979 5988 1565 1166 6966 2612 3362 2725 361 1667 7587 7687 802 1812 7770 2026 7033 338 4896 5189 2444 630 4551 7672 4477 3699 2664 6123 2381 9635 9220 2944 6225 4731 1771 7103 4438 1261 444 9101 1711 3340 2122 9756 9159 5157 927 5239 736 9597 5135 3298 3861 5636 4061 8887 9732 117 1832 5804 9248 5944 4543 3850 6417 7132 5694 8821 3205 7781 5526 4992 7731 4180 2435 7330 8671 3512 5468 404 4797 9144 948 4392 155 2329 3761 696 4291 8678 4088 8248 6409 2198 9871 3944 3381 3908 7482 5280 5731 3098 7376 225 2354 1766 4372 3393 5391 4564 8949 7416 6304 5659 7593 4124 7826 4318 4963 3868 766 9269 7120 4624 4321 8246 5423 6446 773 8674 10081 6245 4001 9120 8434 1620 8653 9511 5122 2801 7402 3025 6726 8766 2732 1452 348 5113 6845 8708 4011 2583 5153 7368 2965 4186 7140 6815 6163 7758 5795 1444 8268 7218 6733 6117 1092 8803 6812 451 7638 1510 4833 3561 8789 779 7617 8743 9763 2785 6081 7548 5425 6466 58 9338 5937 6875 4118 2457 707 6336 6134 2828 7859 4990 5912 3532 940
2801 7402 3025 6726 8766 2732 1452 348 5113 6845 8708 4011 2583 5153 7368 2951 1006 8130 5906 6515 7919 6257 144 8328 2724 8911 2741 2852 4550 3603 8457 6622 243 2304 1120 8031 9085 5723 1246 7107 1376 5858 6755 1520 9751 5808 8530 553 4752 4167 6594 6626 9553 2195 9077 6948 7597 4780 3090 6551 9302 2692 3116 8242 1822 5133 5556 986 5110 7357 1580 8437 1216 939 5144 1714 8449 6950 5554 1866 6664 1687 9227 1523 5984 4760 1030 9103 4411 2470 8682 7173 8120 6793 5093 6493 8107 6465 4945 90 10019 2822 2106 1573 9645 5325 3554 7178 5928 1649 695 8008 367 2841 8039 298 7240 6627 1814 165 9769 2499 7170 434 1193 7225 4139 5755 6410 515 4824 5352 5395 9839 9414 8125 6440 4058 5166 5610 9211 2227 2659 5744 7817 3134 6490 7530 8767 2677 8142 297 5603 1583 3849 4577 251 6388 270 4479 5511 8850 7697 2873 8086 7236 8051 7233 3310 421 2137 7551 3109 810 3630 5048 2133 2917 9925 362 4420 1959 7653 5929 7289 5462 6337 5464 3652 3904 2714 3713 6909 9219 2773 2229 2293 5128 470 390
7556 713 8799 8784 4852 3531 5497 2287 6638 6809 2825 7623 59 2050 4224 7944 1904 8996 5446 9167 584 2366 6295 7764 4596 8776 881 1888 8833 360 7228 1389 8472 5178 10004 427 4514 6329 7943 753 5485 6275 5510 3342 757 7130 1304 1991 6460 4785 1443 9738 9938 4819 7198 10087 7577 4996 7503 2219 8771 3503 4532 1981 7433 5802 9725 2875 116 1855 862 4712 1659 7362 3050 239 1473 6937 8780 2192 10073 3807 1300 1901 4703 3248 4039 9971 7067 1392 4043 8424 4565 5846 2681 5828 3506 9242 7150 8728 1171 8650 4256 6907 12 8939 2240 7237 7888 9571 7297 9930 276 6535 6207 1846 87 1059 9062 10088 8463 3219 9991 176 1373 3937 3934 645 8454 615 9999 4583 147 9665 5114 2758 8112 9898 823 1721 6604 4722 8390 5025 7174 475 5720 6537 4035 5709 6302 9217 998 2439 4059 2766 3401 2420 3881 7193 3284 5165 7614 3277 6365 905 8231 9200 716 5044 1891 8534 1000 8458 2535 6932 9636 9212 8110 4303 8524 5884 5315 4734 4750 9440 8442 2560 4629 1394 1504 2926 8512 2639 5768 2517 3775 1695 7699 6177
1581 3319 7256 6559 8431 2379 4126 1517 7271 803 7478 4270 4475 522 8293 2915 4290 1762 1636 5063 2052 6041 7986 3942 3661 7510 7598 9396 2771 5634 5041 2417 7105 5171 3077 5552 7810 6740 8705 4094 9641 2370 7299 4486 9829 3093 7197 562 8570 5813 10065 9405 4426 7494 5655 6296 6636 1731 2574 3469 9375 7462 1056 4002 4801 1887 10062 6789 2516 236 5487 3194 5652 7811 358 7187 1275 6356 9429 9314 6453 5838 1604 6832 7572 5969 285 3369 5195 5264 4251 8527 2202 3188 7058 8668 2704 5586 10173 4258 8961 4961 8980 9025 5332 7054 8857 6877 224 3720 6956 8250 5542 7468 9183 7744 3745 10010 2776 1569 729 1515 9505 8685 9421 5355 1122 1874 8715 113 485 8238 1065 2501 4029 4062 9243 1013 3128 6418 2105 1179 5584 738 7030 292 9870 9282 3379 1952 4272 3601 9828 2752 9544 6298 5349 8782 8616 2263 8840 6962 3873 4699 2178 4190 446 10000 5730 5361 4958 1048 1769 4327 7290 288 8777 137 5706 2910 5901 8368 7437 2364 9297 2843 8356 5396 85 3223 7683 7889 1085 5463 7664 5702 8303 1037 983 9111
2965 4186 7140 6815 6163 7758 5795 1444 8268 7218 6733 6117 1092 8803 6812 1303 2163 2914 7663 9508 1237 1357 4025 8478 75 8029 7870 2044 1284 8281 8363 3161 6669 4487 490 302 1936 6990 4034 3250 7524 5879 4053 6235 8339 418 6099 1601 1096 3301 6717 8621 2459 1765 7458 9741 7602 3560 8968 9087 3460 4285 7767 4106 4314 1864 545 7455 4102 5934 5163 5781 9880 848 7977 8832 747 1885 8957 3386 1818 8927 8078 9784 4245 2627 9673 5360 37 5687 7812 4570 4044 7453 7340 3854 3517 7060 5857 7574 3102 3268 6680 1406 9590 6698 81 5578 6982 7923 1139 9071 97 4324 2577 2564 5073 1215 7760 7255 9215 4835 4828 3064 3695 8423 6519 3004 8165 3575 4601 981 6317 9695 3354 9231 4877 4747 10181 1547 7968 3435 3734 9435 5085 9731 842 8290 56 7843 769 8588 289 6791 9468 9035 4615 7391 8498 505 3404 9409 6737 1930 8724 5819 2190 5011 2866 759 4129 3855 4815 9350 544 8730 2296 9378 2266 9012 7721 3302 4089 2765 9778 1594 9746 4132 95 1791 8279 3095 8266 4908 7558 1107 7505 8450 1127 10079
197 6411 3543 7723 9315 9261 5656 3375 63 2889 9154 2284 1586 8543 7527 9035 4615 7391 8498 505 3404 9409 6737 1930 8724 5819 2190 5011 2866 759 2394 8144 4803 1196 9631 6042 2588 687 8351 2908 1234 9780 9122 4605 1057 7960 3475 6153 6759 3121 6080 989 2123 8486 7784 8076 5245 5780 2632 5394 10046 6677 6788 8940 373 1301 4753 8229 3148 9813 5692 8009 6933 6643 1106 10136 4869 9887 8691 7603 7793 4368 3197 7258 9365 3434 9093 3352 8322 7351 9859 718 6441 6457 2687 2427 1024 1148 8397 7983 9237 3839 3862 9130 5232 9238 3608 2656 5670 6031 3328 2969 2570 9499 7316 6090 7497 7469 1103 4635 3436 6445 4787 6545 7661 7788 8024 6100 3929 7335 6106 1607 4145 824 5318 7650 9388 2069 1145 9619 5517 7012 8096 1479 2210 3563 5399 7988 9669 785 9981 3184 7078 9736 9816 9205 5003 3559 6725 4052 9008 1870 171 3331 6233 7980 5918 8055 9138 4654 204 5202 9265 1133 7224 9063 3084 9107 9566 8890 2015 1439 5779 2475 6264 4582 3767 154 1608 3684 10063 7771 2775 9740 3178 4265 6938 4845 9753 6425
4122 6108 836 5199 8595 4812 9563 3355 10148 3240 4187 3164 578 8569 1923 204 5202 9265 1133 7224 9063 3084 9107 9566 8890 2015 1439 5779 2475 6264 8235 3012 7961 1187 6529 2432 8487 4162 5522 5839 863 7516 1501 7907 5571 3497 3035 5669 2806 2578 6119 4872 7496 4973 2589 8118 5878 2608 9020 1295 3333 3573 5712 9928 2462 8934 4717 9683 9452 797 9675 7192 7667 9295 551 951 5675 3671 345 7259 5963 10123 5054 3545 9589 896 2506 333 8778 3877 4510 7234 2868 8338 631 552 6359 8196 1274 4941 3371 4887 8623 5501 6536 776 10094 9413 145 1466 368 3997 5479 9824 5156 4422 9500 3304 9607 878 196 2016 2160 7732 1826 9018 5756 2839 8132 6191 8610 4995 744 3141 4098 1823 5299 7899 2212 9716 3370 4174 1646 6849 7161 8773 2572 9218 9228 5519 2731 9711 4210 2743 3595 5864 9015 4134 1377 7277 974 6013 9687 2000 3578 53 7 915 1449 3259 1450 9602 3230 8950 3626 7969 9417 8818 10021 9277 4926 10032 3139 1269 5638 4394 8286 3544 4447 1323 246 3007 9186 5274 9615 1935 2895 8347 1144 6346
4577 251 6388 270 4479 5511 8850 7697 2873 8086 7236 8051 7233 3310 421 4582 3767 154 1608 3684 10063 7771 2775 9740 3178 4265 6938 4845 9753 6425 7727 8994 9509 7347 6399 7461 3883 3978 4865 5057 1910 4561 5719 483 6853 6716 6866 9659 5092 4086 4758 7108 917 1654 1757 1677 7838 5562 6629 9145 4123 3846 7354 2213 1955 9392 2228 33 3583 2264 7472 3905 5383 7639 9489 8488 1582 10015 7261 352 1963 7910 7310 1125 1333 9627 3216 3691 993 5251 2101 1279 6189 2093 5087 6824 3798 2110 2041 4953 7912 2194 3731 10122 926 10055 4337 3472 7794 8255 743 6334 1064 6124 9294 1370 5908 6770 7300 3473 5534 9411 6130 4113 6625 8306 6370 1322 3986 808 5512 3244 9139 2422 2326 3256 1395 3694 7190 3769 7931 4686 5588 8761 8159 2838 2049 2948 1428 508 9785 4980 7383 9973 3680 16 9272 6218 10130 273 2403 9371 355 2252 4370 1204 1946 7013 10091 5005 6505 8067 1997 9112 3516 9739 1157 8755 7208 5684 9974 7419 5158 6695 3366 9922 7059 3522 8224 4275 4531 2874 2584 7803 10041 6763 118 3059 1047 9262
2843 8356 5396 85 3223 7683 7889 1085 5463 7664 5702 8303 1037 983 9111 8310 4121 3263 2262 1665 9065 7629 2918 7094 1070 227 9335 1506 2805 9381 7055 2601 8867 8121 9013 2613 1507 877 8398 3931 6526 9380 5208 2962 1115 3831 8636 4078 7525 9668 8369 5030 7538 6167 2188 5632 9244 2205 9564 4177 2580 252 8665 2886 4188 1843 9519 7106 3185 3224 8128 7739 9036 2702 1830 3987 4825 4592 440 8528 7412 2615 9152 4292 6867 9202 8373 8540 7138 216 2842 5860 1191 8186 8630 7246 9359 3605 8274 5679 6436 3918 3826 9406 8786 4016 9539 2987 5793 1242 6744 9836 7396 5306 6037 6930 9818 4451 8513 9812 8452 487 6989 8475 8318 203 1739 1111 4242 5327 7143 342 7102 3952 2678 129 646 150 7869 5372 6351 6005 5386 2460 7230 9648 2930 6142 3663 2978 4497 4332 244 7521 7743 8093 3930 2554 1841 7241 6704 7967 5551 6040 2307 5146 465 7567 5103 1764 8677 474 1138 6879 1169 7882 5576 1325 7275 467 7086 8686 528 7693 5205 3258 1167 6736 7586 9193 8358 4458 4505 4060 169 4073 6590 5261 6164 7703
4183 7946 6897 9815 1415 9175 9881 7389 2883 4616 1335 8210 7813 9743 6084 9047 1827 5579 9323 6381 3596 9160 1388 9373 7385 9869 8355 2927 1460 3518 3899 9105 5224 2657 1627 10110 4757 1574 1239 1984 2701 9099 7761 9230 8058 1749 4231 8817 3229 2933 8919 9319 6486 5051 4257 9510 6915 6377 858 614 7511 6152 4020 650 6829 4208 1014 1597 6635 8162 3168 1172 2685 3607 6024 8929 4602 6009 2104 7609 4749 2783 1267 8366 4371 6970 9942 8439 5829 6678 891 9873 6242 106 2316 6499 2230 5509 5981 2509 1889 9362 870 5225 8172 7166 15 7676 1669 7274 2139 2879 5993 8362 1091 7156 9835 10157 9781 4357 281 2846 1770 4003 2305 740 7807 3993 1431 7860 868 2165 3871 10178 7828 7061 8249 5380 9660 4498 5753 8105 633 471 7637 7010 1497 4860 3363 3499 5747 3759 3444 5187 4255 1362 2849 8474 6851 3724 965 7964 10137 612 1417 1733 3324 4547 956 5763 4274 115 5099 3785 3970 7365 9771 7128 110 8905 122 1185 790 2207 6602 2466 7239 4985 6657 1386 492 7885 5994 7133 9622 10099 207 1293 3537 9577
3755 5875 6269 1529 6432 5082 5459 7768 2134 134 5180 335 7928 8040 5167 1450 9602 3230 8950 3626 7969 9417 8818 10021 9277 4926 10032 3139 1269 5638 3649 4189 5138 9467 2871 3627 8819 3227 5950 6508 1146 4352 4401 9264 9190 4725 125 10076 919 9361 1920 4346 5693 1317 2081 468 1032 4927 10092 9906 8809 8989 8811 3169 735 3687 138 958 3317 9418 4910 6965 6015 5587 1455 7489 5310 3055 9312 4935 536 6408 9194 2147 10112 6310 190 4855 324 5539 1160 3110 2525 2679 649 519 6058 2322 102 7861 1688 7019 4268 8865 1919 4354 6920 1028 3261 4552 4857 4994 5599 6564 4191 3350 3813 1314 5836 261 5491 3996 2694 9430 8888 826 3135 5613 2019 8383 5237 1763 2025 5040 7179 5037 254 571 2062 2441 2909 1189 6516 6157 7162 10120 3241 1794 6234 1829 3307 3347 72 6563 6631 4454 7306 3402 1973 5036 1119 1747 3167 331 1947 6531 1105 8573 6819 9596 5725 1606 9634 7568 1925 2735 1706 282 7896 10103 953 7028 9759 8576 1530 9240 6011 5246 1369 3914 10043 688 2215 5566 4888 1722 1292 2458 5001 6258
829 2340 9330 5273 1200 6363 7823 7909 6237 5573 7438 258 2008 8628 10187 9005 7471 2502 4679 4339 303 9236 8176 6764 9197 4827 4668 2330 5886 7465 6505 8067 1997 9112 3516 9739 1157 8755 7208 5684 9974 7419 5158 6695 3366 3387 7090 3149 8967 5845 7209 8652 1320 3598 4696 6422 3166 5604 6769 2604 4544 8344 8036 6434 3212 7529 1161 7753 6372 6773 9591 5249 6141 6650 6696 1493 3251 9969 2722 9316 2671 7134 8814 1895 7901 350 8228 8704 1784 2490 5624 1492 2080 760 7840 8073 3968 7447 7352 11 8299 9628 3617 4482 8453 7576 7372 8951 2060 2796 1850 265 6400 6601 2318 2012 8965 9877 3703 9254 7221 8886 4568 8736 6131 3910 7481 5250 583 6795 8726 3586 4203 245 9761 3132 6799 2011 4455 2029 3089 9762 2688 3529 6470 5733 7088 2528 5488 8389 7280 4240 4466 3786 9939 6383 10054 8720 4834 9389 5333 3508 9841 5269 4535 1934 8473 6004 7898 8308 5966 7646 7815 1124 2919 453 1411 2189 2483 8655 8048 4223 667 10196 2963 5640 4950 3995 4435 3160 5303 1976 8561 7994 6325 3421 1180 8554 9255 6574
8269 6925 4283 8116 9662 4719 8388 8583 1331 8944 2387 7388 7451 1813 9398 4129 3855 4815 9350 544 8730 2296 9378 2266 9012 7721 3302 4089 2765 9778 9585 1008 9594 3909 9328 4567 6605 3332 9358 7158 9612 2699 7911 9697 8226 2415 3540 6133 2942 819 7053 8903 6265 5962 9476 7292 5070 3483 5283 9706 8643 3555 4905 7881 7398 3982 8612 10135 5348 9382 5455 3201 8805 557 142 3429 1141 5629 6632 2878 7958 1076 6349 4500 3584 7685 3002 3403 673 6651 6318 9929 7876 6642 9326 2291 3924 2689 2650 9128 2559 643 2668 7585 1036 5546 6203 7855 3104 5392 1697 5500 6647 2649 8415 4195 2040 7286 3156 4538 7660 4248 2707 9084 9655 1341 5185 3024 4491 8676 5242 420 2527 10070 2546 6522 461 8049 2463 5752 332 2114 5341 8700 3344 9280 1108 1221 1974 3742 634 9807 3696 1093 65 1338 3670 3715 5437 9196 3682 7674 2443 6313 3754 437 8938 4057 754 1543 5046 2057 4494 6300 1258 9895 439 3536 2911 3107 10143 3468 5760 280 2759 5690 4051 9989 3681 6059 5000 35 293 4588 2117 8913 1777 5433 6561 5946
7934 3859 8706 4484 2088 9914 4590 45 3043 6750 2297 6023 1382 7610 9478 7406 938 3330 4066 1309 336 3874 4559 10139 9366 7583 5893 4895 6606 3965 4274 115 5099 3785 3970 7365 9771 7128 110 8905 122 1185 790 2207 6602 5640 4950 3995 4435 3160 5303 1976 8561 7994 6325 3421 1180 8554 9255 6574 8403 6713 8555 2453 5590 9253 1441 4598 5784 3947 5330 1358 111 4962 4633 7954 1385 5314 9171 3773 4269 4708 7337 8346 7405 6322 3158 9106 5548 4692 5376 2111 3101 9214 892 9952 5084 8757 8731 534 9598 6357 6700 8417 7001 1421 1472 1880 1286 7110 9827 4882 312 8646 2651 8393 6888 9444 4884 8711 2536 2292 7036 6552 5398 9050 9729 1407 654 7359 9599 5703 7191 4506 7940 6878 9474 5498 2922 2845 9854 7021 7717 4385 3200 9147 8906 4489 2023 2437 6649 2551 5597 7930 5938 2201 1418 6211 9982 2173 10163 5674 5338 9609 9866 1456 9161 822 73 6542 8357 5954 596 4109 1699 2781 6939 1051 4700 5339 1544 6581 758 6375 3398 3239 503 3450 69 2393 8842 8849 8502 4528 8881 9821 2486 4893 2532 4312
4573 393 9487 4546 9354 4776 7936 394 4721 6419 5609 215 4740 388 1831 6785 2680 2489 7154 8232 4216 7729 9630 1083 4069 2797 5012 5270 4111 9858 8093 3930 2554 1841 7241 6704 7967 5551 6040 2307 5146 465 7567 5103 1764 5821 3653 8 6274 3848 783 3762 4718 4630 4033 8613 7345 7378 9250 3448 2744 8413 2975 4103 9569 7651 3418 5010 768 3127 5520 8101 6289 3502 166 5598 10185 10096 4287 6049 3710 3246 6262 9994 5567 3374 1808 5494 6924 2235 2399 5139 3973 6201 7973 5533 7722 6858 7267 4277 5371 6928 4364 8451 4293 4326 2323 3741 832 6943 4791 767 9861 6025 6894 9900 2203 3028 4373 8860 8627 9150 2358 2614 6571 7682 4874 9493 737 9102 8484 5334 2276 5952 9795 3725 6376 5238 2253 410 5992 89 4308 238 6386 8337 4774 10104 1789 9494 4350 255 3380 8917 2891 8575 3086 8099 3430 8020 6413 9670 5004 4414 3172 5898 5771 5129 3906 6385 8187 7845 1244 3818 5783 8825 520 1720 8841 2791 9123 7825 228 10182 1202 8256 2950 4627 5236 9924 4928 4669 7917 4626 10128 3577 8225 210 3498 8000
2766 3401 2420 3881 7193 3284 5165 7614 3277 6365 905 8231 9200 716 5044 8677 474 1138 6879 1169 7882 5576 1325 7275 467 7086 8686 528 7693 5205 5725 1606 9634 7568 1925 2735 1706 282 7896 10103 953 7028 9759 8576 1530 5831 605 6765 9438 2380 7949 8151 3394 10192 7182 7303 9034 8807 4862 5859 2508 3395 3580 7400 1696 4459 3367 3566 2413 5362 3456 8779 9501 2404 10133 950 6021 3396 1042 2777 6967 3032 8657 8273 441 2077 8931 2250 3000 661 5689 6047 3886 3142 709 9704 1224 4519 6463 9355 2815 2813 6147 8618 937 4496 5800 7636 7045 1758 2281 691 2523 3740 2954 6972 82 3571 5617 2184 5281 4286 8738 5561 2684 4105 9613 561 6757 1595 5304 7169 1990 2273 5663 4754 9296 1114 4199 4738 5115 4175 3129 5869 672 912 9750 6742 4684 6263 3628 3843 8314 3768 1332 8395 8205 1941 6328 2872 9529 4617 5127 9151 2064 9978 8748 389 4512 9825 9481 9399 4000 6451 6308 4490 7863 9504 5369 5020 1643 8158 6170 8750 2544 5192 9306 8875 8480 3153 8845 7027 809 6953 7800 4755 8633 6079 8556 1820
834 6820 3190 4280 9303 1975 2024 8935 5319 6012 2477 6689 3463 9886 7746 8844 5240 7809 6105 9497 3346 5366 9814 2471 6268 395 2764 2521 4991 3736 5046 2057 4494 6300 1258 9895 439 3536 2911 3107 10143 3468 5760 280 2759 5192 9306 8875 8480 3153 8845 7027 809 6953 7800 4755 8633 6079 8556 1820 3774 7692 1365 563 7644 10108 2467 2646 4999 8505 8359 2371 2090 3903 4938 6618 3809 4305 684 4493 3146 9486 4897 4168 4571 7338 384 9961 2994 2520 499 9342 7417 9357 8515 10142 9333 734 1638 7779 5035 5118 8271 7114 2128 5932 1795 5773 2952 4631 5493 3388 9600 3088 7223 762 1727 7034 8973 7738 8202 7535 1653 1285 3070 8694 821 5050 464 4424 7787 4578 6095 4858 514 7752 447 5052 7673 1999 6175 1178 9701 3123 8578 3313 6028 6077 6450 1461 1265 8216 4997 8023 5889 3766 4932 3480 5282 253 3470 8637 9460 6307 4334 9260 31 8518 6895 9752 9680 5523 9395 4434 403 4949 8296 3392 2389 5373 8400 6348 675 1868 2442 936 2324 853 6923 5887 8617 908 9492 5732 4581 1986 7309 3293 2414 4225
3612 4604 4937 3825 715 909 4767 9235 3951 6083 2449 9477 5823 2043 692 6054 6568 6806 8525 159 6533 5897 7837 1302 2010 396 6321 3440 5121 893 1272 7766 4648 9614 8280 5775 7205 1682 9415 4688 5585 4170 5123 1339 2555 8256 2950 4627 5236 9924 4928 4669 7917 4626 10128 3577 8225 210 3498 8000 2335 9080 4940 442 2712 7213 2594 1128 9586 2607 199 2425 4148 4986 9049 8001 7491 4173 3427 158 1774 4495 6547 3701 9588 3144 7411 6502 8601 1724 2844 3706 1232 8547 10124 9290 10057 6648 4015 8567 9232 7113 5021 366 5177 2176 5256 3122 413 792 2148 5428 6455 6046 3811 6577 7765 8683 8873 4924 827 9263 1368 6217 8441 1494 10141 1097 5840 9275 2003 1426 4144 997 10114 2038 3697 4501 9783 3964 5230 7665 5390 6507 9911 8270 8536 5439 6780 913 3464 2373 10060 9629 2533 1336 6921 7579 3010 7774 4580 3712 5233 4432 477 8953 77 4664 6193 5506 8102 1589 4149 8301 8156 7253 1854 4646 8781 2383 7248 7543 6085 3303 2048 2265 3645 1400 3840 86 8277 277 8988 7393 5965 9601 6821 2986 2004 4108
7773 1026 1257 604 1009 6856 4751 1694 4925 6353 8557 8489 2484 3866 7066 8057 7624 5407 6641 1989 4765 7552 4247 10030 5416 9933 7070 1482 8025 174 2526 178 9391 4934 9954 6986 7850 4298 7769 10158 1233 510 3390 8900 7599 1039 6148 8092 9044 2429 8542 5698 1730 372 8952 756 8894 4023 6814 7071 5776 8465 2095 6209 2672 9543 8717 6610 5432 3926 3763 2125 4691 3118 1483 4019 1915 5772 875 9927 9168 6291 770 6706 9023 5778 10102 3802 8372 1995 5329 6670 3467 5673 4892 6292 5137 66 7963 7189 9178 4920 1152 2867 7476 5685 8414 9767 9198 7219 5381 5794 969 6782 2097 4133 8079 7820 3794 3442 6633 1052 6430 8995 9603 3967 6473 4693 6478 6127 2902 1629 5347 867 5136 2972 5378 3579 513 5411 4515 8291 6360 5790 860 3689 3500 4319 7008 10074 1686 2628 6456 2168 8830 2496 10134 8043 1198 9587 2022 5147 5774 4687 4957 146 4769 5905 1703 9948 2391 701 5181 638 2870 9962 3581 1549 5798 6145 5979 8143 6309 6091 726 4367 6774 4212 4461 1966 2675 10129 8203 3054 2447 7818 2288 4365 7085 5842
1068 1236 5664 4936 4194 5047 8033 5890 8802 7272 5241 4169 9181 9888 8381 5801 5818 9797 3222 2113 4729 1173 6314 7938 8585 7649 780 6347 3611 5401 3258 1167 6736 7586 9193 8358 4458 4505 4060 169 4073 6590 5261 6164 7703 2496 10134 8043 1198 9587 2022 5147 5774 4687 4957 146 4769 5905 1703 9948 6036 3065 3299 1419 9637 7092 3157 6158 9540 5997 2780 817 5435 2900 4517 7549 1680 6159 5971 8729 8684 7111 1719 5434 3031 8032 2709 1308 2967 3971 5078 3446 7720 4440 504 7171 459 3183 9096 1432 1429 6405 2880 9528 2811 3029 7172 6870 7540 764 2121 1531 7084 6051 205 1640 1391 1098 9133 3130 2799 2698 4842 3073 5555 7125 5024 2901 1797 4456 5602 1245 128 9884 1074 4694 231 7247 4659 714 3452 7195 8791 4944 9246 2999 6596 7413 9792 6140 1424 5557 4579 419 7424 10086 8385 1698 4702 7937 9113 2936 8510 3067 9536 3136 9657 5019 4282 9292 9066 311 493 3821 4976 632 642 864 2973 8568 1446 5595 8444 9026 6593 8713 9579 4954 2065 266 5630 3382 9885 7475 1676 51 3621 6973 6534 8416
7762 6518 6355 5754 7971 3126 2795 4100 7350 2565 7459 9772 5265 5013 9572 8662 9031 6110 6868 9913 4322 987 4861 3896 7730 6048 8695 640 1063 8364 2137 7551 3109 810 3630 5048 2133 2917 9925 362 4420 1959 7653 5929 7289 9922 7059 3522 8224 4275 4531 2874 2584 7803 10041 6763 118 3059 1047 9262 845 532 9189 2317 9904 2073 6487 6822 9148 7941 2665 5412 4115 3075 2434 9056 3180 9195 4933 995 3454 1916 310 7298 8611 4463 3486 4101 3021 7600 5691 5357 751 1176 1852 4309 1361 8350 2217 7924 8396 8974 8639 9868 1055 6340 7984 9573 9001 2631 1599 5507 5161 3836 7974 4639 2232 4110 4558 3316 7229 9699 8712 9889 10034 5211 4214 9793 4064 8823 798 4837 484 2691 1255 64 2772 6796 340 9466 7799 9408 6772 647 7146 7523 9776 920 1175 1356 3131 9554 7217 6751 2274 8764 575 9416 1203 2408 6199 4261 9329 3865 6699 8785 9372 3958 2388 3176 3266 3816 8470 8113 5453 9011 5247 5499 8446 78 7439 5835 5074 5676 3847 1190 2990 10011 5803 2738 3353 6936 1572 7425 5972 5442 8171 2474 2789 9516
2157 7370 5714 9970 4063 3074 8289 5740 9872 6837 7736 2531 6421 2768 8241 4213 6703 4670 6254 4301 6886 9258 946 6778 8459 5998 3991 7112 3737 4049 451 7638 1510 4833 3561 8789 779 7617 8743 9763 2785 6081 7548 5425 6466 1891 8534 1000 8458 2535 6932 9636 9212 8110 4303 8524 5884 5315 4734 4750 703 7342 5408 4563 3356 3094 4817 9216 5810 2331 586 7244 8701 2099 5457 8829 6236 2549 3524 6384 4276 8933 9774 3465 4625 5 2430 9032 55 5547 5958 4952 837 300 7044 8577 9552 4205 6637 1615 2260 2881 2378 7872 8884 7434 2941 5877 7502 7662 6813 3735 4444 8538 5907 1206 6424 6857 4969 4323 941 1937 354 7366 2507 8215 1318 7605 6690 3565 9643 818 9649 3707 6458 9773 9595 2107 2980 3800 1568 8461 6687 4325 784 7022 7006 8942 2299 6098 10132 3416 4661 7302 852 6454 9984 5623 765 8904 6847 2411 7283 8734 8797 2028 5618 619 10168 6905 1075 1796 6889 7129 9754 1882 6139 1768 9804 1539 3921 1112 4182 7513 1860 2236 3318 4584 8185 2124 6598 5336 9304 7390 330 7032 6546 5705 2356 4376
935 2094 6976 9726 6996 5930 4853 3526 8411 10116 6249 872 7805 4979 3006 1987 975 6260 8312 4165 3114 7951 5575 9076 3851 5742 9556 5184 10008 8812 5462 6337 5464 3652 3904 2714 3713 6909 9219 2773 2229 2293 5128 470 390 4391 3232 1525 2593 1918 3195 5980 68 10156 5322 10014 1591 7985 6401 7432 4846 8749 7168 6138 6660 5221 7755 8607 5415 4099 7884 308 4965 4789 2642 5285 3576 2816 5535 226 4947 7853 3105 9826 4151 99 6323 2974 6008 3654 5301 3360 319 574 1726 3030 4172 5933 3631 8409 5258 6111 1151 5953 181 5351 3372 2503 9618 5172 6350 6168 7921 4741 9691 2494 4306 2067 7324 8331 6530 4705 5495 961 2337 7939 874 10172 8332 1879 221 4526 7356 1964 933 6828 800 10144 622 7381 9337 1875 1761 4832 3662 9658 5191 7407 7705 1754 576 9028 323 445 2112 3424 8135 7741 8262 4873 1223 8211 2804 7211 7401 10127 8667 9735 6908 898 525 3992 6403 9340 212 9517 2154 5174 10166 2033 8164 1558 9226 7399 2581 1865 7386 6253 7670 8898 8963 4238 9520 5096 3806 3721 7905 6506 1753 2609
52 1785 1977 9061 4433 7454 1420 5766 6303 9960 4389 391 1775 2598 8943 2150 10198 4533 5288 3287 2720 7569 9920 1545 606 6885 8138 3052 3193 7922 58 9338 5937 6875 4118 2457 707 6336 6134 2828 7859 4990 5912 3532 940 2391 701 5181 638 2870 9962 3581 1549 5798 6145 5979 8143 6309 6091 726 2158 6284 794 3637 3476 3960 5540 5266 4589 6492 482 694 9387 1630 8044 6129 4330 3300 5116 8169 4586 4384 5559 4981 5066 1637 7578 9162 9621 8237 7464 8709 9979 1404 3876 432 8945 8520 3120 8663 2981 9067 8443 6672 2007 9567 5443 8544 7341 3140 8783 9158 533 9092 1436 382 8323 5200 6186 6817 5469 3928 7410 10138 3925 7288 2888 6223 1241 3457 1273 7544 1518 8380 6525 1321 392 5272 8602 1123 6276 554 4449 8307 3133 8348 3103 6228 2341 752 4409 7349 3321 2079 4502 9862 8173 9177 8141 750 132 7654 3179 9485 1798 7147 6520 2638 4107 209 7580 185 8194 92 9289 9434 3013 9990 8975 5204 3902 1610 10039 8899 5014 6707 230 5650 3034 9363 5038 10175 6673 8548 1459 1892 5726 656 5145 5868
4349 1564 4485 8324 2238 1948 888 2964 2186 4674 4159 7777 3805 9461 1662 1313 8386 8763 1905 1562 6712 1978 573 2469 6523 3046 739 9917 6290 10153 200 648 702 616 4207 4671 1746 2519 8870 10037 6864 8219 5083 6221 5746 1594 9746 4132 95 1791 8279 3095 8266 4908 7558 1107 7505 8450 1127 10079 7089 201 8404 8600 9892 4956 698 5660 5410 4793 3484 6103 2070 5528 50 9945 6974 7323 7913 2648 9806 8004 8387 813 6603 9098 10001 9672 2170 3841 4045 5451 1485 2245 5151 6934 7441 6352 2392 182 9188 2298 1129 3845 9666 2854 1126 3729 13 5203 2159 5207 984 8673 7250 6305 2271 3878 2620 6281 593 5537 6775 1844 3385 363 8244 4075 9124 10174 4644 1635 10023 7515 1035 9213 5088 8466 5549 4014 6070 8546 2522 9850 4809 9834 4967 555 4289 5421 194 7479 4562 5873 9728 3569 1228 4503 9625 9546 8722 2893 4296 3047 5217 4724 3863 3509 7123 7463 3414 4222 1588 5769 6975 1511 6705 9794 2055 49 241 4232 10051 114 3587 3017 910 260 3376 1474 6532 3348 6364 6771 5254 6708 6614 4472 3225 3676
8839 5788 6761 1136 1900 7564 6573 879 1046 1692 2742 9730 2894 7163 460 9440 8442 2560 4629 1394 1504 2926 8512 2639 5768 2517 3775 1695 7699 6177 2466 7239 4985 6657 1386 492 7885 5994 7133 9622 10099 207 1293 3537 9577 4367 6774 4212 4461 1966 2675 10129 8203 3054 2447 7818 2288 4365 7085 5842 7835 7990 8721 4410 4698 3068 3286 8054 3147 9346 10066 8760 124 2749 2278 6369 2645 2142 9696 3520 599 7136 6644 5722 5628 7096 8038 3533 7992 6477 9606 3685 7215 8278 5061 8109 9796 2045 5899 8392 7444 1970 9074 1804 3753 7492 4972 8508 5563 8405 3437 4658 6892 9291 8584 71 7789 365 2824 4307 6433 4336 6794 982 9464 6345 2308 1316 683 3620 4987 1533 9700 8564 3100 546 10083 7589 7808 9432 3655 2542 1476 4540 577 3173 9030 46 996 8068 7343 5627 8795 7902 186 9173 9199 4425 6044 855 4297 3214 4566 5805 7329 4141 4393 3365 1834 5424 7792 8149 876 2836 9383 2596 9946 8087 4404 1217 8862 6882 2018 7460 6118 1058 7709 1354 5340 10005 3867 379 5903 9000 8765 5724 7914 4429 9853 4879
3405 7322 942 2268 6261 2020 473 7480 5480 8282 6137 316 9386 3810 9605 2046 6252 838 6697 7806 9559 1689 8574 369 7266 7165 5106 4560 1787 6241 9240 6011 5246 1369 3914 10043 688 2215 5566 4888 1722 1292 2458 5001 6258 5690 4051 9989 3681 6059 5000 35 293 4588 2117 8913 1777 5433 6561 5946 80 9843 6366 7095 4193 2127 5483 6914 2174 1283 2537 1289 1468 7903 7681 10150 4634 6361 7304 2396 2556 8407 5927 8500 7947 3389 4423 3638 2769 2257 5368 6052 2706 2823 428 1447 8080 8537 6873 93 443 1147 8406 1372 9855 9180 2440 3384 7965 9838 5414 1174 2669 3170 1859 9475 1521 1628 127 3640 2071 6859 2146 8222 8752 914 3893 7363 1367 2718 6655 3988 1040 6197 6884 931 1872 2547 7037 5785 1002 3519 9394 8609 6896 2892 8305 1390 717 7633 9384 9204 7251 9678 9311 5419 8880 7557 409 3413 7188 2762 5320 7466 9169 1790 8893 229 4880 2977 3948 2851 8843 7293 4467 9823 8745 1102 7972 5941 2325 1299 378 5222 234 4743 9941 7483 2998 5596 4746 8245 9114 7536 411 1613 3542 1962 2686 9690
1824 5108 3425 2294 4556 6621 3582 1020 5514 7007 8150 9251 8660 7539 788 2940 2089 8019 7449 6810 9831 1942 14 6723 4120 8679 9356 6483 1655 6039 4394 8286 3544 4447 1323 246 3007 9186 5274 9615 1935 2895 8347 1144 6346 1865 7386 6253 7670 8898 8963 4238 9520 5096 3806 3721 7905 6506 1753 2609 10199 4230 6415 5077 6576 7833 7353 494 2056 3622 1924 299 1969 1848 5550 8798 1104 7707 641 9403 9009 7862 5079 7284 3080 9038 7287 9646 3253 871 4315 5883 3817 2800 1256 4358 7691 7518 4998 9225 3264 7996 2514 5635 9390 5456 9153 3989 469 1277 1675 1049 6215 1641 7474 8964 8420 5017 3449 7702 4645 6431 7151 6332 4021 6980 4662 5957 2524 5888 44 7728 5995 8163 9684 4153 883 3326 9241 3233 5072 10171 4048 689 136 9533 6528 8311 3523 2169 6995 7294 1617 4359 6050 2103 1940 2488 2410 8349 8485 6739 2451 8022 7387 6143 3619 9126 1725 3062 4313 9127 8335 9817 1467 8661 1312 4147 6404 8027 5505 1958 6578 4343 816 2898 4181 9513 6676 3309 518 665 1211 4762 4160 7742 897 2100 8775 5649
