780 263 324 14 124 60 894 698 758 613 557 165 571 9 204 522 62 283 337 536 309 148 788 213 708 438 688 127 19 507 209 567 333 187 326 833 86 216 162 778 353 249 151 306 322 601 194 640 321 586
601 194 640 321 586 724 695 497 95 481 755 905 492 230 775 447 818 338 467 888 820 765 325 901 290 703 277 535 845 408 553 619 69 189 460 751 525 292 71 879 797 801 159 377 313 768 756 776 787 546
768 756 776 787 546 285 828 250 426 794 710 707 248 731 539 99 200 732 229 303 188 746 712 145 414 477 760 479 836 885 78 726 100 875 622 314 882 484 654 239 308 857 540 418 33 554 147 749 547 799
554 147 749 547 799 224 681 167 409 357 608 311 602 825 390 332 45 331 132 154 483 648 403 716 20 17 31 837 378 516 550 232 568 136 501 411 783 633 705 899 588 603 727 241 666 271 847 223 493 318
271 847 223 493 318 632 599 804 236 90 738 121 585 650 246 401 410 877 341 219 476 385 572 697 606 579 114 183 627 672 832 853 298 266 388 25 838 172 871 795 161 649 430 684 462 262 260 504 817 5
262 260 504 817 5 294 2 398 394 279 344 30 839 51 519 769 243 112 814 855 133 542 662 166 253 822 750 351 12 4 647 52 89 110 683 225 663 421 456 509 841 491 634 354 854 113 628 18 562 301
113 628 18 562 301 806 286 846 682 706 830 439 170 376 293 59 180 621 198 348 334 513 397 84 864 607 347 889 636 304 876 638 466 605 144 870 184 767 449 611 441 752 699 543 813 694 510 791 720 580
694 510 791 720 580 364 276 327 643 884 796 156 700 617 792 291 297 369 500 415 254 359 278 335 129 635 46 420 821 722 470 762 835 175 171 371 118 295 370 566 270 844 589 203 482 186 464 782 365 342
186 464 782 365 342 444 142 103 452 753 612 704 111 902 657 211 584 810 384 163 233 485 106 214 137 329 459 104 109 748 590 591 268 392 93 564 577 625 413 528 897 208 646 508 207 70 26 472 436 153
70 26 472 436 153 475 811 425 524 21 244 615 346 548 367 869 432 37 468 668 350 520 534 886 54 677 652 386 256 123 382 3 872 222 176 805 221 692 495 404 179 227 573 174 379 659 537 644 44 494
659 537 644 44 494 64 22 866 570 679 284 429 661 282 134 575 490 834 842 531 49 269 891 592 105 685 317 502 261 892 655 160 215 784 747 255 823 851 757 763 521 8 251 195 465 340 803 626 182 641
340 803 626 182 641 730 320 563 169 76 714 849 168 873 487 442 416 360 400 900 226 678 696 737 874 115 141 514 686 808 728 565 40 518 850 328 424 505 363 578 422 715 689 47 718 639 406 863 690 665
639 406 863 690 665 173 307 50 74 474 101 532 600 529 829 63 55 240 533 691 867 569 355 624 27 431 316 582 815 478 28 138 178 723 887 143 893 302 798 7 721 512 259 595 41 126 664 480 881 164
126 664 480 881 164 687 593 66 217 1 199 437 541 597 391 38 287 711 878 72 895 193 146 206 258 538 177 676 904 407 614 594 242 736 412 450 774 157 498 289 87 489 15 81 140 366 190 530 764 264
366 190 530 764 264 10 499 898 305 463 862 122 310 454 856 155 777 735 656 417 618 816 61 517 265 637 107 57 380 405 526 745 201 896 457 192 761 24 629 725 34 552 848 323 824 772 36 581 702 819
772 36 581 702 819 374 653 218 13 139 402 396 296 741 393 58 399 759 809 604 42 743 740 29 734 185 433 91 435 68 785 560 150 358 32 545 349 868 181 73 469 827 67 373 576 802 739 506 330 549
802 739 506 330 549 39 551 152 523 858 556 790 770 372 717 781 234 455 319 82 96 789 288 339 368 511 620 92 658 701 587 395 158 558 861 116 742 381 23 719 48 6 610 120 733 98 831 673 609 235
98 831 673 609 235 826 890 773 85 651 744 428 267 660 709 315 642 97 766 83 80 630 362 675 11 228 274 583 843 237 729 527 131 631 771 840 43 623 559 257 671 616 383 196 473 488 453 238 352 544
488 453 238 352 544 440 419 128 859 205 191 812 670 503 645 300 667 883 53 75 880 345 88 375 312 680 713 247 793 231 130 275 860 35 446 343 443 669 149 807 423 852 117 389 119 496 94 202 445 252
496 94 202 445 252 77 361 448 555 561 135 336 272 471 299 574 800 102 16 210 515 197 273 903 281 212 674 65 108 693 245 434 125 598 458 280 220 56 387 779 865 486 356 754 451 596 79 786 427 461
