-0.0750756710767746 -0.0024487178307026625 0.15261216461658478 0.05619249492883682 0.07433614879846573 -0.04267629235982895 -0.10273917764425278 0.01511297281831503 0.14694170653820038 0.15079259872436523 -0.13373011350631714 -0.06967149674892426 0.1967897117137909 0.22967296838760376 -0.14399202167987823 -0.054315656423568726 0.04380687326192856 0.20486409962177277 -0.03973311185836792 0.12193738669157028 -0.08992945402860641 -0.0949854701757431 -0.07476096600294113 0.015173382125794888 -0.0711645558476448 0.17607399821281433 0.15625900030136108 -0.07672581076622009 -0.2365082949399948 0.22110387682914734 -0.045360539108514786 0.05152677372097969 0.1344018131494522 0.11084287613630295 0.21351394057273865 0.12447456270456314 -0.018549198284745216 -0.10079973936080933 -0.02098054625093937 0.225303053855896 0.18509811162948608 0.1280236393213272 0.19260552525520325 0.09129182994365692 0.4900762736797333 0.01977570354938507 0.11732569336891174 0.031863145530223846 -0.03404216468334198 -0.051517385989427567
0.20816272497177124 0.01340531650930643 0.03457772731781006 0.10235558450222015 0.10757072269916534 -0.2135225087404251 0.1639081835746765 0.06135481223464012 0.25136885046958923 -0.16087500751018524 -0.07799933105707169 -0.3467007577419281 0.18155725300312042 -0.0744045153260231 -0.11406610161066055 0.03695717081427574 0.002697335323318839 0.03172868862748146 0.24686788022518158 -0.11124686896800995 -0.059448935091495514 0.10068707168102264 -0.09978309273719788 -0.10076680779457092 -0.005122451111674309 -0.061323247849941254 0.000661781057715416 0.19151639938354492 -0.11131949722766876 -0.0739535540342331 0.10037849843502045 -0.267853319644928 -0.02319931611418724 0.014576624147593975 -0.15812602639198303 -0.030918831005692482 -0.02065199986100197 -0.03803478926420212 -0.08691112697124481 0.09545960277318954 0.08665595203638077 0.022299330681562424 0.14330467581748962 0.1983935683965683 -0.10419678688049316 0.1936395764350891 -0.2729145586490631 0.08388262987136841 -0.20820873975753784 0.23271143436431885
0.11721237003803253 -0.054962363094091415 0.29409128427505493 0.09495226293802261 -0.14731556177139282 -0.119959756731987 0.06903792172670364 0.05078195780515671 -0.09997677057981491 0.2154315859079361 0.1710016429424286 -0.0755191221833229 0.07539182156324387 -0.02347487024962902 -0.1173531636595726 0.1816253811120987 0.008993852883577347 -0.05971618369221687 -0.11164360493421555 -0.08437786996364594 -0.07853969931602478 -0.031155049800872803 0.24596478044986725 -0.059612616896629333 0.04534073919057846 -0.14938421547412872 -0.1454618126153946 -0.03611006960272789 -0.22450128197669983 0.0821780189871788 -0.07656841725111008 0.19098542630672455 -0.10709411650896072 -0.23630768060684204 0.06688737869262695 0.12164996564388275 0.2336088865995407 -0.00029935757629573345 -0.07331773638725281 0.01629866659641266 0.03666168078780174 0.09053241461515427 0.09333505481481552 0.2767656445503235 -0.16253022849559784 -0.3699488043785095 -0.02107473649084568 -0.10151989758014679 0.11956679075956345 0.17096786201000214
-0.07642468065023422 -0.06801789253950119 -0.037977904081344604 0.024020522832870483 -0.08233565837144852 0.12670360505580902 0.2045801281929016 0.22541452944278717 0.15202002227306366 0.1949867457151413 -0.04765913262963295 0.1093699112534523 -0.15337295830249786 -0.030775755643844604 -0.11616472899913788 -0.438128262758255 0.09357989579439163 0.21291740238666534 -0.15010309219360352 0.14994466304779053 0.048309072852134705 0.21743114292621613 -0.022661685943603516 -0.18623223900794983 -0.07197008281946182 -0.1715126782655716 -0.07330038398504257 -0.04790657013654709 -0.08459001034498215 -0.2262742966413498 0.06803042441606522 -0.27198055386543274 -0.20705124735832214 -0.030214998871088028 -0.015410919673740864 0.07905994355678558 -0.1434057652950287 0.007226056884974241 -0.155772864818573 0.10584583878517151 0.00906682200729847 -0.0750734731554985 -0.013355984352529049 0.02385793626308441 -0.003624651813879609 -0.13106851279735565 0.2221841961145401 -0.10954649746417999 0.01861734874546528 0.10895447432994843
0.03612903505563736 0.06693858653306961 -0.0789852887392044 -0.11444120854139328 0.03180428221821785 -0.0027358343359082937 0.2285081446170807 0.07091279327869415 -0.17025764286518097 0.33859747648239136 -0.18440023064613342 -0.13079886138439178 -0.19368495047092438 -0.1336035281419754 -0.006089617032557726 0.1589948534965515 -0.07321827858686447 -0.20855168998241425 0.1572069674730301 -0.20402881503105164 -0.25102224946022034 0.019895736128091812 0.004223864059895277 0.06460758298635483 -0.0060774898156523705 -0.045137494802474976 0.17549851536750793 -0.26400652527809143 0.024846132844686508 -0.005722034722566605 0.15795941650867462 -0.15013092756271362 0.12016048282384872 0.3475099503993988 0.05369367450475693 0.06270837038755417 -0.09412980824708939 -0.019803479313850403 -0.1516018509864807 -0.06499109417200089 0.24441683292388916 0.13681267201900482 0.01593615487217903 -0.003336275229230523 -0.09779243171215057 -0.07554540783166885 0.09350986778736115 -0.051819901913404465 0.08137226104736328 -0.13098126649856567
-0.06004532054066658 -0.008059646934270859 0.0978657528758049 0.12006836384534836 0.16776546835899353 -0.2659599483013153 -0.15950168669223785 -0.052115149796009064 -0.03430050611495972 -0.04003479704260826 0.26637497544288635 -0.0347309410572052 -0.13079404830932617 -0.12841126322746277 0.011108151637017727 -0.08079535514116287 0.23115918040275574 -0.03717276081442833 0.01305361744016409 -0.08856698125600815 -0.0926114022731781 0.2987843453884125 0.03249501809477806 -0.04514918476343155 0.147971510887146 0.18728208541870117 -0.14928914606571198 -0.05593564361333847 0.12769490480422974 -0.026495808735489845 -0.19618867337703705 0.15679821372032166 -0.23918721079826355 0.3207952678203583 -0.03435033932328224 0.06599771976470947 -0.16475725173950195 0.21209922432899475 -0.014933298341929913 -0.017480134963989258 0.2472476363182068 -0.20426850020885468 0.1420173943042755 -0.05302780121564865 0.12927277386188507 -0.047072842717170715 -0.03847873583436012 0.08626998960971832 0.08539257943630219 0.06760237365961075
-0.21233312785625458 0.16397309303283691 0.25204628705978394 0.10879631340503693 0.14099735021591187 -0.23474091291427612 0.018442001193761826 0.19549334049224854 -0.1449991911649704 -0.24890051782131195 0.20472541451454163 0.03968729078769684 -0.016348393633961678 -0.2489064484834671 -0.039289943873882294 -0.15647433698177338 -0.05126408860087395 0.010694405063986778 0.052230387926101685 -0.001908650854602456 0.2365887463092804 -0.08876701444387436 0.07537609338760376 0.0481620617210865 -0.03808559849858284 0.09049303829669952 0.14303219318389893 -0.258550226688385 0.11007913947105408 0.00993498507887125 0.16295263171195984 -0.12449225038290024 0.15474683046340942 -0.08539839088916779 0.31076228618621826 -0.06903998553752899 -0.11304520070552826 0.03485746681690216 0.1423700600862503 0.11045236140489578 0.0028723892755806446 0.1715879887342453 -0.09771105647087097 0.1343258023262024 -0.13557390868663788 -0.013322030194103718 0.10621560364961624 -0.03804389014840126 -0.14428704977035522 0.08761440217494965
-0.03175301104784012 0.3118015229701996 -0.020457936450839043 -0.05587324872612953 -0.2081613838672638 0.013721652328968048 0.14504355192184448 0.01883416436612606 0.15918567776679993 -0.20190206170082092 -0.11906846612691879 -0.0631638616323471 0.19910308718681335 0.0057343244552612305 -0.2696618139743805 -0.2015037089586258 0.11209409683942795 -0.28871744871139526 -0.12308789044618607 0.18954187631607056 -0.011794418096542358 -0.12050793319940567 -0.17006106674671173 0.1222275048494339 0.07643894106149673 -0.06379316002130508 -0.12889358401298523 -0.20624804496765137 -0.089207723736763 0.003543777158483863 0.15344393253326416 0.2019280344247818 0.10605721920728683 0.00655018538236618 -0.024499520659446716 -0.015947610139846802 -0.002831890480592847 0.16373886168003082 0.03508206456899643 -0.01735508069396019 0.1751343458890915 -0.12012507021427155 0.048016857355833054 -0.09713355451822281 -0.12430552393198013 0.02150069549679756 -0.06825156509876251 0.13826127350330353 0.3324567675590515 0.040261782705783844
-0.03452537581324577 0.14128240942955017 -0.05686157941818237 0.17603686451911926 -0.340899795293808 0.025320667773485184 0.0655953511595726 0.006203408818691969 -0.22829513251781464 0.02654254622757435 0.027416521683335304 0.046800658106803894 -0.08852523565292358 0.20379512012004852 0.028763964772224426 -0.14142824709415436 -0.36438196897506714 0.17458073794841766 0.18227510154247284 -0.26224449276924133 0.060213495045900345 -0.03401736915111542 -0.02961510233581066 -0.014750796370208263 -0.038713473826646805 -0.11474502831697464 -0.13788269460201263 -0.09593303501605988 -0.0430302768945694 0.10258829593658447 -0.03709142655134201 0.042627036571502686 -0.07751428335905075 0.06407604366540909 0.033313408493995667 -0.20008598268032074 -0.10508078336715698 -0.13343501091003418 0.1448272168636322 0.18635009229183197 0.161459818482399 -0.3393288552761078 -0.01959986612200737 0.15459322929382324 0.06410373747348785 -0.019423652440309525 -0.19539833068847656 0.1254330575466156 -0.03912489488720894 -0.08158884197473526
-0.020891506224870682 -0.024433104321360588 -0.1058281734585762 0.16575078666210175 -0.19808480143547058 0.18347354233264923 -0.015673533082008362 -0.11126187443733215 -0.02473083697259426 -0.27827340364456177 -0.06182835251092911 -0.14602181315422058 -0.021180037409067154 0.004130656830966473 0.27926623821258545 -0.05033772066235542 -0.07388920336961746 -0.009008027613162994 -0.24232417345046997 -0.2683480381965637 0.0642804354429245 -0.09307149797677994 0.05776921659708023 0.09971553832292557 0.11813285946846008 0.013756666332483292 0.1430286318063736 -0.10625014454126358 0.021692216396331787 0.07243925333023071 0.07354865223169327 -0.16766326129436493 -0.16194210946559906 -0.16720528900623322 -0.11351672559976578 0.1506446897983551 -0.20016168057918549 0.13667486608028412 -0.054496876895427704 -0.08871344476938248 0.14094315469264984 0.2818474769592285 0.2030630111694336 -0.08875589817762375 0.22637172043323517 -0.1112218052148819 -0.0846705213189125 -0.1289406269788742 0.06618600338697433 0.20870499312877655
-0.039391953498125076 0.06127055734395981 -0.18816016614437103 -0.10423871129751205 0.058783430606126785 0.10959520190954208 -0.16961067914962769 0.09860453009605408 -0.10301873087882996 0.10391086339950562 0.08386631309986115 -0.13580171763896942 0.2551218569278717 0.12781313061714172 0.06380293518304825 0.06321581453084946 0.30216166377067566 0.09145577996969223 -0.007752611301839352 -0.0700426921248436 -0.08007916808128357 -0.0785832479596138 -0.04147329553961754 -0.07929074764251709 -0.30795204639434814 0.15457521378993988 -0.15345868468284607 -0.17438766360282898 0.0235874243080616 0.05403760448098183 0.16500741243362427 -0.048072632402181625 -0.03487231209874153 0.0242475513368845 -0.3103195130825043 -0.23398099839687347 -0.07832883298397064 0.06911369413137436 0.20818758010864258 0.08455602079629898 0.013719460926949978 0.08637262135744095 -0.02327750250697136 -0.006397324614226818 -0.11864574253559113 -0.3493650257587433 0.09587462991476059 0.13965822756290436 -0.1767299622297287 0.0928070992231369
0.07103928923606873 0.11139963567256927 0.15775901079177856 -0.07833706587553024 0.1678013652563095 0.2003163993358612 -0.24604985117912292 -0.23210257291793823 -0.1102997213602066 0.010803467594087124 -0.02695617824792862 0.08352342247962952 -0.2113337218761444 0.08700472861528397 -0.35500678420066833 -0.16304625570774078 0.024033425375819206 -0.14113976061344147 0.03679082915186882 -0.07234931737184525 0.014925293624401093 -0.2038193643093109 0.051957450807094574 -0.19675596058368683 -0.027466587722301483 -0.03645173832774162 0.022674527019262314 0.1269986927509308 -0.04689479619264603 0.1735188066959381 -0.25511571764945984 -0.2668881416320801 -0.13353684544563293 -0.07810117304325104 0.030577728524804115 -0.07448522746562958 -0.1076674684882164 -0.014093578793108463 -0.08994750678539276 0.09334114193916321 0.1439632624387741 0.21503619849681854 -0.010285962373018265 -0.13575886189937592 -0.2126336693763733 0.02241133153438568 -0.0702390968799591 0.21742695569992065 0.06186638027429581 0.010902677662670612
0.09772545099258423 -0.05850590765476227 0.06445605307817459 -0.24753877520561218 -0.18113119900226593 0.03476320579648018 -0.28856566548347473 0.222749724984169 0.008707437664270401 -0.18268661201000214 0.035468339920043945 -0.04115420579910278 -0.007974599488079548 0.08187440037727356 -0.09549824893474579 0.08940579742193222 0.02774541638791561 0.04550466313958168 0.13312692940235138 0.16712091863155365 0.13509851694107056 0.13946065306663513 -0.05781440809369087 0.39753884077072144 0.05969066917896271 -0.024532370269298553 -0.027890877798199654 -0.045526087284088135 -0.03981776535511017 0.05354132503271103 -0.10381896048784256 -0.2514103949069977 -0.02858216129243374 0.0013645763974636793 0.08195453882217407 0.06402693688869476 -0.012426674365997314 -0.098599873483181 -0.0765661895275116 -0.11160112172365189 0.13346350193023682 -0.15505291521549225 0.2843920886516571 -0.08756718039512634 -0.16731806099414825 -0.22638016939163208 -0.03566441684961319 -0.17514006793498993 -0.1906711608171463 -0.20882970094680786
0.035836562514305115 0.04546235129237175 0.32061710953712463 0.04932616278529167 -0.15923276543617249 0.08001462370157242 0.17741280794143677 0.1335819661617279 -0.018696853891015053 -0.2950560450553894 0.15472446382045746 0.15022964775562286 0.24326710402965546 0.07226097583770752 -0.14291635155677795 -0.011684536002576351 -0.04308738932013512 0.22797754406929016 -0.07587074488401413 -0.1415911465883255 -0.169438436627388 -0.04941903054714203 0.05475728586316109 -0.24975213408470154 0.04636169597506523 0.040448758751153946 0.033363986760377884 0.17757193744182587 0.10465940088033676 0.08970678597688675 0.03969844803214073 0.005299406126141548 0.08571694046258926 0.3014242649078369 -0.23153464496135712 0.021269647404551506 -0.01363509800285101 -0.0524735301733017 -0.1104014590382576 -0.23631995916366577 0.06546957790851593 0.09673544019460678 -0.1187642514705658 -0.11878769844770432 -0.045255083590745926 -0.043340232223272324 0.12140858918428421 -0.12710261344909668 -0.017077215015888214 -0.2409496307373047
0.1964019536972046 -0.09092790633440018 0.0350915864109993 -0.0568564310669899 0.1324462741613388 -0.005836875177919865 0.19425612688064575 -0.07679078727960587 -0.11396003514528275 -0.16861316561698914 -0.20326074957847595 0.13329988718032837 -0.03158043697476387 -0.21217560768127441 -0.06590176373720169 -0.14105631411075592 0.21856629848480225 0.21300484240055084 0.3851329982280731 -0.08361644297838211 -0.11398589611053467 -0.1481621414422989 -0.13010148704051971 0.19586360454559326 -0.03985369950532913 0.07032425701618195 -0.07866056263446808 -0.004271761514246464 0.09098955243825912 0.015603682957589626 -0.03366738557815552 0.07882154732942581 -0.06199599802494049 -0.2746303677558899 -0.007256723940372467 -0.13949652016162872 -0.041620779782533646 0.10055407881736755 -0.17826774716377258 -0.06972424685955048 -0.06175559014081955 -0.0018315823981538415 -0.05065953731536865 0.16258230805397034 0.24265433847904205 -0.2433108687400818 -0.0015358873642981052 -0.006181842647492886 0.17101210355758667 -0.1482580006122589
-0.1985381543636322 0.00363153382204473 -0.2399802953004837 0.12829311192035675 0.030985210090875626 -0.12174052745103836 -0.1016630232334137 -0.07649031281471252 -0.0546785406768322 -0.07538282871246338 -0.1524633914232254 0.057076748460531235 0.0012417484540492296 0.002734291600063443 -0.03468179702758789 -0.03901056572794914 -0.04298222437500954 0.1537346988916397 0.015222031623125076 -0.011924101039767265 -0.043222904205322266 0.10898414254188538 0.016720810905098915 -0.08679501712322235 -0.41993778944015503 -0.010675246827304363 -0.2360703945159912 0.04475853592157364 0.009136338718235493 -0.06124918535351753 -0.07391257584095001 0.03606098145246506 0.140179842710495 -0.1594896912574768 0.044407330453395844 0.3588598668575287 0.10715380311012268 0.17925070226192474 0.049333516508340836 -0.17154332995414734 0.3447363078594208 0.15687032043933868 -0.01265565212816 0.10579729825258255 -0.17798739671707153 0.11124259978532791 -0.10400339215993881 -0.12334305047988892 -0.005471635144203901 -0.21955449879169464
-0.3058658242225647 0.06743606179952621 0.006259680259972811 -0.19092850387096405 0.110174760222435 0.07332183420658112 0.2739626467227936 0.10113491863012314 0.11131417006254196 -0.014001366682350636 0.028944453224539757 -0.018532149493694305 0.029560783877968788 0.026469912379980087 0.06563017517328262 0.12052785605192184 -0.19691023230552673 -0.020904334262013435 0.21514327824115753 0.263464093208313 0.08293533325195312 0.07888913154602051 0.22675246000289917 -0.09099797904491425 0.16668017208576202 0.08050589263439178 -0.12602126598358154 -0.09669310599565506 -0.14677423238754272 -0.04030868038535118 -0.24406485259532928 -0.0673305094242096 -0.008237583562731743 -0.004489031620323658 -0.15300166606903076 -0.008452444337308407 -0.048108480870723724 0.141996368765831 0.04838602989912033 0.10630874335765839 0.00793838407844305 0.21774005889892578 -0.15396051108837128 -0.12018447369337082 0.15859456360340118 -0.20868954062461853 -0.35725799202919006 0.0016441360348835588 0.006180399563163519 -0.11076553165912628
0.07474863529205322 0.16962192952632904 -0.0296523105353117 0.3440043330192566 0.10491000860929489 -0.02323996089398861 0.0784483477473259 -0.050655119121074677 0.11815614998340607 -0.274822860956192 -0.15469403564929962 -0.0433998629450798 -0.21624894440174103 0.04370059445500374 0.1248534619808197 0.23524326086044312 0.19567716121673584 0.0171932652592659 -0.06911808252334595 0.13212352991104126 0.03737049177289009 -0.08199415355920792 0.12524068355560303 -0.03649093583226204 -0.2526610195636749 -0.1025325357913971 0.09602804481983185 -0.09947168827056885 -0.20528876781463623 0.10814923048019409 -0.01083283219486475 0.12417565286159515 -0.21390551328659058 0.18025125563144684 0.03955809772014618 -0.030316827818751335 -0.10075693577528 -0.023939967155456543 -0.15139669179916382 0.2536162734031677 -0.17956328392028809 -0.0900982990860939 -0.0072342935018241405 -0.07711281627416611 -0.17094005644321442 -0.0864555835723877 -0.01991976611316204 -0.15065453946590424 -0.014678862877190113 -0.23956964910030365
-0.2535817623138428 -0.09582909941673279 -0.1218147799372673 -0.2368485927581787 0.22335894405841827 0.0905546098947525 -0.08820146322250366 -0.02259036712348461 -0.04117516055703163 -0.16640910506248474 -0.12293316423892975 0.07898037880659103 0.09458660334348679 -0.25162273645401 -0.0763026550412178 -0.10125592350959778 -0.2935607433319092 0.09788305312395096 -0.2639387547969818 -0.02712516486644745 -0.1396070271730423 0.08855056017637253 0.03150143474340439 0.14527034759521484 -0.12172215431928635 0.04079326614737511 0.0049963220953941345 0.12907779216766357 -0.06905996054410934 0.09986747056245804 0.03447632119059563 0.12635184824466705 -0.102556012570858 0.27041858434677124 0.024296347051858902 -0.23142629861831665 0.05003443732857704 -0.1764984279870987 -0.10741956532001495 0.06085623428225517 -0.05909118428826332 0.020847469568252563 0.14303983747959137 0.2035508006811142 -0.12113764882087708 -0.0982513427734375 -0.156490758061409 -0.11199288815259933 0.15707464516162872 0.1758827567100525
-0.06771160662174225 -0.013864259235560894 0.006889319978654385 0.06674402207136154 0.11731188744306564 -0.053781475871801376 0.07407732307910919 -0.21897335350513458 0.08620387315750122 0.1820204108953476 -0.06847367435693741 -0.12321409583091736 0.31160256266593933 -0.19670751690864563 -0.11393990367650986 -0.08202259987592697 -0.24728094041347504 0.046929486095905304 -0.006653012707829475 -0.04160958155989647 0.2091233879327774 -0.017484715208411217 -0.12689094245433807 -0.13177606463432312 -0.03584395721554756 -0.03591664135456085 0.30614620447158813 -0.19788117706775665 0.03845299035310745 -0.033038076013326645 -0.1693895161151886 0.16244620084762573 -0.1881881058216095 -0.10237444192171097 -0.059131961315870285 0.09034692496061325 -0.12775927782058716 -0.022066202014684677 0.005682524759322405 -0.26105165481567383 -0.11356610059738159 -0.14015720784664154 0.1877136528491974 -0.11808105558156967 -0.1335173398256302 -0.17954351007938385 0.050235629081726074 0.14769159257411957 -0.17249318957328796 -0.20134323835372925
0.05675476789474487 -0.0993841141462326 0.06115778535604477 -0.24956776201725006 -0.04198521375656128 -0.03288478031754494 -0.031483959406614304 -0.24675174057483673 -0.03666244447231293 0.0900164321064949 0.08886200934648514 -0.11602254956960678 0.11699271947145462 0.0459287203848362 -0.20058639347553253 0.11120859533548355 0.05283272638916969 0.22081749141216278 0.03892955929040909 -0.14922380447387695 0.15474574267864227 0.15772445499897003 0.04533028602600098 0.012563152238726616 0.008746792562305927 -0.18034832179546356 -0.02955196239054203 0.12443014234304428 0.059256650507450104 -0.10665157437324524 0.33379021286964417 0.17057032883167267 0.005894669331610203 -0.014205306768417358 0.1664878875017166 0.06095800921320915 -0.3607690930366516 0.10754337161779404 0.10573673993349075 0.2911754250526428 -0.06485491245985031 0.10976731777191162 -0.019570644944906235 -0.20731289684772491 -0.029869025573134422 0.033711083233356476 -0.1341732144355774 -0.2034788578748703 0.1565430760383606 -0.1063748374581337
0.30762383341789246 0.10099928826093674 0.1064179316163063 0.11640913784503937 0.2705228626728058 -0.06876204162836075 -0.16058386862277985 0.026683993637561798 -0.04641839116811752 0.14787431061267853 -0.13665860891342163 0.0777447298169136 0.05447812005877495 0.1314661204814911 0.16150029003620148 -0.31394490599632263 -0.11692636460065842 0.04635220766067505 -0.028332537040114403 0.04373840615153313 0.13916462659835815 0.16040824353694916 -0.017804086208343506 0.061626069247722626 0.14922969043254852 -0.07019156217575073 0.03010031394660473 -0.11597543954849243 0.14843051135540009 0.2415681779384613 0.07708025723695755 -0.07646805047988892 0.18248721957206726 0.09623231738805771 -0.3203567862510681 0.16621315479278564 0.14741815626621246 0.11637469381093979 0.0843467265367508 0.14416782557964325 -0.15053001046180725 0.032620761543512344 0.006221294403076172 0.08660851418972015 -0.10735241323709488 -0.08554630726575851 -0.1559259444475174 -0.1348481923341751 0.18372946977615356 -0.09174506366252899
-0.021822432056069374 0.017841119319200516 0.27514851093292236 -0.24179701507091522 -0.16713209450244904 0.10959608107805252 0.12096770852804184 -0.2269924134016037 -0.008227514103055 0.02704828605055809 0.08969058096408844 0.31539613008499146 -0.04009649530053139 -0.23605814576148987 0.2175607681274414 0.0254962258040905 0.28727322816848755 0.004892086610198021 0.04054456576704979 0.05032668635249138 0.07199672609567642 0.11906300485134125 -0.1255900114774704 -0.0823170468211174 -0.2913411259651184 -0.17603786289691925 0.20455500483512878 -0.12412640452384949 -0.12736879289150238 0.17300046980381012 0.014011587016284466 -0.04083506017923355 0.05697289854288101 0.07477878779172897 -0.09973251819610596 0.1015629991889 0.07195722311735153 -0.07064501196146011 0.14441876113414764 -0.054837312549352646 0.08192216604948044 -0.06442786008119583 0.08176450431346893 0.03831849992275238 0.06982096284627914 0.08921556174755096 -0.2737223505973816 0.02310481294989586 -0.07044599205255508 0.14186272025108337
0.13154835999011993 -0.1661527007818222 0.0073100486770272255 -0.13192979991436005 -0.021369393914937973 0.12723802030086517 0.10018817335367203 -0.06398424506187439 0.11446157097816467 -0.2139609307050705 -0.02877681516110897 -0.05807148292660713 -0.1149783506989479 -0.10450607538223267 0.08788741379976273 -0.11509057879447937 -0.18278008699417114 0.147957906126976 0.17273227870464325 -0.054046500474214554 -0.19817443192005157 -0.057036545127630234 0.0474541001021862 -0.08262906223535538 0.013726362027227879 0.09340521693229675 -0.08184267580509186 -0.10616478323936462 0.06665784865617752 0.03368161618709564 0.057712238281965256 0.09562639892101288 -0.027746548876166344 0.06211067736148834 0.14816422760486603 0.28321340680122375 0.36578524112701416 0.05868786945939064 0.16487561166286469 0.30709308385849 0.00010091079457197338 -0.026639489457011223 0.11790554970502853 -0.3285083770751953 -0.14589300751686096 -0.10615646839141846 0.1736374795436859 0.1903243362903595 -0.10805444419384003 0.12411732226610184
-0.13927841186523438 0.1361682265996933 -0.12757714092731476 0.039542462676763535 0.014160247519612312 0.13773846626281738 0.015774326398968697 -0.04148595407605171 0.19380757212638855 -0.01721341535449028 0.47312504053115845 0.01811346597969532 -0.09455988556146622 0.11639474332332611 0.009296217001974583 0.018590595573186874 -0.051214635372161865 -0.10594227910041809 0.19774314761161804 -0.041695427149534225 -0.0906512439250946 -0.12691663205623627 -0.2967233657836914 -0.06655006110668182 -0.0868566632270813 0.09356241673231125 0.12020333111286163 0.13619625568389893 0.06105855852365494 -0.12766678631305695 0.019632212817668915 -0.11692049354314804 0.021131431683897972 0.038518380373716354 0.03122279793024063 0.20198631286621094 0.0010336014674976468 -0.023612337186932564 0.07218622416257858 0.057817596942186356 -0.2255958765745163 0.031221214681863785 0.26752859354019165 0.2585403323173523 -0.03852643445134163 -0.15412357449531555 -0.009300400502979755 -0.06332196295261383 0.3078211545944214 -0.126769557595253
-0.028766874223947525 -0.04753359407186508 0.3043115735054016 0.14264097809791565 0.020974228158593178 0.1454983651638031 -0.06546523422002792 -0.2273872345685959 0.28693804144859314 0.0818522572517395 -0.04048456251621246 -0.1410800963640213 -0.01972421444952488 -0.04744884744286537 0.16278043389320374 -0.0466531477868557 -0.1374746561050415 -0.0956413745880127 0.10560266673564911 0.025926250964403152 0.10237317532300949 0.041585493832826614 -0.08183228224515915 0.25908079743385315 -0.10801862925291061 0.15980301797389984 0.03902597352862358 0.2433585226535797 -0.11827944219112396 -0.08905211836099625 0.09464298188686371 -0.002766077872365713 -0.09013567119836807 0.039651624858379364 -0.058747414499521255 -0.07423484325408936 0.00909619964659214 -0.0337144173681736 0.16756366193294525 -0.027163514867424965 0.3313280940055847 -0.05544358864426613 -0.3972765803337097 0.02871944196522236 -0.08399120718240738 -0.1834443360567093 0.17515446245670319 -0.10343340784311295 0.08499743789434433 0.015042836777865887
-0.12454994767904282 0.0010036957683041692 0.10012034326791763 0.18150240182876587 0.0015857670223340392 0.28552478551864624 -0.05868281424045563 -0.1375511735677719 -0.03783111646771431 -0.017845455557107925 -0.21801480650901794 -0.07005754858255386 -0.046022895723581314 -0.23435872793197632 -0.22041653096675873 0.14734621345996857 0.08879406005144119 -0.09177263081073761 -0.10093538463115692 -0.0030901809222996235 0.20469370484352112 -0.08677437901496887 0.10343238711357117 -0.03180947154760361 0.09389356523752213 -0.1324760913848877 -0.28268107771873474 0.10687442123889923 0.18980419635772705 -0.10927854478359222 0.1457371860742569 -0.15426121652126312 0.15121445059776306 0.24138811230659485 0.020191030576825142 0.13967031240463257 0.09232524782419205 0.051352888345718384 0.12006662786006927 0.00027709550340659916 -0.12030217051506042 -0.1103551983833313 0.09547712653875351 0.20572957396507263 0.23342783749103546 -0.19085822999477386 -0.03611110523343086 0.1376374065876007 -0.17688648402690887 -0.10290643572807312
-0.21149353682994843 -0.0466567762196064 0.0022560060024261475 0.27472925186157227 0.007686857134103775 -0.18196335434913635 -0.024101965129375458 -0.09599556773900986 -0.018851060420274734 0.13091181218624115 0.08706185966730118 0.3215232789516449 0.03328804299235344 -0.037363201379776 0.05032218620181084 0.12415537983179092 -0.09853967279195786 0.07711979001760483 0.18080565333366394 0.13894806802272797 0.10091490298509598 -0.0866345539689064 -0.07346637547016144 0.14001087844371796 0.0407603420317173 -0.23056307435035706 -0.08084512501955032 0.1158587783575058 -0.020162079483270645 -0.03102249838411808 0.22251488268375397 -0.02612597681581974 0.02311183698475361 0.023262999951839447 -0.1864112913608551 -0.23785464465618134 0.1505141258239746 0.08657867461442947 -0.22448572516441345 0.0842241644859314 0.14454014599323273 0.17686937749385834 0.32447871565818787 -0.27611079812049866 -0.017076490446925163 -0.020330822095274925 0.13481466472148895 0.11579334735870361 0.024208543822169304 0.04946701601147652
-0.27137282490730286 -0.16365955770015717 0.06413839012384415 0.1250111609697342 -0.04994513839483261 0.02692730911076069 0.17056487500667572 -0.17523516714572906 -0.16290836036205292 -0.00932798907160759 -0.07548258453607559 0.09186708927154541 0.1151583343744278 0.005500363651663065 -0.0765816867351532 0.24808205664157867 0.037482429295778275 -0.009143824689090252 -0.12104199081659317 0.0068299188278615475 -0.1379667967557907 0.19554926455020905 -0.28134599328041077 0.0738600566983223 0.18452560901641846 0.28453049063682556 -0.07374827563762665 -0.07955776154994965 0.03946445509791374 0.2519626319408417 -0.021954769268631935 -0.23071327805519104 0.02472320757806301 -0.2057771533727646 -0.09692768007516861 0.16460587084293365 -0.10745130479335785 -0.02408323623239994 -0.11853353679180145 0.2797486186027527 -0.0691995695233345 -0.17585961520671844 -0.1171373501420021 0.03541861101984978 -0.21669821441173553 0.07127652317285538 0.06759414821863174 0.02119523100554943 0.010535065084695816 -0.0027048818301409483
0.20917832851409912 0.2586856782436371 -0.09501740336418152 -0.02035357430577278 0.011872448027133942 0.09886493533849716 0.12963391840457916 -0.022039011120796204 0.052293237298727036 0.02417532168328762 0.09219551831483841 0.12178635597229004 0.04458332061767578 0.01328702550381422 -0.08002426475286484 0.15184812247753143 -0.20459240674972534 -0.028174778446555138 -0.13196328282356262 0.17965732514858246 -0.19093385338783264 0.22127601504325867 -0.029957767575979233 0.07250270247459412 -0.09771228581666946 -0.12551343441009521 0.16352401673793793 0.19384260475635529 0.22563554346561432 0.22900769114494324 -0.010091000236570835 -0.03962673619389534 -0.10312919318675995 -0.06741005927324295 0.18988607823848724 -0.12128827720880508 -0.019862210378050804 0.5003369450569153 0.04656007140874863 0.03097979724407196 0.07871493697166443 -0.02574990876019001 -0.025008460506796837 0.10830400139093399 0.10181525349617004 -0.08795935660600662 0.08153760433197021 0.024980640038847923 -0.222521111369133 0.04391469806432724
0.15853314101696014 0.10320328176021576 -0.15746785700321198 -0.08751736581325531 0.07384438812732697 0.007826373912394047 0.247503861784935 -0.18430358171463013 0.019921312108635902 0.11882945150136948 0.2667030990123749 -0.0010444525396451354 -0.13840344548225403 -0.010352345183491707 -0.1595909595489502 -0.06175857409834862 -0.09805084019899368 0.056289538741111755 -0.004570115357637405 0.058181796222925186 0.2632627785205841 -0.19425667822360992 0.23501715064048767 0.1950000822544098 -0.13606378436088562 0.3161027133464813 -0.2127431035041809 0.01848929561674595 -0.09216698259115219 0.22839927673339844 0.11983710527420044 0.04153010621666908 0.09394039213657379 0.06111862137913704 -0.17017148435115814 0.18239860236644745 -0.11127865314483643 -0.024533921852707863 -0.20764999091625214 -0.12060589343309402 -0.016079364344477654 -0.1295870989561081 0.04241669923067093 -0.0034132935106754303 0.01799033023416996 0.10366915166378021 0.06391170620918274 -0.10097556561231613 -0.15393513441085815 0.1618850976228714
-0.24316439032554626 0.1619766503572464 0.08051332086324692 -0.08983851224184036 0.028245680034160614 -0.07986993342638016 -0.15749770402908325 0.13912342488765717 0.08992636948823929 0.10852517187595367 -0.1707506775856018 -0.018937287852168083 -0.04547271132469177 0.0011141635477542877 -0.02395278960466385 0.0641714408993721 0.010661769658327103 -0.018694501370191574 0.11656159162521362 0.002185122575610876 -0.07885145395994186 -0.18624694645404816 0.19183214008808136 -0.26020917296409607 -0.02738584391772747 0.13344235718250275 0.1725071519613266 0.10375524312257767 0.27142760157585144 0.12515327334403992 0.28810515999794006 -0.0485924631357193 -0.11611797660589218 -0.23185236752033234 -0.032244037836790085 0.02668336033821106 0.12010202556848526 -0.0013816050486639142 -0.09376221150159836 -0.012423955835402012 0.09692396968603134 -0.4059581756591797 0.04187019169330597 -0.14348414540290833 0.07490875571966171 -0.04760441929101944 -0.16062825918197632 -0.2520228922367096 0.07629387080669403 0.08624134957790375
-0.11966585367918015 -0.31341540813446045 -0.08813805133104324 -0.04876114800572395 0.027908243238925934 0.053947124630212784 -0.2029854655265808 -0.01648230291903019 0.059785395860672 -0.03042888455092907 0.24007956683635712 -0.04631304740905762 0.220216765999794 -0.06477270275354385 0.14083358645439148 -0.16787970066070557 0.011801707558333874 -0.07803754508495331 0.08115978538990021 0.008919177576899529 -0.1634027510881424 -0.23611226677894592 0.20256362855434418 0.05928944796323776 0.054836925119161606 -0.2966790497303009 0.07600154727697372 -0.06684918701648712 -0.17943693697452545 0.13746194541454315 0.12442820519208908 -0.09826620668172836 0.004994085989892483 0.06142691522836685 0.020182784646749496 0.1302919238805771 -0.07055823504924774 0.26979154348373413 -0.2550211250782013 0.04356583580374718 -0.0012294432381168008 -0.2020532339811325 -0.24152901768684387 0.1515442579984665 -0.015419358387589455 0.08701686561107635 -0.022700775414705276 0.14904823899269104 -0.0498962476849556 -0.1694517582654953
-0.0955841913819313 -0.06724559515714645 0.011983918957412243 -0.09124868363142014 -0.0102529963478446 -0.13526342809200287 0.011886750347912312 0.2101174294948578 -0.13567280769348145 -0.05780791863799095 -0.11169352382421494 -0.10907034575939178 -0.09202246367931366 -0.17282240092754364 -0.0012880549766123295 -0.0029769353568553925 -0.07389167696237564 -0.1558551788330078 0.08032587915658951 -0.005738174542784691 -0.0011328201508149505 -0.16237705945968628 -0.10396861284971237 -0.031126320362091064 -0.08125966787338257 -0.247290700674057 0.00042569515062496066 0.2918606996536255 -0.10523704439401627 0.17885392904281616 -0.2851769030094147 0.1084405779838562 0.193459153175354 -0.013954326510429382 -0.28136131167411804 0.11995646357536316 -0.2820529639720917 0.10032211244106293 0.2417241483926773 0.14694362878799438 -0.03819023817777634 -0.1034851148724556 0.09091989696025848 -0.05999239906668663 0.058848556131124496 -0.025570031255483627 0.30301064252853394 -0.17863862216472626 0.007369435857981443 0.12039760500192642
-0.031344473361968994 0.18230019509792328 -0.033252693712711334 -0.11189525574445724 0.13812470436096191 -0.11036967486143112 0.07697921246290207 0.012131350114941597 0.22755731642246246 0.10050231963396072 -0.017003145068883896 -0.030765444040298462 0.0605759397149086 -0.08307861536741257 0.24613502621650696 0.14484351873397827 0.061644211411476135 0.31071150302886963 -0.07344686985015869 0.022422969341278076 0.005452505778521299 -0.22743991017341614 -0.08085645735263824 0.01889120414853096 0.19576993584632874 -0.23157811164855957 -0.3206818699836731 0.011590122245252132 0.13012844324111938 0.29840579628944397 -0.054635901004076004 -0.17635858058929443 -0.19993792474269867 0.04752906784415245 0.2017202079296112 0.06762077659368515 -0.10902192443609238 -0.17286285758018494 0.18020159006118774 -0.1842404156923294 0.06510329246520996 0.0370442196726799 -0.03869251161813736 0.031130250543355942 -0.09652181714773178 0.06717848032712936 0.09170296788215637 0.0736856684088707 0.16799944639205933 0.0060637108981609344
0.16805684566497803 -0.0706414058804512 0.07004387676715851 -0.1564786434173584 -0.0921211913228035 -0.033402130007743835 -0.01575138047337532 -0.05634872242808342 0.001288598868995905 -0.03022991493344307 -0.0051670558750629425 -0.08515213429927826 -0.14925460517406464 -0.08657541126012802 0.30781590938568115 0.02360130101442337 -0.07852526009082794 0.07556216418743134 -0.2059416025876999 0.3107607364654541 0.027731794863939285 -0.08429597318172455 0.02139904350042343 -0.25538086891174316 0.06765812635421753 0.13633063435554504 0.013979625888168812 0.100112184882164 0.15686531364917755 -0.11617372930049896 0.05505766347050667 0.12041428685188293 0.26882317662239075 -0.12337276339530945 -0.05132579058408737 -0.09000267088413239 -0.24980692565441132 -0.07022605091333389 -0.19351963698863983 0.1411428302526474 0.2541262209415436 -0.015450880862772465 0.16608023643493652 0.22149530053138733 -0.12858353555202484 -0.1004875972867012 -0.00795853603631258 0.23850157856941223 0.017242947593331337 -0.1714182198047638
-0.17010875046253204 -0.06579497456550598 0.12935203313827515 0.003941854927688837 -0.0522504523396492 0.03205176070332527 -0.007413153536617756 0.33108261227607727 0.2900235950946808 0.0950002670288086 -0.1330646276473999 0.10952300578355789 -0.29938095808029175 0.07394187152385712 -0.02781788818538189 -0.003569381544366479 0.045548271387815475 0.04610872641205788 -0.015034334734082222 -0.26643502712249756 0.022159386426210403 0.13064248859882355 0.038976039737463 0.1644202172756195 0.002432188717648387 0.10397994518280029 0.049958840012550354 0.1452212780714035 -0.08490876108407974 0.21291612088680267 0.18227490782737732 0.2260819673538208 0.015952669084072113 -0.08142595738172531 -0.04156316816806793 0.06571345776319504 -0.15525692701339722 0.1386047750711441 0.03247997537255287 -0.14547012746334076 -0.16980454325675964 0.11744797974824905 0.06265078485012054 0.044337812811136246 -0.13778498768806458 0.0022973068989813328 -0.10397510975599289 0.39585933089256287 -0.06466787308454514 -0.08577697724103928
0.05013243854045868 -0.1700172871351242 0.14060267806053162 -0.08364502340555191 0.19112931191921234 -0.016350191086530685 -0.009005307219922543 0.1293759047985077 0.09220927953720093 -0.041485745459795 0.03204384446144104 0.0030938987620174885 -0.1551194041967392 0.16223177313804626 -0.10115325450897217 0.29543983936309814 -0.1387432962656021 0.2404290735721588 -0.22323183715343475 -0.16006159782409668 0.17981167137622833 -0.2251618504524231 -0.277601420879364 0.016958769410848618 -0.14855898916721344 -0.07534913718700409 0.04348646104335785 -0.2198881357908249 0.026318293064832687 -0.2067667543888092 -0.14570952951908112 -0.06568841636180878 0.1545475721359253 0.07308068126440048 -0.03746427595615387 -0.01926056481897831 0.07826534658670425 0.28459158539772034 -0.13207954168319702 -0.024965370073914528 0.0689101293683052 -0.18888810276985168 -0.13712090253829956 -0.04290720820426941 0.025517642498016357 -0.034046005457639694 -0.10452528297901154 0.03977961093187332 0.13394489884376526 0.19913646578788757
0.029684728011488914 0.22950372099876404 0.28675755858421326 -0.1883905678987503 0.00561097078025341 0.08768375962972641 0.006317115854471922 0.13620959222316742 -0.1516948938369751 0.10688120126724243 -0.0831211507320404 -0.010184955783188343 0.20052869617938995 -0.09563128650188446 0.28291749954223633 -0.018498051911592484 -0.08666518330574036 -0.11221639066934586 -0.07046458125114441 -0.18859536945819855 0.10993043333292007 -0.06022440642118454 -0.0606045164167881 0.006183292251080275 -0.14218543469905853 0.20191195607185364 -0.24039243161678314 0.08610238134860992 -0.1749863624572754 -0.1676933616399765 -0.018009399995207787 -0.08768849819898605 -0.22953590750694275 -0.004749420564621687 0.06160619482398033 -0.00856051780283451 0.07891031354665756 0.2711290717124939 -0.14462971687316895 0.1251215785741806 -0.11518647521734238 -0.02382081001996994 0.19200892746448517 -0.007126959506422281 0.020017845556139946 0.27551180124282837 0.10174175351858139 -0.018373742699623108 0.01192287728190422 -0.21780912578105927
-0.17301195859909058 0.12190774083137512 0.16628965735435486 -0.22946451604366302 -0.154124453663826 -0.09151802211999893 -0.11247789114713669 -0.2356027364730835 0.22996991872787476 -0.05845865234732628 -0.10152103006839752 0.0020948394667357206 -0.11706111580133438 0.17375649511814117 -0.07548140734434128 0.020003480836749077 -0.05146394297480583 0.020519351586699486 0.09233511239290237 -0.016692612320184708 -0.10424718260765076 -0.03408192843198776 0.10476094484329224 0.11493245512247086 0.02509312331676483 -0.13259780406951904 -0.030923383310437202 -0.2797055244445801 0.2779218256473541 -0.1249876543879509 -0.09744644910097122 0.12871545553207397 -0.16078883409500122 0.01442012283951044 -0.2997017502784729 -0.005004970822483301 0.00808108039200306 0.02190697379410267 -0.08015573769807816 0.1064823791384697 -0.07334854453802109 0.14604224264621735 0.009187006391584873 0.3210497200489044 -0.01870301365852356 0.1885087639093399 0.23064661026000977 -0.10555736720561981 -0.168564110994339 0.029412442818284035
0.21591928601264954 0.03214261308312416 -0.10471799969673157 0.011463065631687641 -0.1280556172132492 -0.1259010285139084 -0.2775886058807373 0.1276596039533615 0.0005232635303400457 0.04210285842418671 -0.029926355928182602 0.30409905314445496 -0.05014106631278992 -0.26561036705970764 -0.13270893692970276 0.12084470689296722 -0.17155534029006958 -0.025139400735497475 -0.016580644994974136 0.12887783348560333 -0.07034165412187576 -0.21501269936561584 -0.28695541620254517 -0.09904193878173828 0.1442016363143921 0.1411382406949997 -0.03721857815980911 -0.059529539197683334 -0.16327469050884247 -0.09324367344379425 0.1875990927219391 0.08922608941793442 -0.2919453978538513 0.07220353186130524 -0.10648557543754578 0.22518767416477203 -0.11438512057065964 -0.019877498969435692 0.07469881325960159 0.06252534687519073 0.014093387871980667 0.15033389627933502 -0.20757022500038147 0.049665793776512146 0.06801776587963104 -0.027729427441954613 -0.14414000511169434 -0.06340695917606354 -0.1636710911989212 -0.0006477119168266654
-0.10824652016162872 0.21156610548496246 -0.11775168776512146 -0.05952591449022293 0.15063750743865967 0.13427229225635529 0.056368716061115265 0.06683480739593506 -0.05299345776438713 0.04051830619573593 0.23462873697280884 -0.22940725088119507 -0.187974214553833 -0.20299160480499268 -0.08609267324209213 -0.05284752696752548 0.1624511331319809 0.17498545348644257 -0.2113373875617981 -0.14792878925800323 0.02905045449733734 -0.007401745300740004 -0.15782977640628815 0.11338251084089279 0.2313222885131836 -0.12235001474618912 0.14341485500335693 0.06688523292541504 -0.0796438604593277 0.01426574494689703 0.003446659306064248 0.14623790979385376 -0.019075460731983185 -0.17916369438171387 -0.20368729531764984 -0.037087708711624146 0.3198319375514984 -0.07602255046367645 -0.008770201355218887 0.18804199993610382 0.22470802068710327 0.017111366614699364 -0.06506368517875671 -0.016908414661884308 0.049955010414123535 0.08930262923240662 -0.025869611650705338 -0.060544803738594055 -0.17087697982788086 -0.2775665521621704
0.04277082905173302 -0.06259464472532272 -0.02687998116016388 -0.08528899401426315 0.3380836844444275 0.18819209933280945 -0.03688051924109459 -0.041279859840869904 0.11938780546188354 -0.19202353060245514 0.004232726525515318 0.17196153104305267 -0.04599195718765259 0.13596364855766296 0.030491137877106667 0.09888381510972977 -0.09481347352266312 -0.20705708861351013 0.1021173894405365 -0.1571621596813202 0.09134265035390854 0.20087529718875885 -0.10654515027999878 -0.3343883156776428 0.1817641705274582 -0.09259750694036484 -0.19300507009029388 -0.19415459036827087 -0.24659249186515808 0.11412420123815536 0.22043319046497345 0.12121817469596863 0.07011445611715317 -0.15064488351345062 0.04678606614470482 -0.12385663390159607 -0.05701349303126335 -0.028292473405599594 0.016542838886380196 -0.13083557784557343 0.1405390501022339 -0.08345912396907806 0.10856509953737259 0.10435498505830765 0.06118828430771828 0.005485872272402048 0.2183172106742859 -0.17699667811393738 -0.09568057954311371 -0.03206643462181091
-0.024938995018601418 0.21491727232933044 0.14846572279930115 -0.023574845865368843 0.25159305334091187 -0.09095515310764313 0.03811785578727722 -0.02208990417420864 -0.001762832747772336 -0.027425864711403847 0.05438053235411644 0.12232175469398499 0.055365197360515594 0.1528109312057495 0.1313808262348175 -0.09808015078306198 -0.06264369189739227 -0.19497811794281006 -0.15140318870544434 -0.11290401965379715 -0.28468504548072815 -0.0018181265331804752 -0.07511185109615326 0.20211464166641235 -0.12377402186393738 -0.20234806835651398 -0.16839222609996796 0.06630104780197144 0.08629091084003448 -0.20349587500095367 0.031567107886075974 0.0543452613055706 0.10931815952062607 -0.13443423807621002 0.037319742143154144 0.23083609342575073 -0.16986031830310822 -0.3002711832523346 -0.16891303658485413 0.052723247557878494 -0.030387792736291885 -0.05584942176938057 -0.08017498254776001 -0.1984950453042984 0.11756134033203125 -0.21432963013648987 -0.13780131936073303 0.09174871444702148 -0.25170135498046875 0.05209158733487129
0.03158434107899666 -0.10265325754880905 -0.145700603723526 -0.07408198714256287 -0.20351116359233856 -0.33729982376098633 0.03524672985076904 -0.13908661901950836 0.4016958177089691 0.08061087876558304 -0.008867827244102955 0.16080082952976227 0.004741780925542116 -0.11764554679393768 0.005281425081193447 -0.12902627885341644 0.06869613379240036 -0.1924125701189041 -0.19037318229675293 -0.32671332359313965 0.048139702528715134 -0.08037380129098892 -0.021667826920747757 -0.07380878925323486 0.006641701329499483 0.10565553605556488 -0.10344342887401581 0.012864180840551853 0.025784196332097054 0.10526587069034576 -0.15620262920856476 -0.16481706500053406 0.19208939373493195 0.031883351504802704 0.09899669140577316 -0.241713285446167 0.09231198579072952 0.06035155430436134 -0.008559087291359901 0.1553383469581604 -0.028109373524785042 0.02680620737373829 -0.017385447397828102 -0.0760083720088005 0.019332733005285263 -0.18378925323486328 -0.06540412455797195 -0.19197127223014832 -0.12824304401874542 -0.1871173083782196
0.0445457361638546 0.14703647792339325 0.004997292533516884 0.22204767167568207 0.024799104779958725 0.37718483805656433 -0.11045292764902115 0.03577045723795891 0.17370149493217468 0.18055814504623413 -0.022602500393986702 0.18656277656555176 0.12307575345039368 -0.18096551299095154 0.03977973759174347 0.021463144570589066 0.08610256016254425 0.20093965530395508 0.10467376559972763 -0.07580181956291199 -0.2222547084093094 -0.10654695332050323 0.13984517753124237 0.08940081298351288 0.18243978917598724 0.06947164982557297 0.002500649308785796 -0.08047220855951309 -0.04435630887746811 -0.18700890243053436 -0.22826114296913147 0.10949086397886276 0.2839609384536743 -0.03544203191995621 0.06008554622530937 -0.0746571496129036 -0.2071547955274582 0.08667178452014923 0.0418844074010849 0.046819575130939484 0.028612008318305016 -0.0825461819767952 0.12942205369472504 -0.030436567962169647 -0.21990713477134705 0.11638445407152176 -0.09627917408943176 -0.22205325961112976 -0.09433410316705704 0.15531690418720245
0.15269970893859863 -0.03531761094927788 0.07406500726938248 0.12597237527370453 -0.038892537355422974 0.09160414338111877 -0.16999965906143188 0.13054248690605164 0.20240625739097595 0.0014019235968589783 0.18232157826423645 -0.09739217907190323 -0.01680760458111763 -0.34071752429008484 -0.13269062340259552 0.13680309057235718 -0.21083344519138336 -0.03694341331720352 -0.046945586800575256 0.008037450723350048 -0.13649363815784454 0.1965172439813614 0.13443541526794434 0.029627814888954163 -0.30005818605422974 -0.042172759771347046 -0.14967787265777588 -0.2449691742658615 0.10042745620012283 0.1045781821012497 -0.00461293151602149 -0.11807706207036972 0.055226657539606094 -0.21038022637367249 -0.1623169183731079 -0.09710057079792023 -0.058400582522153854 -0.1886603683233261 0.01915876194834709 0.052101168781518936 -0.0573982335627079 0.011160562746226788 -0.0034371509682387114 -0.14187408983707428 0.22059591114521027 0.16643239557743073 0.04715448245406151 0.09847868978977203 0.26112648844718933 -0.15214835107326508
-0.050881821662187576 0.417735755443573 -0.1251809448003769 -0.08384519815444946 -0.18737199902534485 -0.042545706033706665 -0.28532129526138306 -0.09434805065393448 0.016232477501034737 -0.06225941702723503 -0.04830693081021309 -0.08403906226158142 0.02384849078953266 -0.14803580939769745 0.07408720254898071 0.07386457920074463 -0.020634779706597328 0.1757490485906601 0.15702936053276062 -0.11879244446754456 0.13618245720863342 0.26036396622657776 -0.05756394565105438 -0.13353124260902405 0.055337365716695786 -0.01593019999563694 0.03294232860207558 0.05536234751343727 -0.16582779586315155 0.047940876334905624 -0.06622795760631561 0.007961911149322987 0.22712717950344086 0.034511614590883255 0.054514080286026 0.095737524330616 0.05412178859114647 0.006018746644258499 -0.3681577444076538 -0.019995784386992455 -0.1568056046962738 0.004042451735585928 -0.22584684193134308 -0.030427929013967514 0.04889608547091484 -0.1767689287662506 0.16992096602916718 0.1413537859916687 0.0878196433186531 0.19020453095436096
0.11234759539365768 0.029211219400167465 -0.21609193086624146 -0.07589913159608841 0.088274285197258 0.011987438425421715 0.07996118068695068 0.15801623463630676 0.07788604497909546 -0.08919080346822739 -0.05289914831519127 0.3614417016506195 0.2617388069629669 0.009231304749846458 -0.03437436372041702 0.1715988665819168 0.0899830237030983 -0.09442126750946045 0.014699231833219528 -0.20716004073619843 0.28140881657600403 0.03478936478495598 0.2950684130191803 0.09458128362894058 0.000936357188038528 0.010071590542793274 0.2083950787782669 0.07682719826698303 0.1005043014883995 -0.1348140388727188 -0.09963741153478622 -0.012839583680033684 -0.1010909378528595 -0.01057017594575882 -0.0848141461610794 0.19349893927574158 0.004407952073961496 -0.162410169839859 0.04511033743619919 0.2528882920742035 0.2529461979866028 -0.0722334012389183 -0.026384588330984116 0.123967245221138 0.003564615501090884 -0.009259926155209541 0.1556006669998169 0.19953162968158722 0.16421520709991455 -0.005354554392397404
0.018875379115343094 0.1494968980550766 0.01880042254924774 -0.09197034686803818 0.06305312365293503 -0.26201120018959045 -0.01644277013838291 -0.2321150302886963 -0.06258809566497803 -0.08655503392219543 -0.04496610164642334 0.09588222950696945 -0.11845526099205017 0.023234525695443153 -0.05879823863506317 0.04513893648982048 -0.0557149238884449 0.19266508519649506 -0.154869943857193 -0.011997975409030914 -0.26145052909851074 0.00785076804459095 0.2515520453453064 0.0716312900185585 0.10745588690042496 0.054299529641866684 0.1250600814819336 0.0058990782126784325 -0.39250263571739197 -0.2258576601743698 0.12067777663469315 -0.2922562062740326 0.07360853999853134 -0.09182629734277725 -0.1325341910123825 -0.0323612317442894 -0.011265384964644909 0.08564358204603195 0.3273526728153229 -0.12821058928966522 -0.08575643599033356 -0.18442663550376892 0.09695039689540863 0.006660482846200466 0.027072694152593613 -0.04812107980251312 0.11246833950281143 0.11487329751253128 0.08755012601613998 -0.10830254852771759
