13.274760822901158 35.49333831984487 -32.26148799828614 13.30252859686199 33.382210855370175 -91.82170063695882 -78.49982923963161 85.26486826816216 0.9967210766471482 24.18078550276961 -98.18661433210406 -22.961626874917584 -72.64872913755688 -39.03945468753298 16.684791227334813 82.08028300390635 62.86485751989744 -69.66918041972059 -33.25648976222769 -32.677980854316814 24.7998349290458 13.296033364030222 -87.60344115556855 79.4446537596898 73.54780726843103 86.3170618571886 71.23640649240659 54.44366293991999 -28.730572965183825 62.41666935026376 -55.59229087356905 -87.37692657788725 -23.271540738701418 53.67587831911791 -1.4926320212111648 -4.580147172886399 5.842813499534742 25.837284794498203 -33.429246448572684 90.74023364995881 -72.64445333438327 -52.82631507616136 79.54841163908515 72.40395070545551 -94.19580252533444 65.17501274621824 29.555156635112468 26.593370083065324 59.66598683360036 -44.02072394704446
-10.64212948771764 -73.88797378489656 85.73327635360656 -81.07436571044781 30.81737646369251 53.72552278822326 -83.32328071503227 26.339644964358214 44.31192238517738 40.177281816998146 29.186989951328343 -19.383139567328115 -26.09600053159906 66.93149475416618 32.03870506542799 -37.106006959452785 44.848891855170905 -34.34416057925402 -49.895910861066504 42.266982387710925 -57.84134219492423 34.51564968531801 -82.75714640890932 67.73479436072728 -30.29418685920298 12.250793329006342 -19.82043208685171 -25.227548416207355 -96.02681066681255 6.506942527237598 -2.398896465889976 -58.66001414362974 -43.51823659107068 -26.228849676091954 -13.492650297461097 -5.952150020571878 60.27694809845531 -53.06099012527028 -87.12538299799098 -12.706983282182776 -87.09878086528009 43.31579659192164 -33.642388661619634 73.02878634622465 -29.700123716678135 -56.38724651367524 82.1729922909364 33.17721657027414 -98.2229262285973 -10.04077699961627
-69.99893346340792 24.610857079710158 -0.16286366098859162 27.26921708574514 -71.43594848643207 -51.55930384510208 62.96940845418868 28.0054563062736 -59.0103797397737 65.74205096537517 -4.141193550378517 16.141119797316023 -10.9868253960814 12.539148353261837 19.270540349690535 -57.735026429760005 -89.3000964066789 59.52719982927036 12.309936927153544 83.86322876504894 60.18654196975288 15.99169935580214 77.46713260296406 -63.23609920008164 -16.47060885440115 2.3827122141718746 73.53969190134518 -10.978413477042977 27.30307587912276 -41.303404214198025 17.040469444863675 -75.84632592059945 -1.4647262344610112 89.89541395333842 -94.98185011678208 92.86430155780653 28.783553087868853 -26.784092505491714 -11.232771221345189 43.46262410465525 -95.60054517995447 59.051268328680464 -53.50745080925699 -60.262692948000726 74.01255110929526 -31.32483619311705 86.60264681565977 33.77496604649042 57.105730314505905 95.01242954155171
-85.21489939853197 27.45998109566075 67.79710275453488 -84.86106216602067 23.49726373184376 24.01120574734196 57.20565679940205 -92.74843413217478 -92.28463568417979 -13.22463102105067 -23.41139640709251 74.62221084423157 42.60106944815226 87.95972800396584 -56.552831226750364 -6.652976530778005 72.48959553847962 62.52195455120676 31.51266322460731 -12.501291082019492 26.337757980478344 -74.45930496973611 -73.26986675938751 48.964212491982664 85.37831482275183 -8.88800953478659 -54.55059945173579 97.18845599170751 -15.366850021722229 13.2984124535148 -2.8618571884974955 42.022796646412644 96.38779490068475 -30.028213928823703 45.73089390574995 -5.240344659061975 96.95824483807274 -98.56285018119823 -32.99677294115875 93.54981952444146 20.37128150323258 -20.45262377486148 -61.018953586674726 42.70824025573455 73.7356802608775 -59.36585035635051 -31.55972196556776 71.33463612577583 -71.13914758522822 22.21129999135833
17.510036586832683 -40.034776719717954 43.53255286832177 64.43733108130866 -35.26452555289276 -1.9372066158609016 -42.030677331239616 -31.885680634519446 14.630250644568932 -85.46766034413335 -75.54994426048236 -41.4505602220399 75.25446598185152 -23.879873443023428 -26.823377838466683 -98.61623986371082 -23.291418120427124 -44.50845054905486 95.76851193930585 85.4757848661904 -25.084713858879866 -95.00113494487734 15.343723403265457 81.47884778829552 -54.05624443873172 -45.24526908523529 12.383980707060218 44.403397607831124 -20.46982937238006 26.12743852374095 52.671380618987 74.81339293437682 72.65410019991793 -46.85170587920781 32.61731583642694 -17.214957248036782 -7.93240649456817 -93.31573145284233 -24.37073709002027 -49.53852722247403 99.02121290812426 -9.534514511147506 37.42022292585793 -17.201484646378915 9.235063320370429 -9.516086170087632 -24.046863121749666 -87.44270939303091 75.93274709721487 62.88380487381011
15.248908839855673 -47.17326128496406 -74.15579276164148 88.28756537595225 -47.85800397803472 -94.07838445886271 -54.70706402078991 -14.617525963762361 14.090811292053743 45.70588144632194 35.16874566586898 74.94015521888915 92.0795960811515 -61.644225173219326 -50.47519036565325 -67.49607798617174 -76.92992952720014 -75.97861491688343 -34.09330241444604 -77.29996617343282 28.80761865894965 74.8562213514287 -68.75147269766096 -81.0563785241701 92.42244760314452 54.93942562478361 -21.958461162646444 46.533974974590706 -88.5184605366858 52.6518332278373 -19.026098185531183 -11.25421905244535 40.36669285158618 22.54061888554955 69.21798248883692 -50.222213294767236 -4.095447219166374 49.67815756785632 -29.881615518686885 6.695435768601897 7.579567699251584 -66.3562383357729 -0.1142204342512656 64.8340952029578 25.55215394054042 -51.574766448564844 -9.235680185979163 -13.135396467931045 62.26957801960717 80.61445069156062
69.51736054528325 33.00278869408956 -97.71255402788582 -45.999674277067925 11.948915059140859 69.98520319516018 34.45740434032979 33.72212674955705 -47.17620167441001 -20.212912608102314 63.189690903061035 -38.20214434475984 72.84227158829424 -89.19289440872157 95.63545842720282 -63.63027107434023 37.292720868337966 -92.4655149636328 -70.96465058102206 -93.88176169314984 -1.2237665864951879 71.02901465551693 -42.20744974576232 -28.642444935099405 -93.89014805698214 76.46680028156311 81.3835982828007 60.604731882282294 -60.55322837052681 12.519252135357917 0.12767451671497554 -21.852982756963925 -17.10777103560754 -67.2393014709396 61.15431391980118 23.032739876794437 -89.79591410054152 78.37122355646315 93.60231174566306 83.01309552125556 3.8849454072897913 -55.721350769983815 -0.8393581784139457 -84.5508407059433 -53.49479586617025 95.26845390568062 -7.939295785234776 56.24043770679236 -97.28709903864063 94.30093041484542
36.15790903122678 -28.11009145095005 5.560938704976365 -18.514866890581104 22.451599573263664 74.33279260440392 45.77679331273191 -92.52886194094197 88.5029622182775 -27.587145033319842 -75.19543305863664 -95.77697382042709 77.54217492032996 -6.046589749166458 -66.0728746910314 75.97439174856399 -36.03946869471435 -67.43515530374202 -83.88765897624026 -55.533084589209295 37.07561783779812 88.3499981168599 -86.43765970566402 42.011732246755685 93.06655381372343 12.357209896825651 -27.74604601654383 -36.74771936235164 74.6714443124666 -41.15626023617833 -88.53820923208156 -17.93969104504798 52.164213057515184 -56.480921770060164 -37.20380377062615 -54.517766616882945 85.75007147920533 94.3971722421025 -34.302382483885225 -92.3287820038346 63.15017576876539 87.80080809823897 39.3975845252092 71.92173111261982 -50.579886885408534 57.66647576812619 37.30847779578764 72.11876106216053 -53.98922067000183 98.73374080848694
-53.69396821313857 75.73607393084913 -15.535950237277348 -33.83568501502407 20.521019210691577 81.60548361544818 50.44377595833879 62.1267768622408 -21.47986001693731 -10.4453416461634 55.74798391357632 82.43904144587472 -58.7110333653261 -5.077356822916897 -59.538322329806824 -42.83209304924176 -34.27670178387497 90.16776703119083 -45.17942867787712 10.217879781111264 -85.2946174821571 84.80262475858896 -9.976532443169745 -79.62992391010053 2.620025955101184 -98.57045841198236 6.612029117755824 -26.73554385066268 10.162440115400372 -59.13105302418589 42.63444677670546 91.85326193851924 -8.018879068426159 -78.05182631830459 89.74574406066961 -25.43795448419506 45.62077322661389 77.12766271801851 34.65444519441715 -8.464994269859872 -27.185584864869156 71.0285181353741 43.31802440975031 26.609291457791585 -75.01386118821736 9.192120650290377 -92.44655619049085 8.48222426459266 -26.38133476600646 -26.11904526626951
0.19995090127902415 92.37711651597488 -69.9433605111173 -85.39870118068171 45.727300979035846 -75.51972742370488 87.03208377849606 37.076819067318155 -43.37643431998386 35.057111171362266 -83.17335172430396 -98.2695886816493 84.01996048831813 -34.66242312035921 23.396419992727857 58.140478109003254 -72.40463793013423 -64.0515472511032 -52.309660826725704 -97.77002543381921 -77.87258373170252 60.82007344028838 -95.1266338702079 -25.687871363864943 99.41574053048711 63.51172965890373 16.53810485878043 -17.643241770274585 70.18110006384893 18.28494796975626 13.977845347516734 -9.975252330471733 -94.43610314723779 -22.243469131524478 -91.21655537028587 -89.44859575981128 -78.20887062206872 78.26856660193218 62.42276106143294 -25.160981358442754 25.475201280875083 -12.643711471556742 -60.050028829600976 8.655955534772147 -4.419685166055885 39.462057619835065 36.359256839113016 81.52675362597483 -0.3792973670633444 -65.87482835585033
0.44991167244606345 -73.65299953351814 28.26574809638913 -5.80765099041534 -0.8587870919136265 -58.36840810061676 32.540268730866984 80.22069333339493 -44.64954640422183 71.4821625021994 4.824564636566151 26.403153148169807 -90.04000278140572 25.095617745634712 49.0926812652377 -39.469287744373545 -63.38152381722395 68.09487166396389 -32.667217516305186 81.32817127896689 74.12513892532212 -83.33116283480699 -9.640567493326387 -31.1786712051384 -18.54998303968887 -19.305424444266862 96.22630552444576 81.87739847788498 90.0840418452373 39.21418854481948 -47.79540400297944 95.691642929827 51.84306435180835 -50.19425339436536 -89.4055820837825 59.32706290757801 42.8163148644455 -90.60811854425069 26.72718444524574 12.894721432712615 26.248324001107264 7.975776782545978 -67.34032647098284 -57.93999138056331 -25.536120326593405 36.11861381869846 -32.69019185816629 12.63577757758054 82.74341398339789 -73.7284523999089
-44.56903140559807 87.89783479964763 64.95209645506424 -14.900375526394669 -65.14427890217178 93.68892358841393 -89.68977316477273 -64.35058313481177 54.790763323098474 -89.15351811558045 37.3105732064887 30.682580233488068 62.78249542018435 -98.92548070207275 56.80320739803369 -38.283504127556455 76.81188634020856 -73.80188572439594 -0.25524464300097804 85.37997747305351 58.4929523494408 76.60537657759545 47.628337553322666 -92.58713929418943 -39.09348248833817 44.35004025913727 67.73795257416583 42.077043325922915 44.63650527127024 30.610061048494032 -39.87364021343582 -15.391700181642037 -82.25747467467342 12.011355024311584 -98.09340743608675 -16.948792462239098 -33.247870259266875 59.01178594283695 15.50398043041929 -20.853277847326737 35.46180004463412 -97.6681850233278 27.444908951792897 81.57754352361371 34.2314001206488 53.46794265549778 86.33733706224669 -6.116704885335906 39.03698266153816 -25.751481594930283
25.387023444625683 8.634870888210244 10.358149736832061 1.373793539564545 23.501977114360912 -83.88806163260526 81.49546133364706 25.946480103301255 51.71721012627063 47.9395222187253 15.304616716662878 -87.88717979873108 -47.553100964134586 92.85330603333156 -63.17865841185528 -72.02259625857299 29.784015620742593 40.151814472241426 -45.4284905432655 -68.48748597523864 -70.50746577435339 -45.98511455797971 -72.39705487962588 72.6822767240495 -71.14707154217626 -12.787901013535887 23.06198112137976 6.592057877902533 -99.13360839234555 68.83627632334725 40.37230304850243 56.36212596356876 39.462460458700434 25.441591350427032 -39.183159404149556 40.311521787116334 76.98004016738295 71.71075661876839 54.12513120080246 -24.73632525165543 -49.087795764225994 3.6498835842937893 -54.58880036745817 -88.68436839596802 -4.907556399809707 -91.53570648806485 -74.14519801892766 -17.652376657725583 -55.49725130839845 61.66525863211311
4.893487496635345 72.98475502745939 -24.745608401465603 -50.45709412176396 -72.49132206224971 -19.810845205101486 5.99191967061725 -11.322126984273396 39.86253138404581 -0.7424841533903077 96.21283255289029 -94.07216311836979 -45.031382740301055 90.05353500755444 22.526847378975788 95.3241765215499 70.98039360115371 59.81766271307009 -28.89163117706606 75.14043190219107 79.64820599163158 90.84701561691634 10.474634124786235 16.815372552402323 -81.87854090765919 -51.73764927609097 -51.503128706553824 -59.68716964039653 -26.622845006536906 -0.4744639652804352 74.1188937220762 43.01661874959677 21.0152723477121 -67.49359567575667 26.935560812599064 -40.35566075168724 62.00719419140347 90.6910124825904 -16.75638932850667 -86.31514649819594 3.8411447271790706 11.970078658871074 -31.50250437327324 -5.023109499691174 55.109943097888134 14.418233143152676 52.41874352098043 56.0664982869055 -93.3685583830584 9.035732589759178
4.051959793077927 31.458227638311484 71.84168206697268 86.23913111639371 80.79324576322188 -89.00299887675173 77.44605805924968 -91.7686385211373 -23.49649189572615 -73.15178383377996 -15.309328440465237 29.31961348522279 33.45883682890545 -27.03743350739461 -13.629636678478121 6.6685670689046646 73.44987611250218 -89.63101319394767 -10.454922473703746 35.16275987004832 23.951141502902786 44.21900638132877 4.551275456585714 50.7211114539642 -55.666321293071434 -38.0004521909185 49.75950602738831 1.690094416595315 35.210597133329856 -50.97884660960514 -41.35967658633286 -26.20824403226534 94.12841356372667 11.783040150341748 67.69933468050459 -90.55621651318715 -38.21174234859368 -4.637341673162936 96.52413588545875 -20.86493422377518 -53.98828799304658 -43.561816316978465 67.56441016056993 43.37377552460984 1.4888755424203595 -2.413746632582601 65.13636999846949 -58.77668908839133 42.93009047099531 77.24868615119073
10.55716963986248 77.18373490075138 72.16332104154063 -76.61240852387189 64.06064553325618 -35.101986129346045 81.91402468951793 -48.55960621013347 -67.08535447417485 24.269351816736688 74.84664643231494 16.217573388144558 33.81871579196968 42.988330710858605 -4.084989148902167 47.342682609739626 -56.047278770271625 -11.531203686260014 50.117580798652654 -39.973142793102845 15.170477842454446 81.88825616723327 -39.99089892034935 -43.1864402450524 -33.93294144879708 -23.081693810361116 63.6974619450076 46.815748846744896 41.34714189109809 -30.498007794255912 82.53044892492645 -12.60188396929216 -24.22206927985387 62.44560442031556 1.4571733692588822 96.03091285797709 53.81764331889863 -38.99779331241036 71.23606974889069 -63.545308184538094 93.48202453702271 -58.249127505454766 24.419562392275537 60.64353171459945 -18.728385318377065 -65.15451613129966 51.69271736779683 -55.36887208815406 34.13069242124021 36.44537452550395
35.76841317395113 -43.60892270423642 61.72327173707538 82.68754169933274 -7.507692659246288 -2.7358733293330886 59.170136311222365 92.17407269817355 37.8058627801814 41.828112221305474 -92.50217654450492 91.39043545260031 -28.94834374075286 88.8549747285162 -78.75181350801854 -31.330182706653844 70.23195362965234 13.234677060510876 93.17417018808135 -79.14054166299798 -5.151161179973144 -32.938267693025324 40.413287920090255 -84.19245982885084 76.05470969799487 43.3861430550956 67.75833247756066 43.776692309137644 0.6170358351845948 70.70988885556909 18.19774523119642 -51.022821987783054 -37.566675939119 73.89235131274356 42.65123506535784 83.68902921450555 -97.30238362443326 42.43436608349512 32.76251092880449 -44.961084562189704 -85.17586640216737 49.988450189742025 72.69177527390093 -18.516498534902496 -93.01441590150064 53.58544936819516 49.63850443016375 -82.62405582161693 57.2996263719871 -15.707192894978661
-1.00643912504772 40.97055191965066 -39.944579928278756 33.908578859870914 -83.2874689321831 -70.71099335841724 85.62667096135885 64.34008088979166 20.363262495713656 84.69602646963182 -76.7437726334767 -85.49150809608281 -28.482892561490814 -51.845690726176755 84.06156299774406 -19.28350056388109 81.90796069361494 54.40685642019716 -68.06194586240454 17.707005386637363 99.58844680227975 17.535045827010862 46.933807798594984 3.0876759822536286 51.62305322006782 -42.577251228570475 61.423346069917784 70.36466853749747 -77.70278751721716 6.298922417226521 84.54287564077353 30.749365295194195 8.540319708579489 -70.22362644593636 -48.693927087628985 -14.019367287780995 82.08721268401217 -76.01813342985675 26.771252015533648 -39.64623622729875 80.69053918600571 46.84381337065227 -50.26587633081148 -35.18887439072837 -50.82232615996678 20.852054832386386 0.9880435243730119 63.18810165790666 -60.124590226529826 47.25240448144339
-84.70391021050605 12.888990990229246 -99.63637621821076 63.26265219788783 -46.673949401464384 -86.68071021490499 64.23762507839103 -37.61554807668195 -56.13469171930128 80.99401641359177 3.672612647633727 -93.71251207910166 13.19964127047956 36.97280732622258 -4.409540207236589 -22.647416026879498 -26.760884099806475 -87.96802520264995 -87.84402692038572 -3.097785292523028 28.785811198855782 60.13777759677768 29.993424370615685 -30.658883574188152 -92.16170731367257 -73.53335885484944 -0.5247254625336666 12.640057208248763 2.1441587715547143 -58.41232444679751 -27.861906971568345 -69.3141147846632 -52.78602286951184 13.31324860746868 -13.537925423851263 -52.000924664598536 -90.30520736900824 49.29701245930946 84.28593290037821 65.99070356785316 96.1221599957494 36.48431152941339 57.85780180456382 -63.41747760507168 95.14278320741948 70.74149471467351 79.06161440689837 21.615674774286006 -57.273104755926774 49.666372677875785
-41.63561225564396 34.98252516484928 45.19635778293153 8.297768205554277 -5.342315872757979 -44.75568313822933 -54.58880536785655 -13.569427005941662 -22.831361437540878 6.713950036253436 63.0626930233816 -60.97046201008807 56.65908920935544 6.537339379405992 95.70569849566814 -65.05039651295931 -50.42427672476934 -92.97899221016104 6.657254795324533 77.96175742940389 -93.07265186283588 -50.60560725720935 12.726949038451181 26.964356225846714 37.36362062444857 30.641939208038792 83.43823683181967 -83.34408549703605 75.90202903694214 -86.92069613107208 -17.238138924953645 73.1394785071243 87.9430796556334 -89.26530503586523 -30.03670900775856 27.87122322761239 -85.68241215605991 92.87708958709234 84.91100604042566 -16.750607514296007 57.62406561049639 18.871702843211906 -58.905610960547094 63.52454668138412 -59.04611733712526 42.58761511747872 16.89420507957564 9.668838317543063 -91.52204136143985 -7.531659146573588
