87.63796014098352 58.03846935479925 64.33696309725045 -9.591972759165628 23.596943693522206 -10.003577597876316 -62.22088477020791 54.078776416869914 44.812310519075965 19.91680414990509 -52.241513199110216 -0.5743755318590189 71.88300349717639 23.863080128414964 24.39942031348646 -24.78360652716718 -97.7984575438554 62.4694855590555 20.053806664819646 -96.7677497721178 8.408100403189593 -51.43504900276825 26.124828546646214 95.73493304531183 89.44791895647046 26.961798376504902 -62.14235495728126 45.943372268694645 -53.7418317519031 43.575496760657984 -77.06868165789089 -65.90375295911359 -53.17680634243735 -49.237932103355675 91.49707294730388 7.7388258729250765 -23.48176865249509 10.975132334539069 80.58000738649159 99.92545213447369 98.84627507228117 -39.26488757420374 55.52829743946731 93.59734802135193 70.86075344505505 35.7366864007748 -48.93497752217597 72.63332399616985 -11.27881711203807 16.603281672351613
35.805883101577365 -83.8459355304952 12.195438500961856 72.81768446188121 -31.748091222235587 54.111558373227155 7.927264558938731 10.033153627633354 -32.572291935552 -43.082753821616684 94.65488811064574 47.501047566981214 -6.573872539962906 49.43028227279933 98.96006090324144 -62.152524029566905 4.5623976013104794 67.94581032336606 43.831883866198524 -87.06742399513516 37.91464262019497 -96.80177136990271 66.8973199158379 83.39474198724136 73.454996277493 47.058212456537774 86.41220610485044 -35.779222876358574 -47.68466913614897 2.612901036956572 88.0249190408029 -30.280896766462746 50.36964561103457 2.900934300142339 57.439390029667635 -43.61907846894142 41.09048604159088 44.88021556994153 70.01973487374468 29.839060960837628 -70.31576151359549 2.678206002707057 -5.492707344289698 -77.38687522142854 -91.18151989624828 -73.39030640376218 -21.483369422310147 59.288505493080834 14.83351054575752 -13.96731165790402
29.731173333010076 -93.29961869831982 -31.27819447027467 -92.66584794747503 67.60919199103145 95.45976397567264 15.229730767605744 45.5988149943162 -52.05022482968084 -81.06027674545075 56.83452596014689 -38.04921472988936 -12.024010317820682 21.677876954101905 -84.2971359265803 -71.24644270769582 -66.86098382244998 73.58471033285869 -82.30692801370725 -65.46869819245278 -75.1258156409973 -46.11602024945931 73.97998642626291 -17.599462614984105 -75.05230958306169 29.707051867234384 -61.99739116536638 -51.27349646322028 -88.2887411821742 -46.73792803055514 78.05248636333837 -29.42231029124403 -96.00146602076238 -94.45678790984996 -4.928398092674982 -4.882568637926198 -99.68015662977956 -18.206843681573233 15.132096820930656 48.40092886793633 -67.3296979637346 -94.55931899631061 26.55034769343277 55.646683505306754 -24.069812681423073 3.648881704252503 2.4756992567908753 34.841342923898 -17.68115871624296 -77.76369929289548
81.66835871705504 22.414127742977 -61.96287100419959 36.948463796320766 78.75081905996103 65.09447034791145 -78.24172455014136 92.30084973360707 56.45754232668085 -27.26567543425169 32.480184449429515 37.9305671899007 29.4676846883429 81.90057211546002 -39.39569707812145 -22.112096254895278 58.40803732961774 30.229211374212838 -18.169236715914863 7.056249014582733 -1.2558246518951108 -95.0976297814432 -50.40224506011528 79.95382352390271 -84.72600038826197 -79.85895521156235 -1.348646330772766 -66.90783526296444 98.76901107352055 -78.17655049998693 -74.04178786800695 10.398801246195305 16.155577700418107 73.74674874628593 -48.829139732964634 -55.36279473979773 31.771756786289416 -61.57725450264475 -67.92850331581872 27.17134781981663 20.271386263874575 58.03902980429035 -32.63934475648611 -87.20269803251699 -40.33134097228037 88.16077106233155 91.14065508142326 44.19363296160745 -93.42924059367077 84.03793254809088
-17.069585105862828 71.58964372132343 94.46752113943674 51.179077931440645 -75.41777014086 68.83610053384223 48.38805399395844 54.25851938872739 49.36866833811072 -17.475872526437612 -88.74095682979892 -61.53169741290559 44.53915676457271 29.796746013859604 -16.040131757371086 -69.36241284115675 73.19700505606758 -78.78765884627983 -96.28810278846483 29.31797103173065 66.07451265496144 -57.80713789100125 -99.19754601920991 -70.28103811024701 -5.432937915824837 -90.71358856163931 56.99716166265577 -39.44477262202337 6.9151733207206405 -49.7705364971861 43.18446392516557 -5.9088347826532015 91.04730445328346 -32.128622097138646 48.636423047380646 -79.34235529653711 95.89446567811947 -76.89336896846243 4.540945053620746 -36.08990985474638 15.650333858144336 19.56396070959363 95.1794045319707 0.40792300814540283 -78.16764127345246 18.389313757963095 -42.547417400075524 -30.837443060709703 9.386274659236008 -82.62218082150127
-62.32158126337073 67.03029338720455 3.631088520070108 69.439641079518 -57.84663592236448 82.1828839496824 -77.74683971458009 -79.41324949508905 30.365721321967612 11.729311556033423 -45.7104195046464 -92.21741897211201 -64.96325316837037 16.660355304310542 36.62272783727357 9.559203117489744 22.82124591594166 90.48718605694609 -43.14720767842364 -85.60319466470159 48.91765382895332 -85.54732133835807 56.09210211102658 -73.95624007770058 92.27486030999864 34.114326207699804 -50.941935475029275 -47.555159177108465 71.8222598422156 -38.4716516200039 -95.99593981003946 -95.72455226202202 -34.03979545360431 44.59482380740184 -42.68653453434652 -37.81479596663067 -49.67080614876003 -38.0120676845453 -35.22026635078204 -30.399390932369812 -49.14872883541359 -53.173885564495784 -92.88705087147684 18.618467321579303 48.425623298502074 -47.78410639006656 -63.55780753256703 76.96982248600938 44.62055774961735 -82.71519172630117
76.67425669199733 1.4359509535399724 86.02009245111827 -17.261062909577845 19.741845711436554 -15.430014066661585 -78.80685385382371 -81.84147805136553 -30.955081712466253 90.00222263455561 -31.54884064145331 -89.04318050619327 78.29855599247807 51.96456069797884 -10.970607039082594 -55.853540969678605 -22.299455146097486 79.98516789626106 17.037577463382974 -8.024207774141985 62.67954876908908 63.183346475573245 -8.290426191896287 -19.59787587049445 32.271377164887554 45.25993208439539 -53.83917974030219 -0.2506987231221842 -96.05331693191768 -52.39082389889602 76.64092006936846 -52.479404854625834 96.04847277287683 -84.36919266802299 -62.09078841798086 79.14345608216274 10.792858967768609 67.48380150218665 -84.50855504420511 8.422889731630278 -86.52555023836166 92.01481640131004 37.677969147271654 30.14380279250352 -78.59829016928994 -59.93322039558016 -86.70286512486373 -8.00064091043511 10.802135856064695 98.82131587446224
-51.236657859844925 -95.7888658470834 -48.822793579107106 -6.162911797547082 -60.36613367023425 30.102044897662893 70.63638593901837 -84.66302032018945 47.361043501735566 72.84574204400502 4.860780917030368 60.470703809078 23.39197205522055 -11.859823765000371 -76.61149578685573 97.47283094664792 69.37285630802279 -84.18711431744146 51.63824088011805 33.93026345604102 33.76227513150022 28.68588354676683 48.649115408073754 -75.51520221424282 83.63887151674697 -53.04586002876896 99.26360882842923 -87.64719653131657 11.996195247541678 -40.698309597967985 83.14671975029731 -74.75280412410277 20.6715508402618 -81.84532422599402 -34.8780666821046 61.03477674913549 24.59902457582173 73.88072703658102 62.525141084575864 -2.577865361556107 64.72649829374467 -50.63014109518866 53.30295432598646 21.10711403831192 -35.226076568226745 9.930534047391276 75.37802077246073 69.39792448691188 -46.56138456552264 62.918531088244606
-80.81819179131298 46.88168006826402 55.920051206690374 -66.02963198715577 -11.465731448640398 74.16946963805307 3.5486004058763427 -14.344118956358656 63.27923662852413 -27.324369572726653 89.86381335187858 27.819326472294975 9.48959552240727 -1.9405019921660625 -68.24451254846443 -88.37459503044387 -57.1226258598343 -19.84177824751842 -77.27052396727086 -87.80261221734492 46.10813231085075 21.46854625246175 -44.39665537877997 -91.55356226829115 36.55406915486125 93.9190372442929 -68.265361867872 38.2285829722303 75.69031529713709 59.01619736522542 44.90201522143994 20.200189431748925 -11.239471773474861 -28.46122020130133 4.007313415959075 97.8747945723816 60.29960874511079 -0.044670337130597204 -99.79538451862786 -84.62015627282796 -69.9160215688201 -85.05500682486536 -16.02114140583832 7.16321217349369 33.85063792481637 -17.901775328564412 71.13529744749687 48.65395317345963 61.00300048203803 75.08960616549513
59.09661054817175 55.68386087133621 -75.10360603374323 -65.16019406186517 55.750309255292905 -73.40637609596754 74.36796693071258 16.401145873021747 -29.52034710286955 94.77916238461191 -13.940847185196375 -43.197644877246155 69.45119681976294 23.623702804628422 -9.815897562053834 76.59623581421545 40.447573892813125 22.09374187123045 86.28057264093118 -0.8639654043085159 44.48355848177482 -91.11423004872759 16.545032123475977 89.19126542745363 -71.27217436938824 68.46463689595646 -48.10637335990799 47.80811320935911 59.75471115553637 -77.73046865378417 -69.76972407160164 87.33973467545059 58.79585820146599 -39.384634841299906 5.99343731326239 47.24896284393725 87.09753496555803 6.1479205499436205 -91.72091128219779 -97.74503146475142 -99.6702883800435 17.962840020979456 -40.62815987292605 -55.66655341047455 -95.11341974329113 -96.07772300652123 -45.59482927412153 2.1976670904608255 44.640504217984386 84.70393600545961
63.33109775931425 -97.54894385523383 -20.775041658874315 -45.97607227861291 -97.78836865539822 0.6080037237875047 -40.165497973556974 87.72066472322578 13.893391762701015 27.536466445805473 -71.81946062631903 -47.82434030405869 -70.6433234396399 11.79675829711995 12.999554663905613 -36.972421744444084 88.90135968141044 -49.380597549049114 27.14617753402102 -11.073450916589351 2.790679943581665 82.0105582494397 2.4833429897477686 60.499045633821765 53.591847620935766 -8.230406930045447 -41.54384150914188 5.3651212518141875 -24.534445170476957 30.28619887714467 -49.380015569852056 92.63601185503984 70.14289357316571 75.56908314199899 19.924665896088882 82.66478958568737 75.83147853024192 76.73556274581955 72.08756780543689 27.57130683277937 -89.97363548725963 0.6440032073538049 -11.008242281353802 26.50866525771785 43.56308830897467 -63.58251859417399 75.2298827713391 25.42691262515963 -98.94487293033647 -19.528111970014876
-52.3424966959898 -52.45550225206432 -57.802048208183045 -3.238128075044287 -60.44712000817532 57.02177129201604 -66.58420941441467 -53.685866691210805 41.887560168988955 31.275724206592116 -84.56727632908314 23.37423872618949 -46.482095058060644 -98.97999656746359 55.03362787744916 -56.63801673737861 75.86764120664608 -95.98901038932502 54.527173587500755 59.812132674479216 39.82649628408515 -65.64075724932796 -4.845788827648761 5.816828751667671 -86.3171247329878 91.27122684174938 51.394253763527104 65.78987501602461 80.35160615536364 97.28324898291402 37.26600314605369 8.43147918256517 -74.23318035332221 -59.480320263038735 -95.46264393087014 -94.43591003952723 0.9042718455943799 99.3637306566709 -32.12026263745625 81.60597922630137 86.7126300812048 -59.62706025679274 61.912688498758286 46.17539726324591 53.88853659422341 63.07226629200164 61.65736967577382 -66.93446633562887 -97.08060872478268 -29.191918330233847
-62.441757541702955 -84.67170779167903 -69.31018517737841 58.07560020964425 -35.04517804039611 -84.22679054960822 -92.23500942130333 80.86482372362346 95.89496984317171 -86.0458012405556 48.82513507872633 -57.72468664732677 -45.421523663964855 33.49923463937756 33.11635937524599 86.97736748202283 -32.33012057055271 -93.84949440471522 -49.32433009712778 35.56644237508678 61.738756225849556 5.597648899865362 30.189498039057327 -8.295034904814472 92.87732861450277 -74.95535971215435 -18.417433127278898 57.835703022265704 -23.81193258596788 30.022160059655647 16.516723427392748 -70.57283615020665 49.0235320468575 34.19768840174831 12.090096351975063 -9.786739721318966 -64.73457645931549 -35.92178211976697 -26.707436295096315 -17.237156900627298 -7.717220163463168 36.16185816512396 32.640893758018905 43.30438229907915 -84.23058335079459 -98.87692168359146 81.4830976036759 65.73089734811367 -47.305764443243035 -61.91621832576264
7.8999887623273395 -95.5633203428983 -52.01886491019438 37.28240216619167 73.64824826081392 4.163827944357749 29.972182852594898 -11.760248748025589 87.60607087378091 -18.307430677186204 -10.624502587289356 -14.422720502651387 -64.57885458980303 97.92959687745181 3.158092766180971 -8.262909219199216 60.656382764603535 -67.91655173260571 -18.260560200758718 -7.023610528168291 -44.933216687287846 -74.85350945669427 70.59171209110497 99.10871691424725 -41.67141109741741 98.78384481852302 83.21271959128055 59.5845240005778 27.548149189182354 -8.651321731243698 17.28987789705856 18.154108764866606 60.80143516375577 -64.32974171893311 99.47904281499467 54.64423511191515 -13.331227284463381 46.7335351631902 -71.23253868643104 -11.451214897721712 11.688564815818708 -4.774670773355496 -14.08663197579368 -60.68873921256159 59.96115090799711 -68.01105626619784 -10.313387283169789 -20.970838357796723 74.070978992812 78.17479254652787
42.52328362228056 40.56938133931075 -32.98565194358274 24.4594945660547 27.149840917676556 -60.323823174920086 -92.37783644654864 70.50803652692181 65.21765334570716 -60.79870827463021 -80.2699892055334 32.87622746759209 5.736990175142125 -95.16056554475387 -18.03647917954163 33.98926064043965 73.62732606679265 11.801473163375277 24.37389080766718 -39.32511429266947 67.00435131301961 62.489719628751686 -60.365165741989514 -81.47689393828104 -13.432321036076388 -59.60052354671856 32.13919231348811 -67.94301873141964 -77.50731483557824 55.00969289923265 -53.890570181734134 -97.94183775657059 33.05957731910837 -53.158704575430036 53.83323483217441 -47.17297940477556 -20.528216078850534 -50.848878925501204 -43.76053113712046 95.7009497153812 -62.47121697135371 18.303945367780372 61.06651365405256 70.1891299193162 -15.346977843324524 -29.38915172020171 48.52153022482835 -60.457171366255324 -98.28456466491866 14.904204316834523
63.864063955429 90.1077475300259 28.385232267763712 81.74224581756857 -99.91042444076533 -54.75357264753262 -93.83151097973001 56.97193629130447 36.58808353560849 26.323225717864915 39.8613191098807 -21.689451133734394 -93.4007253031774 -65.47280036909721 -26.25228121127543 -70.29481897464001 32.798190370784965 79.64908035382302 38.27641066183497 -7.878692494833132 -25.765062321380185 11.157279068931672 85.53307680419135 -34.109860294423 70.85055612300383 -52.067871764069665 53.99759909684093 88.89106586236281 35.83392782387776 -67.69850317241361 46.70900405891311 59.13483104441562 65.56566989287117 -55.494079061871005 88.68749473473173 73.13488698380667 -87.0662808830125 77.93705320892826 -35.115392422960696 -43.485402523002904 68.13622077313306 34.93482326022871 53.14703244519876 -6.705749073295735 -30.606472360401966 6.6655518568587695 83.28295422042348 -31.041521529600246 -38.711689008094254 -80.86253156819222
30.11998022384998 -95.65373542470161 -0.48476669114896254 -17.368258358883452 19.451386169788364 17.237541485218657 47.47162199368168 -67.5895094305148 -11.508133463135593 -86.7738677085883 20.17305328916514 -11.851293332049195 39.09416780646467 -55.50829398505863 -78.76835458488162 56.15861641833152 -36.493540797212255 -55.30012903031696 38.45644358115982 -22.504938281214933 84.31722996554927 26.125270043869747 -32.60797787674254 -30.982484009187843 -64.66451943040428 0.12068156524324536 20.63703235079622 56.55658450661204 33.41419831414473 -86.04545846149955 -3.8403302574329956 2.2989622552491085 -60.036798407906076 89.48630460314388 97.36411394356469 -91.7858703522259 -67.03804472585541 -67.93957825969912 -88.67404792630673 56.369737668970515 -88.95324774353466 -34.022758696551335 -11.08199041889246 52.23231414103958 73.79799504520321 52.24131490658098 56.82136306524498 73.82264958076357 -85.30901136270386 -98.71328646589662
-21.266161195369975 -14.94496892786752 86.29931587001929 66.93103867527208 -47.33044171259595 -92.83752026416178 62.93909649288878 -4.747412820645792 89.3975807109922 70.08488606140185 -56.88277503252468 -35.92549235677758 -67.54510724257676 -9.59743369228812 44.028110198265495 -84.38481633863864 -51.740865660711165 -88.33190623536468 -22.485856668910813 -90.41826864664249 -31.910692822679152 61.71448692797682 61.37388594072536 32.866473385008646 -0.3363680947168177 -88.24104024826818 -4.548811139538273 -73.38066046379967 -8.052170839606248 -33.91479666625786 79.80828516971994 -21.190175221742535 -19.675975311561217 -27.827274884935903 89.33752894365045 -36.26442319995344 12.543254971573006 80.03333911999871 -19.653628292716107 -87.73156250447849 -67.45582149782214 4.716928325273997 80.48442785701343 17.52289796355548 -32.47468492662652 83.5977641747819 -52.34354290928094 83.06145348602189 -18.368814783754488 77.51523208277084
27.247378289408573 -98.4514587058339 28.13591717730327 -17.664122078999682 -34.0029871732102 59.52640203414842 74.72420514591579 82.6065977490068 -90.90743921623738 -6.436985681404252 50.18469611926429 -76.95728108080336 -23.544200037379667 -66.18688173869596 46.50598679031742 24.2647670633595 -2.7097982696624854 -89.73166055702524 34.67969762301303 -5.137539178978841 20.950242665600726 51.87689901275314 63.41382136244928 74.42553846464745 86.38245351918064 53.951410775132814 69.50670802200739 -27.734590154833654 97.39911713863046 82.57099976703648 -58.430171339235116 -83.20027832736467 15.478869515687776 -51.9191338990308 -32.76240118450255 -29.539259700431316 73.9943945289017 17.394424385644953 -82.91190669275166 39.56331986817099 -20.965094958831315 -56.846862178264026 17.333094494729906 76.11350558262833 76.11607382728818 32.46625993341084 -96.82640377740302 39.63173564188236 64.31212103379391 76.99283322604765
42.61459856526764 -4.966342231013883 89.16118201087787 -87.50977373206574 19.10670821903851 39.775420212857455 -64.29179282530339 39.772379601471556 89.62313845342993 49.375970533227104 -69.02044014437259 -99.19135329921518 -50.875829857583746 -8.913983864919132 -88.8144007739162 97.62467138569426 -72.28773073143498 23.918625991907234 -66.36381544277012 97.09418631307906 -13.243473480096355 19.19589233922747 16.64508314991477 -42.769542955098316 2.824888975944731 53.002998102852786 -8.650157922631706 -75.99604480056752 13.87454850991125 -42.06320376642658 -86.84895756105809 10.11620663821897 75.25253027959903 63.79629721775058 -94.66487843653155 57.880806432791985 -66.81110496929396 11.031049079717988 -46.643090780549976 -62.25926236623145 -55.80080008780273 -57.458378774913264 4.053911224004068 -53.77003987162705 -25.332672507442155 -59.82574006652028 -44.03829864129176 -14.667550715561333 -37.168072013045176 -86.07968016337057
