Iteration, BestFitness
0, 2.25257e+17
1, 1.516e+17
2, 1.34895e+17
3, 5.31653e+16
4, 3.74394e+16
5, 3.74394e+16
6, 9.25514e+15
7, 9.25514e+15
8, 9.25514e+15
9, 9.25514e+15
10, 5.71613e+15
11, 1.54343e+15
12, 3.74614e+14
13, 3.64942e+14
14, 3.64942e+14
15, 3.64942e+14
16, 3.64942e+14
17, 3.64942e+14
18, 3.64942e+14
19, 3.64942e+14
20, 3.64942e+14
21, 3.64942e+14
22, 3.64942e+14
23, 3.64942e+14
24, 3.43203e+14
25, 3.40184e+14
26, 3.40184e+14
27, 3.40184e+14
28, 3.40184e+14
29, 3.40184e+14
30, 8.62716e+13
31, 8.62716e+13
32, 8.62716e+13
33, 8.62716e+13
34, 6.69519e+13
35, 6.69519e+13
36, 6.69519e+13
37, 6.69519e+13
38, 6.69519e+13
39, 6.69519e+13
40, 6.69519e+13
41, 6.69519e+13
42, 6.69519e+13
43, 6.69519e+13
44, 6.69519e+13
45, 6.69519e+13
46, 6.69519e+13
47, 6.69519e+13
48, 6.69519e+13
49, 3.65573e+13
50, 3.65573e+13
51, 3.65573e+13
52, 3.65573e+13
53, 3.65573e+13
54, 3.65573e+13
55, 3.65573e+13
56, 3.65573e+13
57, 3.65573e+13
58, 3.65573e+13
59, 3.28593e+13
60, 3.28593e+13
61, 2.74352e+13
62, 2.26167e+13
63, 2.26167e+13
64, 2.26167e+13
65, 2.26167e+13
66, 2.26167e+13
67, 4.76339e+12
68, 4.74579e+12
69, 4.69858e+12
70, 4.69858e+12
71, 4.69858e+12
72, 4.69858e+12
73, 4.69858e+12
74, 4.69858e+12
75, 4.69858e+12
76, 4.69858e+12
77, 4.69858e+12
78, 4.69858e+12
79, 4.69858e+12
80, 4.69858e+12
81, 3.95425e+12
82, 3.7551e+12
83, 3.04024e+12
84, 2.91859e+12
85, 2.91859e+12
86, 2.91859e+12
87, 2.91859e+12
88, 2.91859e+12
89, 2.91859e+12
90, 2.91859e+12
91, 2.91859e+12
92, 2.91859e+12
93, 2.90622e+12
94, 2.85195e+12
95, 2.70356e+12
96, 2.70356e+12
97, 2.31923e+12
98, 2.31923e+12
99, 2.31923e+12
100, 2.31923e+12
101, 2.31923e+12
102, 2.31923e+12
103, 2.31923e+12
104, 2.31923e+12
105, 2.22133e+12
106, 1.37987e+12
107, 1.30677e+12
108, 1.17377e+12
109, 1.16854e+12
110, 1.07344e+12
111, 1.07344e+12
112, 1.07344e+12
113, 1.07344e+12
114, 1.07344e+12
115, 1.07344e+12
116, 1.07344e+12
117, 1.07344e+12
118, 1.07344e+12
119, 1.07344e+12
120, 1.07344e+12
121, 1.07344e+12
122, 1.07344e+12
123, 1.07344e+12
124, 1.07344e+12
125, 1.07344e+12
126, 1.07344e+12
127, 1.07344e+12
128, 1.07344e+12
129, 1.07344e+12
130, 1.07344e+12
131, 1.07344e+12
132, 1.07344e+12
133, 1.07344e+12
134, 9.50275e+11
135, 9.50275e+11
136, 9.50275e+11
137, 9.50275e+11
138, 9.50275e+11
139, 9.27439e+11
140, 9.27439e+11
141, 9.27439e+11
142, 9.27439e+11
143, 9.27439e+11
144, 8.8855e+11
145, 6.9151e+11
146, 6.52458e+11
147, 6.52458e+11
148, 5.60625e+11
149, 5.60625e+11
150, 5.60625e+11
151, 5.60625e+11
152, 5.60625e+11
153, 5.54766e+11
154, 5.54766e+11
155, 5.54766e+11
156, 5.54766e+11
157, 5.54766e+11
158, 5.54766e+11
159, 5.54766e+11
160, 5.54766e+11
161, 5.54766e+11
162, 5.54766e+11
163, 5.54766e+11
164, 5.54766e+11
165, 5.54766e+11
166, 5.54766e+11
167, 4.5261e+11
168, 4.44496e+11
169, 3.75844e+11
170, 3.75844e+11
171, 3.68758e+11
172, 3.68758e+11
173, 3.25886e+11
174, 1.90075e+11
175, 1.90075e+11
176, 1.90075e+11
177, 1.90075e+11
178, 1.90075e+11
179, 1.90075e+11
180, 1.90075e+11
181, 1.90075e+11
182, 1.90075e+11
183, 1.90075e+11
184, 1.90075e+11
185, 1.90075e+11
186, 1.90075e+11
187, 1.90075e+11
188, 1.90075e+11
189, 1.90075e+11
190, 1.90075e+11
191, 1.90075e+11
192, 1.90075e+11
193, 1.90075e+11
194, 1.90075e+11
195, 1.90075e+11
196, 1.90075e+11
197, 1.90075e+11
198, 1.90075e+11
199, 1.90075e+11
200, 1.67387e+11
201, 1.67387e+11
202, 1.60283e+11
203, 1.37529e+11
204, 1.37529e+11
205, 1.37529e+11
206, 1.37529e+11
207, 1.37529e+11
208, 1.37529e+11
209, 1.37529e+11
210, 1.34424e+11
211, 1.34424e+11
212, 1.34424e+11
213, 1.34424e+11
214, 1.34424e+11
215, 1.34424e+11
216, 1.34424e+11
217, 1.34424e+11
218, 1.34424e+11
219, 1.34424e+11
220, 1.34424e+11
221, 1.34424e+11
222, 1.34424e+11
223, 1.34424e+11
224, 1.34424e+11
225, 1.34424e+11
226, 1.34424e+11
227, 1.34424e+11
228, 1.34424e+11
229, 1.34424e+11
230, 1.34424e+11
231, 1.00846e+11
232, 1.00846e+11
233, 1.00846e+11
234, 1.00846e+11
235, 1.00846e+11
236, 1.00846e+11
237, 8.43511e+10
238, 8.43511e+10
239, 6.38463e+10
240, 6.38463e+10
241, 6.38463e+10
242, 6.38463e+10
243, 6.38463e+10
244, 6.38463e+10
245, 6.38463e+10
246, 6.38463e+10
247, 6.38463e+10
248, 6.38463e+10
249, 6.38463e+10
250, 6.38463e+10
251, 6.38463e+10
252, 6.38463e+10
253, 6.38463e+10
254, 6.38463e+10
255, 6.38463e+10
256, 6.38463e+10
257, 6.38463e+10
258, 6.38463e+10
259, 6.38463e+10
260, 6.38463e+10
261, 6.38463e+10
262, 6.38463e+10
263, 6.38463e+10
264, 6.38463e+10
265, 6.38463e+10
266, 6.38463e+10
267, 6.38463e+10
268, 6.38463e+10
269, 5.23452e+10
270, 5.23452e+10
271, 5.23452e+10
272, 5.23452e+10
273, 3.91478e+10
274, 3.49873e+10
275, 3.46286e+10
276, 3.08938e+10
277, 3.08938e+10
278, 2.93822e+10
279, 2.79924e+10
280, 2.78178e+10
281, 2.73566e+10
282, 2.73566e+10
283, 2.73566e+10
284, 2.73566e+10
285, 2.73566e+10
286, 2.73566e+10
287, 2.51767e+10
288, 1.75414e+10
289, 1.75414e+10
290, 1.75414e+10
291, 1.75414e+10
292, 1.75414e+10
293, 1.75414e+10
294, 1.75414e+10
295, 1.75414e+10
296, 1.75414e+10
297, 1.75414e+10
298, 1.64374e+10
299, 1.64374e+10
300, 1.64374e+10
301, 1.64374e+10
302, 1.64374e+10
303, 1.61133e+10
304, 1.61133e+10
305, 1.61133e+10
306, 1.61133e+10
307, 1.61133e+10
308, 1.61133e+10
309, 1.61133e+10
310, 1.61133e+10
311, 1.61133e+10
312, 1.61133e+10
313, 1.61133e+10
314, 1.61133e+10
315, 1.61133e+10
316, 1.61133e+10
317, 1.61133e+10
318, 1.61133e+10
319, 1.61133e+10
320, 1.61133e+10
321, 1.61133e+10
322, 1.61133e+10
323, 1.61133e+10
324, 1.61133e+10
325, 1.61133e+10
326, 1.61133e+10
327, 1.61133e+10
328, 1.61133e+10
329, 1.61133e+10
330, 1.61133e+10
331, 1.61133e+10
