3639 2129 5589 4103 4530 7629 359 4666 3494 4897 2119 2866 1332 9243 2730 7493 5392 5470 6993 9157 9221 493 1512 5114 6398 9516 7954 4302 584 19 5227 1337 9778 9721 8549 739 7554 9131 6432 5133 3602 1140 978 815 1097 1977 78 9978 834 5315 6905 604 9352 2296 900 2055 469 9881 9647 5491 9964 8466 1355 8094 2436 6471 2479 1823 4074 3971 5663 2068 9077 875 7030 3392 10109 6160 2294 6023 6416 7412 1063 6948 3665 6464 3613 5222 6724 8471 4533 8016 6635 969 852 1547 2560 4316 9019 8886 7364 5338 8785 5656 3385 3328 2383 5808 1151 6772 6110 2217 6030 9405 2901 8289 3196 1590 8547 6141 5689 5508 8285 7027 443 2012 2787 4668 7309 6731 2448 2201 8272 3375 2504 1498 3955 137 9386 4351 4027 5187 776 6578 7447 8992 7018 2961 8822 8712 1555 7128 4460 5380 3028 6447 8837 8212 3524 6892 7708 6755 4692 7106 29 1559 2734 1597 8885 10090 1517 5648 2402 5499 1533 3311 8643 916 88 10040 7049 666 5146 4821 3230 7335 1081 4807 4862 487 3584 8801 8709 9645 729 3995 8374 8579 6628 2739
4006 1930 4330 6549 8039 4015 1651 4429 10016 7118 6306 6024 1294 9399 9281 1633 4912 5834 8779 85 2580 3746 5028 10179 5792 4567 9118 3243 503 1742 84 60 1149 2711 4554 7931 5356 3583 4758 7945 4052 10174 1451 2916 6155 2466 6738 1753 4761 980 4102 10106 867 6049 3488 224 3535 8273 10007 5955 8344 7450 8590 4556 9849 3766 1645 5439 1970 1059 9571 5925 8804 2114 9205 4619 3457 2929 4341 2960 1695 2495 2900 1946 9665 8969 946 2005 3112 1052 3990 9737 6221 6080 2812 8575 8079 6636 1158 2027 7515 6079 2945 671 9050 5155 3275 9994 6007 4399 4525 2140 6376 354 3479 3063 1784 2727 1320 1989 8223 507 9002 3343 5924 1260 4010 8908 4326 8967 52 7411 5384 8795 33 1349 7524 9876 421 3475 2014 3484 9064 908 6919 4753 4170 7834 7527 6618 8868 6209 10137 144 9884 8021 1319 9502 48 8172 3580 8439 305 6927 989 96 2491 3306 1412 3113 1284 5864 3083 8931 238 4345 3518 6574 9652 6319 6477 8974 5498 1156 7696 2365 3350 3973 1723 5275 2799 300 8168 1748 2740 5143 1438 6707 7621 7607
10093 10077 603 6893 7476 5600 5389 8064 1914 1774 8329 5379 479 6287 104 4320 3501 4377 4518 3735 9587 3687 4809 9887 10063 8483 228 8913 3068 55 8644 6688 4154 886 3493 94 4514 8907 7242 5253 4233 5631 6247 505 1425 1942 2 2391 3244 5837 7376 6281 9718 755 8154 6066 6005 3338 1191 4424 3855 1188 9287 1312 3267 2327 2731 1179 6780 4739 1683 3336 344 609 744 6807 200 3910 1627 8404 7679 8451 7514 668 1168 4371 8706 2093 685 3169 3788 5089 6337 382 1039 6690 1243 8877 3355 8532 809 9208 1091 534 7687 76 9124 10078 3341 1536 1830 7518 8333 4280 8910 2673 363 2389 1758 2870 9269 6390 7661 4814 1394 4695 888 4829 8089 5250 9211 4520 9071 7935 5116 5768 5979 830 1662 6402 4528 9839 2072 5512 2420 8278 248 4214 3283 9462 240 4691 25 7468 1997 9872 7374 6991 6598 6168 3428 7537 10176 5450 10089 6097 4420 9319 5709 5219 3923 5599 5237 1580 6625 1389 7771 1652 9385 3280 7956 700 9442 5604 3996 9704 2654 4856 3740 8545 3420 3682 5049 9817 5288 22 5184 6435 5540 7418
5081 8959 301 2275 7324 1255 5438 1321 9052 2743 3902 44 9373 2311 6994 2639 3051 6782 7963 7667 647 9706 3667 6381 6061 8663 492 5180 2274 216 9479 417 2588 6375 8440 4855 7835 4928 1929 7591 7805 1245 8622 4148 4660 6307 600 482 9285 9841 6796 4418 1018 5154 2701 121 5434 669 7709 1185 5696 5592 174 883 21 6325 2115 8862 632 2750 8479 6675 2628 7255 9534 1631 5902 6482 2121 420 8106 6658 6788 10018 4138 268 2037 2790 8870 313 2000 9693 1491 1437 1015 431 6290 3618 4891 654 4836 4372 7129 9059 4549 6850 6076 8063 2272 8388 2765 1873 4298 9346 2396 8052 881 3121 2631 1012 7467 6832 986 7194 8017 3927 2417 5319 6817 9218 1137 3736 1795 918 8718 6178 7510 4523 7382 2384 1430 3806 4537 2610 4500 7417 5249 2304 108 4676 8053 5440 7675 3858 2324 2608 5788 5004 738 2674 5177 3218 4579 8311 2117 9558 5097 3871 7997 7180 1614 7757 9958 3830 7158 5716 10094 6445 6251 6240 5100 6129 5436 5342 1568 3004 10036 2123 1461 235 3675 9684 6978 9072 6470 1042 6384 409 3288 635
6233 5386 5931 3495 3126 6739 696 9084 1404 435 6802 4786 9957 6984 5093 8519 7473 4328 405 2252 6982 1535 9673 1747 6624 7739 2811 3108 288 247 2795 3938 9873 5079 9041 6586 3293 9183 721 6162 884 2515 9278 998 5014 7002 1429 7569 816 9745 2871 3414 6564 6299 3373 6732 1380 7967 2645 6267 7114 9561 5457 531 3787 3868 3785 2758 4592 9981 9484 1181 8371 4004 2355 4749 1187 8200 3978 2556 1710 3369 2493 7705 398 629 9768 2848 2924 4909 2382 4838 6545 9825 3720 6642 4179 8319 1714 5907 2460 429 6589 9581 3372 4456 868 9031 3940 5377 4028 7980 3612 2181 955 10088 4639 4094 6507 6138 4834 2686 8685 2538 9789 2336 3519 4620 8307 1548 2359 779 4690 9828 3290 4479 6548 7541 6068 5013 15 6506 3507 7744 2435 7566 3708 4624 6967 10086 9970 2173 7052 3734 770 4703 1126 1114 2124 4990 6956 975 9562 3276 7968 9080 3979 7671 6604 2629 3157 1484 7979 6167 7746 2281 171 6627 9901 1148 173 8525 3870 6236 5968 4857 1779 2235 3344 9529 5551 3314 5636 6489 10141 6215 9733 9400 6872 2625
4027 5187 776 6578 7447 8992 7018 2961 8822 8712 1555 7128 4460 5380 3028 1430 3806 4537 2610 4500 7417 5249 2304 108 4676 8053 5440 7675 3858 2324 4156 4541 6139 6115 24 2579 690 4270 7871 1060 8124 1477 921 2332 4134 9531 9343 3701 9997 9770 3490 2057 8607 7395 6237 6823 5202 5365 2301 5072 7213 5018 8892 10083 2265 3607 7814 6911 1408 3487 4247 82 3225 9172 5370 7152 1712 4743 7842 322 784 6750 5929 907 9796 8571 1064 4182 47 3168 2279 9905 1411 585 9445 2988 7275 3081 8228 4447 1578 6367 9695 6246 8800 9878 8556 8765 1832 4901 6546 1974 1895 1599 747 4708 2517 4908 7981 1360 2245 9871 4914 2186 59 2083 4472 5234 8399 9685 2749 10031 6902 3039 6093 8332 2897 4031 3880 8582 7989 3424 3377 9029 4980 8108 1649 9904 5914 7609 7355 2290 8836 5634 3886 6953 8180 6173 7878 371 879 1857 9038 9790 6753 1301 814 2818 2203 368 5090 481 8216 8600 3474 65 1632 4658 2310 9396 3591 851 4117 17 9542 8162 6909 6928 4071 7184 6504 8550 6001 2616 9915 4852 4484 9532 4999 6212
5299 6081 5329 8092 9217 8617 6377 3588 10199 3163 1549 1458 8738 6509 1265 8036 6379 5084 3655 1606 3329 7207 8567 4482 6702 9747 3453 7055 365 4649 8900 8389 3430 7959 5149 2671 1011 8114 9079 8845 4097 2164 5328 4602 5352 2938 2665 3533 651 8495 9537 7755 6143 3258 3582 4047 1278 9379 5374 10200 6159 5349 9289 9169 10178 5393 1693 9422 155 6284 2045 9016 7906 1509 2791 10046 5898 898 7305 8514 6730 984 181 7293 1145 9058 3795 9681 1017 2549 2551 6234 6839 3333 5800 6698 6338 7164 6974 2287 8986 5428 2340 1445 9864 9980 2249 7329 8000 5465 2565 9866 5422 8219 6836 5467 5411 5605 478 2728 7032 3090 6203 8902 9491 10091 6999 5764 4008 4216 3619 4652 8214 8047 9195 5638 5015 177 1426 3983 4200 932 325 5112 9771 5344 5572 6875 1931 4369 2422 610 5200 7885 6846 1022 5274 383 911 7477 1020 1280 6577 5223 786 9010 7862 2762 1993 9303 7521 7066 4234 3240 5071 1172 9568 2798 4486 9803 5805 2125 517 6664 5236 8417 5616 6952 9605 377 707 6695 2834 166 5810 3812 596 3984 5942 8297
4528 9839 2072 5512 2420 8278 248 4214 3283 9462 240 4691 25 7468 1997 5437 3881 7111 10164 4105 8721 7484 8705 3084 7653 1300 8091 9391 530 2554 3142 2803 5726 6192 8015 1934 939 8620 3360 3520 1864 4684 7223 728 2985 2270 8390 2017 1699 2133 4393 8573 2761 3047 3032 6713 10098 2039 3944 2779 995 7809 6374 7984 8100 3510 8362 6222 3654 3253 427 8444 8312 1617 4458 2434 6920 453 4187 9030 2250 8697 6119 8406 6242 7644 7939 6958 2307 3316 9327 8477 9027 369 370 2146 3974 3850 2427 5885 8708 1334 3994 4406 8876 6784 4013 7925 928 2520 3452 1476 791 8729 7387 6882 5536 7983 4261 2841 964 7196 6437 1650 2148 1893 6559 7437 231 1648 1023 6002 3088 545 9457 6631 8671 3671 1573 5828 5431 7161 9959 3357 5802 9122 553 559 9935 7776 6368 9563 933 9061 6486 1295 10157 9566 9012 6697 1103 1655 9782 4481 1448 4143 6543 6853 9074 3396 5992 7399 3301 5198 3273 1086 9231 8457 471 7179 4120 2206 4911 6626 2351 3587 9614 1769 8731 4827 1789 6668 3153 8436 733 150 2473 8315 6659 9830
26 4772 1357 7866 655 3888 9196 9227 6661 2380 1117 6166 9179 6378 7232 9769 573 6917 9241 637 367 3969 191 4086 8546 6771 9709 4937 3061 6480 5138 9344 5258 1778 2954 4009 3022 6691 2297 753 1169 6342 1867 9138 4570 2198 3904 8275 2998 9816 2844 8751 9738 8037 681 1592 3072 3826 2303 9414 5752 286 3405 2009 1862 5535 3642 3606 4796 9661 2277 4175 1822 9664 10159 942 3303 4557 5107 1810 8665 4998 4949 2209 1843 3673 3780 1250 642 2946 9410 8522 9263 9489 4436 4135 9699 3775 9099 9329 9119 3592 7749 5131 1700 872 97 6801 1545 7557 6032 9230 10150 6699 8121 8294 6505 2923 1808 9642 5606 976 4853 1223 5273 4022 10099 9366 7970 8719 3748 1858 4813 6775 7139 2371 4064 3483 7266 9444 9423 175 3239 6630 45 5936 5703 8667 9594 8570 4238 794 8023 6034 7296 6099 2500 7159 1629 4721 5030 2364 5502 3201 9005 8676 1468 4054 2543 2885 9919 7982 6071 430 9843 3931 5159 1815 4726 7095 2008 106 6825 3246 187 9929 3818 1932 3190 8429 8700 7271 6292 9648 8234 4833 4568 9166 10060 4078
6447 8837 8212 3524 6892 7708 6755 4692 7106 29 1559 2734 1597 8885 10090 5090 481 8216 8600 3474 65 1632 4658 2310 9396 3591 851 4117 17 9542 7584 4825 930 6400 1882 8221 9356 1609 5860 5714 2991 3231 6873 364 593 5881 8199 1522 10071 2904 8101 4600 7509 3782 7302 8982 5556 3096 8316 2486 201 7489 5303 6289 7268 139 532 6216 255 2831 3653 5581 7850 269 5913 7123 5612 413 2754 2451 1153 1957 2564 6876 9283 145 3179 1101 4469 9381 4265 7379 6830 7010 4419 2385 5675 7648 39 4434 7715 388 3930 4837 5776 8844 9153 8264 9656 9011 1773 7059 1718 7167 3234 2214 2781 6430 3890 4304 133 5134 1792 8521 8009 4501 197 3733 2120 9348 7295 7145 6262 8269 7823 7520 5956 8613 3363 4582 1261 3749 8093 3015 8041 2049 8648 2585 7142 8957 7640 5006 8169 9932 423 412 9105 3393 7944 2053 9140 3145 8831 1038 10051 3193 1656 7577 6124 9760 5435 3791 1473 4671 9583 6962 7448 3899 9892 3846 1763 6392 8226 9413 1417 2034 8170 185 3658 2092 42 4670 9351 1326 2732 9819 6935 6568 6391 1711
4200 932 325 5112 9771 5344 5572 6875 1931 4369 2422 610 5200 7885 6846 4944 6990 2683 3295 2143 6021 7990 2919 7544 8616 6963 6916 2381 1915 8543 7127 1050 4165 9284 6899 3933 192 4126 2010 4287 3305 1147 1799 8491 9931 6678 8586 2172 6736 3794 6694 3466 5531 10067 8646 3626 1401 4024 8802 410 5166 8345 7140 5284 3226 3008 7212 2976 3080 9192 276 4887 8527 4180 337 6521 5839 8298 2804 6976 3527 8078 8330 1749 8411 1502 7265 9421 6652 5404 4213 3321 5040 10097 9550 8592 3188 5619 8281 8541 3839 2602 7810 2347 1302 3356 1 1701 3934 7922 8405 3114 4560 6965 8347 4338 5209 8237 1288 6811 698 2248 6082 3383 9411 10033 7174 9717 8857 3776 4494 944 5381 3564 2822 31 4332 8752 4926 3744 4480 2519 190 3007 2840 3037 6202 6760 6936 3985 9507 2937 1235 2021 2511 1373 7144 842 9519 4313 8799 9288 1575 315 7463 4884 4416 748 8480 5754 1205 30 6651 6026 6555 6329 1541 6380 2979 1233 7565 6746 402 8328 464 6703 1809 7048 4847 8861 9950 9100 820 7337 3102 1229 3106 3872 8694 9947
15 6506 3507 7744 2435 7566 3708 4624 6967 10086 9970 2173 7052 3734 770 5447 2596 4308 906 110 3502 5561 614 4842 9307 8433 3789 4274 1983 4379 10166 9689 7203 9261 5653 265 1293 8335 6003 2573 6971 9296 5769 9853 819 4255 7004 7063 7698 5285 419 6420 1831 8445 1976 1675 3590 1854 3079 9429 4555 386 491 3133 5368 2463 9907 3189 2948 672 7960 529 396 3480 414 1065 3601 7215 6989 4905 9117 7391 9723 8055 7909 2777 9976 6492 9948 8019 4612 5494 9510 509 5466 9096 5156 10074 2424 2850 459 5969 219 657 9649 4682 5680 7487 1095 3660 6822 2664 3747 9687 8977 3327 1258 5503 7351 1513 4859 184 2456 9505 5806 5772 5946 6104 6095 6038 3523 3417 8819 394 3778 1670 764 9589 8725 8189 1759 9902 7285 2855 5385 1174 10042 127 9193 2242 4432 3914 1706 9165 5057 140 2650 9147 35 54 951 9185 1472 4550 8042 7958 1944 10070 1850 1202 8469 2527 2001 7881 6288 5773 8741 4599 2267 6886 8192 2574 4084 4516 1785 2964 3034 7998 6320 1267 3491 2378 6765 8175 1611 3666 8380 3001 296 5905
1295 10157 9566 9012 6697 1103 1655 9782 4481 1448 4143 6543 6853 9074 3396 9453 636 8577 10110 8909 959 643 8605 9928 10020 6670 7769 3503 2760 7334 5165 4157 9813 9304 6016 7664 6274 3837 5943 8654 6102 6947 5664 8062 2738 7652 8924 9918 8688 1917 7466 149 6502 6458 8537 9802 1356 803 6579 6619 5811 6733 4253 1460 5394 1598 7603 9798 336 7297 2782 2345 802 6245 161 3381 9144 6382 3186 3091 1344 1620 5695 9333 7475 4985 9219 2180 6768 8432 6852 8153 4311 338 9773 105 1076 6297 3807 9020 9037 4492 9890 5908 7688 243 9266 1192 9121 5875 6324 4977 4446 5579 3014 5401 1788 1869 6196 7226 2821 7008 3946 3663 7067 3691 3462 3263 8396 4173 6907 7896 3023 1342 1878 5076 1215 6794 9896 1078 6451 4217 2805 7719 2971 4189 4969 9832 5934 4754 5699 1343 1924 5876 9686 8022 5197 8076 715 2709 5357 4327 7149 1950 1033 6689 838 4611 7165 661 4904 2019 9762 3485 8696 5615 1936 3448 7498 8661 8293 7405 7368 2254 5737 2149 6641 7711 1420 328 3509 6855 2668 10008 528 9060 7136 7246 6090 6397
140 2650 9147 35 54 951 9185 1472 4550 8042 7958 1944 10070 1850 1202 5756 1210 6403 1619 2940 3802 1852 6193 4146 536 1085 3704 1227 2704 865 1133 619 2062 8538 5140 1827 2193 3913 3863 5432 3074 3445 7742 5621 5857 5593 1486 6596 1424 8339 2888 6616 2767 8438 5700 3361 5575 3581 8137 91 7756 3423 9177 9751 8119 350 6006 2881 7886 7894 89 9655 5563 9387 6655 38 9334 586 9779 2232 226 831 5879 2086 4119 4410 9820 1563 7813 5078 5749 905 3116 722 3570 3380 1043 8309 4683 5211 1040 9666 837 3366 9984 8651 2773 4403 8116 5570 9660 366 5582 6008 9006 7892 7898 1211 7264 1838 4464 1274 5516 2363 5343 708 5733 6469 796 4038 9945 4603 136 5278 9317 5957 2889 6758 1927 6681 7559 9040 3406 3628 5949 8511 4285 4321 3416 2999 7732 7105 8377 112 3233 1163 4656 9467 1232 8552 6219 1465 6748 5965 1892 3891 9831 10135 7221 1041 6925 6735 6201 3765 2688 1207 9759 3936 142 4818 6866 687 6885 3699 3144 9577 7693 2921 3686 599 4309 8628 1661 5294 5652 6803 628 6235 2111 10065
2014 3484 9064 908 6919 4753 4170 7834 7527 6618 8868 6209 10137 144 9884 9423 175 3239 6630 45 5936 5703 8667 9594 8570 4238 794 8023 6034 7296 5471 3402 7568 7195 397 1904 4478 3648 122 2461 7380 1197 4864 3433 5458 1528 8832 3446 901 5176 8716 4881 7435 9608 4641 4092 3089 3975 1725 9314 6273 5862 8922 5464 5794 4222 4495 9736 6145 3544 2582 5091 1705 7543 7046 3738 10055 5170 1979 3755 3505 6988 7677 1254 8874 1031 4370 8987 4548 3641 9672 9543 2122 6600 9953 4204 2930 4824 6257 9262 6808 5770 563 461 1277 3085 6706 4794 7839 1503 8581 5915 3798 8664 5101 214 4440 7988 188 705 9300 2367 1689 2328 9857 1234 7882 8476 4036 6184 5787 6840 1008 2572 4497 3429 7104 7326 1912 7572 2386 5271 2071 5975 2069 9280 4174 3832 6711 2806 7175 7526 6979 6040 2771 6856 9757 5799 6421 691 3326 3292 1761 2418 490 1721 2928 295 9472 4335 4742 5999 2376 8410 7084 2823 4863 1638 2103 1805 5446 2388 4029 2524 246 3893 9683 4512 3331 548 4578 7042 5950 5903 7582 3770 8524 1768 5657 6643
4734 6742 3471 1499 9812 70 6101 3622 3006 7829 2778 9083 9316 3191 3972 6462 8978 3124 8630 2503 7287 2308 7957 7222 6072 5047 5577 1584 9216 1423 4981 5460 5003 3410 2835 9374 7727 567 3478 8632 7751 8038 6226 1511 9128 1505 827 3282 9164 8286 7790 1519 10014 7170 8609 2594 1560 3649 3049 3313 7283 8431 1324 6986 9463 4706 8736 6602 5261 1454 5994 7589 10186 5127 3762 6970 2995 9858 2648 6316 7690 6000 2333 6475 2869 4929 5445 1309 1943 5901 3351 4634 3517 3262 264 1027 5486 8375 3677 5785 2714 2620 6537 1415 1874 2611 3238 1962 3027 500 7259 4992 605 7856 5113 4712 2873 8159 3324 6704 4946 6243 4636 9000 4076 3003 8569 9324 5886 2708 5061 2681 4919 6614 1755 5462 46 5624 202 1507 2099 4374 7753 3307 2238 9330 5777 2271 7312 222 6590 6776 1462 2450 5304 10119 7239 3033 2358 4804 8186 5718 1016 9821 5312 2698 1106 6779 7402 3553 6286 8156 9886 123 7522 4014 5921 2315 8109 4030 9046 3851 3187 9191 3199 2299 8217 9799 8425 3815 6777 3159 1757 3659 4662 4473 2872 6311 5818 6532
8021 1319 9502 48 8172 3580 8439 305 6927 989 96 2491 3306 1412 3113 8950 2878 7370 8564 5382 1061 223 8249 714 9635 878 6514 8361 406 9898 5181 9354 5852 8299 3391 2368 7764 1847 5353 8803 4646 4951 3724 4805 7618 8179 3521 3348 10059 2702 3174 1115 3334 13 1142 4404 2680 8276 9033 6809 9123 711 4283 943 3737 7096 9861 347 8601 9293 7343 1390 8540 2642 9273 1047 6303 9744 8658 143 4099 9617 2567 9988 1037 780 2142 1964 5641 8584 8271 913 1900 4232 994 2033 4552 2663 5169 5418 8305 8626 4207 8224 2446 9526 853 1500 3030 1959 3409 4358 4202 892 2690 520 5628 1413 7321 5702 7978 1154 1467 1291 4392 5266 1134 5687 1570 3129 3774 8890 2854 6116 9256 8331 1955 7112 306 4199 9406 1299 372 4124 4145 9620 1124 7470 5429 7097 3715 2415 10054 5765 4231 5559 5037 7396 5544 8557 3009 7845 7497 8993 8025 8118 9675 8863 6266 10025 8965 6649 8308 535 1926 3703 742 8054 1849 4865 9257 813 3447 4779 4647 9682 4745 4453 8776 6111 1403 4176 8414 385 7336 3426 5215 6508 8930 8947
762 6528 1897 6599 8747 4435 9952 2097 5501 9859 6065 3421 1287 4585 5026 5282 2614 3578 7332 4113 7249 6556 6554 5877 8171 4021 4066 8774 9501 10120 3175 3044 9382 9088 7257 4936 2553 8888 5024 3645 7645 4407 8164 7758 5321 8131 3953 1377 1802 4236 6901 7474 5033 7077 4112 9511 7191 7818 789 10138 1222 1384 766 56 3680 3873 5327 9677 1879 5771 358 4984 7793 7512 6805 1961 9969 6044 9158 3259 3966 3425 9604 8964 1051 6345 7558 615 3371 2879 7014 2151 7634 4630 5976 5333 2024 5878 1325 2619 4795 5058 6256 8784 4081 4931 9237 7879 3482 3241 2237 1744 5984 9120 4333 5845 5598 473 5002 2218 5986 3165 9258 8459 4211 7735 4707 9275 5847 7224 7444 2774 4337 7516 221 5721 7538 1257 4644 4425 8067 686 7256 8687 9190 9814 3210 4340 869 1782 3211 4427 5594 6510 7289 7304 277 1029 9063 3285 7037 9321 8145 4395 9326 4975 10073 6300 792 941 10128 8095 4971 9698 6321 737 5424 4970 1908 7192 5375 4616 2348 9152 10053 7461 6819 6940 5880 3143 3915 10096 10145 6932 4136 498 6561 4229 8904 7551
4742 5999 2376 8410 7084 2823 4863 1638 2103 1805 5446 2388 4029 2524 246 8825 2537 9001 7940 2845 1407 4571 5760 5296 4300 7 2753 1440 8611 5539 3221 1365 4262 7949 9838 5524 583 591 9203 5410 818 3647 4035 3631 2360 1752 9840 5150 4515 7383 587 4941 4291 10124 7124 3284 4400 4057 6831 2581 4832 7594 6764 7440 1199 9485 10035 4704 5157 6737 3948 845 8437 960 8257 8090 8058 3330 8679 5858 4759 156 387 98 7394 2038 4522 2766 6792 6146 3751 1080 4748 3312 650 3817 2330 9949 6653 1820 7403 3101 6709 2659 797 4359 3605 3071 621 4815 6985 6535 1554 8141 8220 8227 5199 8921 4348 6610 5944 8247 543 2880 541 798 8296 8627 1837 6622 2387 611 2362 7244 8167 1906 7094 3408 2969 1880 902 6359 2132 4093 2141 3603 2700 915 1141 4241 9438 3640 7452 3711 1213 4820 10126 378 2423 8323 8941 8749 7701 9342 7535 1083 6232 341 4686 1562 6350 4423 309 8896 6122 6103 6092 9171 7660 8996 1269 8848 8542 3595 2816 8960 274 1986 8975 5981 6494 2640 6692 374 896 7947 1297 4547 10044 9781
1022 5274 383 911 7477 1020 1280 6577 5223 786 9010 7862 2762 1993 9303 4524 6176 8203 4378 2694 607 8423 8263 213 7240 3942 9008 9599 8484 8934 2851 6333 5888 2430 5277 9498 6910 4622 4433 7270 3566 1532 6949 9135 1107 8548 2950 9512 1610 6887 6084 9951 2980 239 8068 4954 7220 9722 9916 7595 4826 5213 2965 3184 4220 7432 1276 971 7855 6587 7596 8879 6387 1014 9613 4331 1049 1585 7726 9424 8427 6210 9044 5372 6759 2429 7936 1625 2705 3925 1497 4437 4271 1058 4508 6019 6314 3968 7628 6603 9490 1941 9435 8115 1798 6438 9767 2807 9201 9979 9903 126 1135 8843 8561 8103 7610 1474 9447 3954 1351 2646 5032 9390 3907 3358 7407 5971 9137 2555 7766 2169 4055 1715 5409 7986 4841 5135 1807 3347 4114 6816 1591 6330 6036 8383 1246 7006 9578 3167 1322 2632 2178 7186 5082 6914 9668 4391 4347 2474 7942 1999 1336 4212 9047 1564 6539 6029 8492 1583 9242 588 4451 2155 1252 5034 434 7659 6254 6404 4252 107 9750 9114 2047 5191 2615 5362 970 3300 2927 4506 7743 10161 1304 1601 4918 1542 7441 86
9872 7374 6991 6598 6168 3428 7537 10176 5450 10089 6097 4420 9319 5709 5219 5992 7399 3301 5198 3273 1086 9231 8457 471 7179 4120 2206 4911 6626 2351 1373 7144 842 9519 4313 8799 9288 1575 315 7463 4884 4416 748 8480 5754 8517 5602 757 8753 9761 7846 1923 4507 4228 6467 4756 6930 8353 9538 8998 3722 5738 4487 1967 4989 8797 2139 4893 576 7138 7003 9337 6995 4001 4532 4558 8253 1345 5204 9025 1918 404 6734 9565 10125 6791 5065 2043 3565 267 9492 4776 4906 624 2658 8470 1751 3149 6260 795 10182 2264 5203 4888 3319 4845 5912 5586 7861 9891 8979 10104 1887 7352 746 7190 6639 3895 2059 4996 2425 2962 8256 6394 5345 2612 768 6501 2587 3723 195 1524 1587 8818 373 9746 5323 2541 3215 1790 7273 8669 4875 7478 6446 7413 5069 683 5742 4589 8181 3070 9541 4697 1980 4243 2786 6617 9989 5937 4373 2905 9062 1176 8953 4694 6977 241 5609 1754 7069 7344 8354 2478 1198 9466 4536 5519 8917 8337 2802 6812 9418 2161 9345 2925 5977 2205 8656 2184 1816 3867 2853 521 2655 5910 4874 2894 10146 8146
2608 5788 5004 738 2674 5177 3218 4579 8311 2117 9558 5097 3871 7997 7180 8022 5197 8076 715 2709 5357 4327 7149 1950 1033 6689 838 4611 7165 661 2925 5977 2205 8656 2184 1816 3867 2853 521 2655 5910 4874 2894 10146 8146 10050 9719 7187 292 5276 2490 5308 6340 4900 1193 7669 6533 5351 2526 10092 9912 6790 7060 2996 9777 2605 8735 1608 7090 2550 5899 4625 1504 3635 8662 3777 10084 8233 3814 9015 9178 3538 6903 6674 6047 751 6073 7685 3399 7041 1866 6358 9018 457 7681 2868 10022 504 5301 3438 4197 10140 2182 6059 6296 3054 889 5746 8711 2075 4661 6820 2935 3254 7663 10064 9297 4542 8002 8760 10175 9545 2295 7181 9239 1367 7747 6361 7254 4511 9358 5851 2808 4808 6017 3980 3786 1025 198 5813 8699 2317 8683 1704 80 2957 5743 5843 4910 7928 2788 3937 8966 8554 1663 6918 6304 9938 6552 6520 5953 9651 4455 3856 9004 5178 7910 7035 2911 10069 1717 6223 8918 6457 9417 1664 2810 5990 1006 7089 3646 8441 7893 4349 2512 7759 6371 8313 1362 4791 8355 8520 7563 7047 3714 2166 7160 7612 7556 4896
9720 1775 326 9497 8591 1958 9369 1183 6686 9900 9580 266 5293 8604 8728 3950 3135 8231 3551 2054 5472 9402 9042 3219 9688 7848 7767 8823 9482 4505 2914 2130 9086 1868 10095 9834 2692 4493 3959 5269 7131 9113 8363 3988 6372 249 7197 9415 656 7798 4521 4595 1530 7472 6757 6473 5583 7599 1636 7400 4218 6028 7962 8764 6231 4675 7804 6593 5092 9963 7665 2453 2856 8394 5521 4390 3897 8099 5846 2643 4593 8245 692 3325 7911 1940 5829 2496 7076 6693 4580 9188 2375 7253 8526 8072 6455 2128 5506 10183 8636 8401 5694 442 6127 9867 4811 4257 8894 9222 7995 6863 2262 8086 7966 6048 6525 8755 1348 7872 10169 990 6623 2300 2956 4224 9315 4610 9428 5958 6847 3624 589 9070 4454 9621 4760 8393 6620 7832 10117 7631 3771 12 693 3362 2314 783 4830 7918 3103 6466 6861 206 8006 2558 2751 9272 526 6294 7876 1529 5346 9807 4364 5045 4041 1669 3662 2838 4680 633 9715 1132 4107 3683 4519 6428 727 3643 5584 4983 9322 3741 3464 3367 9650 8893 9126 128 1637 8530 7822 7026 7125 10002 3310 9055 8008 2390
7521 7066 4234 3240 5071 1172 9568 2798 4486 9803 5805 2125 517 6664 5236 1163 4656 9467 1232 8552 6219 1465 6748 5965 1892 3891 9831 10135 7221 1041 2099 4374 7753 3307 2238 9330 5777 2271 7312 222 6590 6776 1462 2450 5304 9966 5330 6824 6128 821 9852 5207 1848 8599 2915 799 7606 9679 375 6174 6710 5683 9087 2947 658 1306 8416 7700 2489 9626 2105 7662 3415 1877 6862 3012 578 10108 3040 6125 5542 7284 8563 2150 6250 5185 4709 1760 3250 9225 3078 2339 3476 8446 3192 2644 7695 2837 1708 2379 3403 2562 2789 6308 9533 3450 8485 2357 2095 5712 7724 2346 10068 335 7830 7015 8945 10048 5407 9069 10192 6869 1702 9588 3472 3632 1162 9199 7314 9311 6656 3854 4307 4780 4960 8061 7974 8386 8139 5332 4685 10058 8980 9607 2467 8938 7375 5073 5336 5796 4902 7043 6130 2626 1640 7511 1079 2080 9313 962 1372 8726 1576 7423 7597 6896 2482 3000 4091 6536 3705 10156 4491 7366 1501 399 2321 8452 8939 4840 9934 8317 7779 8551 3721 6183 10143 4551 9598 5416 2073 9045 7682 251 5188 7948 2508 3248 6609 1030
10119 7239 3033 2358 4804 8186 5718 1016 9821 5312 2698 1106 6779 7402 3553 6183 10143 4551 9598 5416 2073 9045 7682 251 5188 7948 2508 3248 6609 1030 5252 3413 3869 6629 1903 4736 4005 7714 6407 3404 4161 7252 2263 9224 533 569 5554 675 1995 2392 6220 2197 9161 2207 9495 114 284 1272 1109 4325 5110 3732 8057 7500 8080 7101 6285 6897 4608 2552 4618 272 4831 6278 7828 10187 2982 314 5320 6728 2764 3834 2126 2064 670 2447 871 6396 9089 282 1982 8999 456 5623 2374 8207 1428 6011 9403 8208 6946 2941 7267 6588 8633 10197 5682 5212 3610 3173 870 2633 8288 1087 1688 8761 3541 5488 7923 4198 8407 2636 506 745 5325 6293 3251 8255 10023 5723 7134 8994 6468 5216 5442 8493 8792 1607 1581 950 8056 8707 7443 4209 3769 6743 10198 5244 8768 5622 9361 4939 5601 8715 9637 4249 242 7916 9584 6567 1315 2087 3540 1938 9094 1130 8173 1526 3458 1139 9676 5210 2846 3067 4499 6241 3287 2609 2653 511 6186 1398 6388 1143 8324 1110 8724 7385 3235 5930 9184 5451 8376 9724 5048 8481 5766 6621 8259 2603
10117 7631 3771 12 693 3362 2314 783 4830 7918 3103 6466 6861 206 8006 1270 3182 6572 6534 4048 6056 3689 11 7356 988 10130 4945 8447 5608 3598 1026 4465 4851 436 1493 6943 9797 1628 3831 1363 9017 4360 6754 7536 1605 5398 8638 3799 7251 9268 2293 5055 2220 9998 4689 5318 7587 5001 6800 3148 3093 7401 10075 5415 5576 3905 9633 5214 7313 2081 2234 2163 3020 3712 9504 1794 485 4973 8243 211 4153 8608 5096 638 1687 2100 1684 623 43 3816 4751 7306 560 3125 207 4490 8544 4623 307 6741 8144 5781 2419 6280 5373 9238 1783 4962 5279 5260 3763 9806 2660 8365 2606 9600 8357 494 299 1884 8670 9446 6871 6594 4384 283 1681 6842 3442 9960 4696 6010 7847 9940 3261 5991 9395 9576 2718 6950 9189 6849 3811 9454 1443 903 9372 4301 2997 2179 1883 8084 4186 1654 3900 7428 778 5022 5 3214 4177 400 289 6249 5108 6443 3685 2907 5940 2394 7449 9431 4104 1170 641 4693 1898 679 8350 9397 3921 5989 2514 2563 5662 1335 8046 8976 4940 6228 5361 2706 157 8758 217 8348 5122 9104 4810 4572
1517 5648 2402 5499 1533 3311 8643 916 88 10040 7049 666 5146 4821 3230 6286 8156 9886 123 7522 4014 5921 2315 8109 4030 9046 3851 3187 9191 3199 8067 686 7256 8687 9190 9814 3210 4340 869 1782 3211 4427 5594 6510 7289 775 5171 4007 7234 9850 5059 1455 2863 5819 4019 3928 2102 7920 1604 1672 6844 9632 7533 6884 9646 4584 7504 1902 550 4452 7666 1283 3956 6230 6305 4111 4467 6851 111 8151 4376 829 9535 2484 4714 724 7760 9102 5062 220 5120 9210 6218 5367 1870 8165 9818 5786 9476 9609 450 1777 8070 6879 3604 250 316 5722 1771 4230 3451 5644 2211 3993 945 6921 7826 749 5558 6980 2604 8961 3652 3197 2682 551 4430 5642 1241 5051 9274 874 1402 5832 8326 6718 9634 2306 1963 6677 8280 6834 9787 9716 864 3185 2066 1673 7488 6301 1273 5823 5300 2067 3095 4632 557 5218 1088 7632 523 5483 5872 6597 3419 6722 2227 5339 6109 2255 4957 10024 6405 5895 6491 165 1572 2354 6064 7316 7641 8891 7459 311 5473 6123 8117 5098 8081 7092 5961 3706 8846 8865 5044 9844 2876 2278 4947 7929
1284 5864 3083 8931 238 4345 3518 6574 9652 6319 6477 8974 5498 1156 7696 7304 277 1029 9063 3285 7037 9321 8145 4395 9326 4975 10073 6300 792 941 4765 9150 9513 102 6091 5225 3138 5565 1825 6714 6660 6591 7330 2968 6463 1308 5916 4724 2627 8805 6955 5938 8123 5314 2852 3549 2152 6488 2676 4607 8420 5692 34 7868 7884 5017 4441 2722 2641 203 7808 7107 9590 5095 8120 546 1442 4844 6848 4870 7499 2717 3365 9364 2815 7819 2770 5537 3166 4075 465 7433 1292 5283 4613 2983 376 6983 462 10100 8415 7307 132 2465 8623 339 4886 577 9057 4961 9095 2651 2733 5085 1248 9306 823 5421 6676 7542 9518 5867 4823 6425 1271 5263 7745 147 4651 8262 9702 1596 3401 9486 10129 3469 8693 9338 8798 9078 7455 1352 7116 7854 8734 5311 7420 6263 6083 5366 3676 5262 1096 5425 6957 4155 5124 1698 544 3042 858 7261 2175 7626 5673 697 1764 4899 3742 785 595 5205 2338 7099 233 8460 4203 7887 4096 6343 7574 8486 2746 6727 5650 6137 7098 8382 1953 2958 4142 7531 352 7627 5896 5482 7508 1282 8597 6027
6925 6735 6201 3765 2688 1207 9759 3936 142 4818 6866 687 6885 3699 3144 5559 5037 7396 5544 8557 3009 7845 7497 8993 8025 8118 9675 8863 6266 10025 10128 8095 4971 9698 6321 737 5424 4970 1908 7192 5375 4616 2348 9152 10053 9676 5210 2846 3067 4499 6241 3287 2609 2653 511 6186 1398 6388 1143 8324 8689 3224 4672 8450 3016 3388 9992 10021 966 6386 1376 9267 6584 5951 9384 8583 6476 2967 4699 3359 3461 9592 8029 949 8673 7434 10111 1697 6045 1466 141 3119 8531 5088 9066 2457 8762 9409 2286 3558 5564 3013 6050 2600 159 1896 1801 3155 8303 6637 7331 7442 2410 23 4468 5815 3171 6039 5402 4196 558 2492 7081 9551 5496 3960 9909 7721 4389 2726 7206 773 8963 2498 8260 7501 6422 263 324 3805 8878 4563 9629 1347 7349 6258 653 5676 8842 10127 2827 4110 3418 1338 6429 5487 808 2689 4060 2601 1452 3025 6608 6108 6998 6431 5378 9982 4319 6569 9420 180 8020 5665 1457 5495 6787 3977 331 6495 3122 8500 8748 3111 7274 9585 7156 8011 2849 3289 7707 1991 9075 381 9107 1746 10188 710 6261 9441
5435 3791 1473 4671 9583 6962 7448 3899 9892 3846 1763 6392 8226 9413 1417 4820 10126 378 2423 8323 8941 8749 7701 9342 7535 1083 6232 341 4686 1562 6914 9668 4391 4347 2474 7942 1999 1336 4212 9047 1564 6539 6029 8492 1583 595 5205 2338 7099 233 8460 4203 7887 4096 6343 7574 8486 2746 6727 5650 3043 6721 4077 4051 4655 5790 5484 7460 4843 1354 7415 6336 6583 9367 8184 2276 3781 71 8578 5142 8160 8197 7534 4921 1616 880 7054 4916 7157 8701 3439 982 7761 7225 6194 3739 5063 8473 9449 9847 9220 6452 3664 5795 6553 5220 236 1863 855 9197 5414 9579 2452 7269 9870 209 8621 4496 4674 645 5010 2223 974 3382 1182 7971 3575 7752 630 8766 4702 10 163 10009 6318 8796 6383 1643 8112 6200 2030 7706 3468 5167 8919 1399 6349 9475 8503 8906 2098 1762 3970 8952 9494 5707 2077 403 4782 3055 5152 7495 8306 7502 8132 2160 3139 8284 9792 3813 841 8780 7464 3958 10148 6484 6518 1177 290 5825 5469 9752 924 1056 9743 7086 552 9022 229 8360 4669 6389 1734 3853 9662 9282 7691 218 5724 5651
1614 7757 9958 3830 7158 5716 10094 6445 6251 6240 5100 6129 5436 5342 1568 8965 6649 8308 535 1926 3703 742 8054 1849 4865 9257 813 3447 4779 4647 9242 588 4451 2155 1252 5034 434 7659 6254 6404 4252 107 9750 9114 2047 7849 7718 9204 167 7328 9868 8962 5230 2568 9198 4880 458 910 8895 1386 425 9923 1968 7065 6465 2981 10049 5046 1800 5684 5967 8783 4974 7392 4650 8107 5688 49 4288 50 9786 2088 3589 706 3304 3901 1872 2174 4353 320 153 8954 8723 7987 8580 3245 5780 2428 8290 4080 1239 2617 8198 7038 6053 4062 8149 2188 743 8196 3379 857 10152 5478 1323 5960 8989 6827 3181 684 2487 1054 2536 4987 2058 10010 8087 7552 4282 6147 549 1469 5550 3053 9597 1244 210 7869 1814 5009 1644 8188 547 5383 4777 7486 2540 2196 3075 4168 270 3668 2085 1844 4663 7946 124 3883 7791 3340 3455 5011 7425 1422 9503 3716 6841 3278 9973 4976 7768 4405 2440 7795 4000 2442 1032 4412 716 735 3104 1781 8213 7841 640 95 9670 3309 5474 3473 5103 5161 6891 9232 5697 7930 4995 4628 4778 1647
4703 1126 1114 2124 4990 6956 975 9562 3276 7968 9080 3979 7671 6604 2629 2299 8217 9799 8425 3815 6777 3159 1757 3659 4662 4473 2872 6311 5818 6532 8187 3609 6926 1988 3146 4546 5578 5822 1385 1538 4267 7773 7897 5973 9299 2742 6490 952 8322 4023 3562 1230 4601 771 7227 9758 8142 4764 644 356 5240 9995 8943 9856 1072 9855 7431 5164 2577 4183 6295 6323 3991 6933 5479 2939 8746 9639 9897 2595 8246 3557 1421 9540 5954 2970 9523 2936 2471 9805 9350 6747 769 5679 9309 6762 4596 9468 10085 1001 3354 3698 8430 7549 9810 3222 5005 1901 9436 731 8032 6865 9478 1102 4617 6895 7133 3098 9703 7217 9130 407 2168 999 7051 6152 7992 1696 1494 4475 7955 1978 8727 5517 10102 6120 6744 4095 4292 3435 1393 6158 4894 4242 9735 4442 8827 1464 4106 4164 2813 2170 7079 873 9835 7485 9983 4784 844 1841 4822 6638 1045 2662 7341 3759 7080 6426 4933 7122 8915 8674 8935 8833 9967 1928 4509 2696 7712 5666 825 4955 4178 2159 4073 4959 1478 4846 2494 4227 7680 4294 8412 1691 8722 992 4576 3922 5295 4046
8816 7762 7547 3784 8206 9455 1569 2829 9146 4016 7482 7625 7863 3555 8065 8504 6878 428 4972 41 1891 2342 1836 5562 3092 4295 3879 1313 447 5639 2230 6134 6912 1824 5408 7656 5566 7585 199 7323 9739 7684 9845 1527 6793 3194 8267 562 5193 7783 6667 2006 5459 5281 6547 1381 7029 1094 1679 2657 6423 93 1521 6717 1971 1780 929 4529 9187 9167 8201 5645 1067 3585 7852 8594 8587 1146 2864 8258 5923 3154 8624 5672 6150 5129 6815 439 7802 7237 5128 4314 1391 3057 2312 1414 8873 6585 2405 9292 4012 3252 2167 8195 7994 9 189 1853 2666 8422 1506 8553 5911 5359 7658 6326 1144 5887 7865 5893 9355 3695 6605 2819 2219 379 1358 7422 8942 703 7177 7172 662 8071 6373 1738 3992 10047 10103 1298 2920 1228 2800 484 6312 7683 4190 160 10027 1842 1588 9103 7347 598 87 3021 890 8059 2899 1894 9927 5513 3889 1975 7315 8005 4583 862 4629 9520 6148 7973 6650 5730 113 4045 2687 3223 1716 1136 1206 6904 10105 678 4205 2107 10147 7564 5833 4108 8358 9740 7492 9942 6894 7611 3339 4476 3087 1196
2920 1228 2800 484 6312 7683 4190 160 10027 1842 1588 9103 7347 598 87 5972 10006 4240 4924 7439 3460 5713 1166 9971 6513 9432 4305 922 6052 7635 4350 6550 158 8381 2506 8750 4367 9991 5268 5827 9924 934 9276 8810 8973 4687 3498 5238 162 4003 4002 7465 991 2539 5919 7280 6409 3943 10171 4716 7056 5591 3957 7409 8631 5029 9252 8813 4166 8475 1111 1108 1845 4329 3912 7286 7150 8759 3318 6161 9707 948 5192 6575 497 7785 2171 6665 2454 2283 1237 5807 2578 1216 5774 5515 1875 4698 7071 7731 7951 10139 515 3440 6181 5611 9638 5050 6370 6020 8745 4741 7229 1251 860 9090 4474 125 7961 927 3843 4354 1571 8926 5426 4801 5054 4769 8866 8834 2416 1990 1885 9741 7155 343 9340 8997 4281 8574 6666 5196 3963 1910 6070 5105 204 7430 554 2116 9092 3256 7062 3964 8122 9644 1956 1242 5485 5461 8028 1739 2464 7824 454 8513 7831 6100 9353 7900 9874 782 9255 1703 8152 7290 626 9712 8853 4263 273 6934 2322 2400 9954 2335 8970 4266 9846 6004 8769 1331 7193 5324 4237 3349 5463 8558 9054 9765
3587 9614 1769 8731 4827 1789 6668 3153 8436 733 150 2473 8315 6659 9830 6239 2026 4082 3117 6415 849 8238 3296 9925 4517 7917 3656 2061 7199 1159 1639 3572 8050 6022 7162 1077 3467 4967 5403 179 5573 5136 712 1510 6414 5038 8944 6433 1767 953 6189 7633 9975 154 1713 9941 4462 10114 9917 7369 4401 5243 3903 3866 1369 7996 7774 9860 8743 18 9377 5221 10133 1622 3213 2590 4720 8097 9159 9671 3496 1212 8211 4225 9625 4531 8737 4312 3515 6364 9394 7303 1489 8899 5618 954 6043 4564 1595 4363 8352 1804 3887 2153 1626 10160 5067 6789 9434 5555 5649 4849 7561 5850 9181 9833 4740 3684 4729 2523 537 2745 5405 7912 2016 8209 8777 8927 8232 2891 9141 2200 3257 8660 7867 9618 9416 8027 6964 2977 7135 8102 7339 8767 472 2752 8789 1709 9235 2892 2458 6107 9480 8593 904 6497 5355 1680 2137 648 6888 1214 1266 3864 2693 7578 8082 1624 3058 3758 6406 3322 9363 7812 7586 7373 8535 2679 957 9755 6448 1217 5835 5111 5640 3939 3443 7074 2462 3376 3692 676 7200 10003 7704 8990 6687 6170 2736 9910
2558 2751 9272 526 6294 7876 1529 5346 9807 4364 5045 4041 1669 3662 2838 6137 7098 8382 1953 2958 4142 7531 352 7627 5896 5482 7508 1282 8597 6027 95 9670 3309 5474 3473 5103 5161 6891 9232 5697 7930 4995 4628 4778 1647 3026 2421 4428 9460 565 1821 1612 5489 5226 6 3809 7506 7624 7840 2074 2398 8598 5420 5547 7053 4917 489 7623 582 7119 2858 7214 2065 7692 8391 4191 4037 790 1463 3227 572 6576 6582 4752 1618 937 7277 234 5477 1184 8958 6483 2591 7926 7202 810 297 7024 5317 1200 5758 2707 5183 9893 7481 6106 2566 1195 8370 2236 5229 2973 6870 5195 4336 3110 5514 8770 8666 4355 362 6611 2251 6874 6478 8229 5755 3180 5158 923 7993 6487 103 6197 6334 3514 7873 342 2282 6481 10170 7421 7025 7384 9116 4925 4258 4597 1937 6276 8177 259 6074 8940 807 608 9920 7686 3412 3161 2361 8287 3158 8310 5126 7057 4382 2035 972 9763 5610 4398 1456 6098 6354 7211 3437 4123 5031 863 4598 6519 5920 1481 2185 625 5297 7583 4535 3981 1557 6601 8566 57 7209 3508 2231 1446 6592 9619
3021 890 8059 2899 1894 9927 5513 3889 1975 7315 8005 4583 862 4629 9520 7390 8125 2992 2343 1268 5900 5175 4819 278 7091 6723 5412 3536 10056 688 6479 8515 9461 4861 5104 5988 7964 6493 8949 9582 1994 4470 2341 5231 917 4273 618 408 2847 5289 7168 2776 2350 4559 7093 5053 6046 5497 7602 9082 4226 2772 6331 7072 5075 6351 9863 9658 2022 9009 8489 232 5287 3707 3862 9539 9911 8951 9132 5201 9133 9376 7291 20 8775 6645 9883 7689 8851 756 6207 4733 846 3264 3337 4562 9294 9398 2747 2162 1186 993 329 1405 5740 6121 4621 8692 2859 5793 4526 2468 5455 10101 2084 1839 476 9908 9112 920 826 271 1487 4239 5748 1960 1947 7513 2483 3567 8075 4817 3203 2669 7372 8841 9729 5036 7185 1224 897 7815 7007 2433 317 8588 4090 2883 8506 391 8400 5267 416 1859 7548 3370 5077 3346 5530 4065 3982 4750 8351 10066 2975 8817 2407 7838 887 2443 9691 6516 10019 9808 2546 6867 8397 4876 318 2943 5041 719 2260 2635 4730 9595 956 3961 620 6055 8815 1796 7377 5643 4688 3170 9251 10163 1164 3803
8915 8674 8935 8833 9967 1928 4509 2696 7712 5666 825 4955 4178 2159 4073 3370 5077 3346 5530 4065 3982 4750 8351 10066 2975 8817 2407 7838 887 2443 2289 3764 1553 1881 4932 2513 9336 9308 254 7154 4248 3140 3036 2002 1069 186 5331 7146 7529 1518 7965 9160 9500 5019 9731 3029 9151 4100 2622 9937 6327 2404 1116 10116 5826 2406 1835 10180 8778 8830 4365 8449 9003 8342 8074 2814 5830 2794 7668 2723 3018 9474 5587 1677 3141 2344 6217 7730 1899 508 5369 4171 5704 2824 9407 6412 9234 75 3105 7853 8161 1439 196 8856 8463 9622 1447 7278 5560 2353 2253 3801 2548 3492 3600 9335 3719 4342 2401 5391 3539 4346 3859 4068 9148 8867 8686 6633 9643 579 9493 919 7580 10122 5635 6966 3906 1480 835 1659 5855 6033 9250 4920 169 5529 444 4956 1948 4948 7860 9404 2393 7638 9748 8314 7710 9067 5189 6858 9560 8911 667 7020 5685 6729 6348 3504 4017 9456 4700 6740 4415 5974 3865 958 7888 6913 7927 1733 4409 4854 3623 1238 8678 9125 2194 8672 10076 215 1865 5980 5247 3270 876 1383 6352 4635 275 10017
7759 6371 8313 1362 4791 8355 8520 7563 7047 3714 2166 7160 7612 7556 4896 4700 6740 4415 5974 3865 958 7888 6913 7927 1733 4409 4854 3623 1238 8678 9383 4259 1840 7386 7182 327 4195 4144 6089 6826 2246 3500 3935 2775 293 9517 8051 1459 7950 3082 4848 8030 4088 8270 8788 5831 2780 3599 2215 1311 843 3120 3892 8787 4115 8682 1945 7208 4828 4315 6770 3298 3833 3596 9793 3294 9875 5741 294 1729 7903 4381 3997 9388 1566 4590 6332 5595 5087 5020 10080 8138 53 8304 5889 2757 6253 3920 761 5735 4860 7113 6031 8034 5286 1387 9349 116 6177 7748 3097 2113 2331 5533 9469 5720 8372 8250 8858 9714 833 3069 3822 2949 1922 6356 6211 1623 2470 3094 9602 1359 7857 1720 540 6512 1888 2509 7590 7571 4679 4322 6112 5272 1005 3481 4927 3952 2893 4763 4063 6164 3387 5310 2109 5698 392 7985 7480 2325 1396 7725 1327 1732 7416 6275 4640 5861 2942 353 5824 7505 5996 2978 2618 6960 2501 9332 6255 1021 90 6557 5094 6883 1329 152 1410 5710 1909 3586 8349 5904 1100 7827 2695 2842 1378 4163 4185 8824
9644 1956 1242 5485 5461 8028 1739 2464 7824 454 8513 7831 6100 9353 7900 9125 2194 8672 10076 215 1865 5980 5247 3270 876 1383 6352 4635 275 10017 3998 6042 5884 10190 9028 3017 6302 7702 1861 4 9749 3633 9772 6154 7778 8585 4357 5000 8012 7851 3260 9680 2187 291 1765 10034 674 4575 5504 5816 6877 9129 4422 5891 8408 726 6530 9999 3060 5948 6774 3150 7969 9985 8991 680 3951 9530 5224 1160 99 3779 5883 3398 4050 3615 4070 9993 7787 9459 3390 3352 304 1450 3917 7445 3965 5789 8852 3829 3731 6944 3511 3672 3050 1653 5526 2273 7546 4573 8003 7789 9553 4122 9775 120 10151 10041 168 7087 4907 3315 3045 3432 4885 10032 2003 2091 4210 2356 8403 1221 3274 2559 5894 1249 8838 2989 6908 8929 6182 6890 7243 4803 9591 3463 468 8572 2409 8327 8880 4121 4835 9279 8110 4789 5121 1973 4042 9024 5732 389 7436 1671 4966 3134 754 4545 5803 4746 2984 2258 5782 2833 9180 6959 1589 5625 6522 699 8971 3797 6864 5305 5130 4895 7796 7737 8424 8829 1741 6272 3011 5012 1668 9471 7367 1406 4577 5630
625 5297 7583 4535 3981 1557 6601 8566 57 7209 3508 2231 1446 6592 9619 6560 2759 2176 5588 5571 8488 5390 9780 5334 2516 616 4130 10193 303 4246 4059 8140 9955 9785 788 486 483 4133 4116 2475 3694 6857 963 6613 6126 10087 9804 967 3205 424 2793 2216 2268 800 4681 5557 9933 6938 817 1666 7350 663 9108 3861 7483 9508 7362 7517 3456 7171 812 5928 9051 1813 3198 194 7110 1514 6818 4898 9109 8007 119 5952 7670 2675 8320 1374 2699 8717 40 3048 5522 5025 6725 455 8128 2720 741 6551 148 4141 6992 1793 9837 3621 5399 7325 568 856 3123 6454 7359 1247 5841 351 9756 6837 3431 6804 2147 319 6922 5569 3918 4049 6460 1641 1829 925 6763 7933 3516 9987 597 5745 6632 7553 5868 1000 7414 2110 2118 7899 8073 8049 6060 4317 5452 5492 7318 9809 7371 4485 9894 4938 7005 2031 8905 4503 9034 3172 8385 3728 9725 8625 1544 4731 8512 6077 8773 4839 2183 5668 9701 1889 7281 9536 2857 3137 7130 1508 7320 5290 2318 4284 298 7263 1024 10028 7519 9764 361 7723 1209 6571 522 5655 8603 3678
7335 1081 4807 4862 487 3584 8801 8709 9645 729 3995 8374 8579 6628 2739 4904 2019 9762 3485 8696 5615 1936 3448 7498 8661 8293 7405 7368 2254 5737 1219 5871 5264 6565 5397 3718 8635 6745 2886 2623 7126 8985 8855 8367 7673 3548 2177 617 9291 7148 940 8811 3056 1726 4087 3808 9914 5066 8359 437 2542 6972 2243 1070 9895 8242 8194 3209 1676 1615 2412 4790 5525 8274 3804 2877 9412 1534 2044 673 6013 516 1218 736 9170 3690 1307 1432 6975 3821 8150 470 3217 4463 3932 5596 5945 7294 4306 961 1092 8454 9053 9601 7219 2040 4044 7699 8720 2763 8222 938 1740 8413 2518 6657 9076 7001 1105 8210 652 2874 2210 5762 6640 2134 8754 2784 4871 8794 4718 7890 7729 5842 8501 7788 4150 5413 1886 5341 3783 3200 9247 9473 1488 8379 1028 6157 4774 5052 2932 7137 1727 4539 1756 9477 2953 9357 3841 2291 1305 9742 5993 5728 3345 7800 8502 2691 8031 9710 4426 3249 9154 5844 480 9244 8595 9233 8236 1905 5840 723 5235 6503 1797 170 3242 1071 1658 8781 1828 7163 9603 9640 2090 9380 1066 3434 9564 7365
6099 2500 7159 1629 4721 5030 2364 5502 3201 9005 8676 1468 4054 2543 2885 5824 7505 5996 2978 2618 6960 2501 9332 6255 1021 90 6557 5094 6883 1329 877 3076 7117 1208 4201 8147 2319 8849 4286 4276 3353 7919 280 4725 5836 3845 2349 1303 7233 8321 8302 8742 4866 8496 10072 8443 4762 6900 4208 5172 5757 3454 3302 2108 8157 3876 8044 7034 9972 4159 2756 10185 3204 2535 2370 7241 9708 5747 5866 6647 9073 3546 1819 2667 4653 4413 1118 4245 5160 4147 6149 9593 208 115 4118 5750 5632 7070 5358 1204 1731 8346 6259 2229 5316 2266 1791 2589 8923 2896 8448 5453 6496 7765 8914 3202 4543 5597 3156 9548 1965 8641 7036 7378 1155 3554 8143 8808 1525 5074 5257 4299 3066 8456 9320 1341 7914 4952 3999 9246 7672 717 1935 3528 6951 985 4368 3743 4167 9375 2204 7540 10134 395 983 6937 601 3024 3638 1122 6419 2257 2652 10011 7231 1471 4889 5637 393 6265 4569 3317 118 2963 10079 1090 1495 7741 5035 8126 5206 10195 2830 7085 2145 8182 5309 5254 7716 9944 909 3617 7617 10005 5882 9615 8528 5693 4633 4627
8162 6909 6928 4071 7184 6504 8550 6001 2616 9915 4852 4484 9532 4999 6212 4680 633 9715 1132 4107 3683 4519 6428 727 3643 5584 4983 9322 3741 3464 2984 2258 5782 2833 9180 6959 1589 5625 6522 699 8971 3797 6864 5305 5130 7058 244 3499 312 822 2584 6527 8771 8568 4953 3441 7454 7342 5117 4732 9465 5543 9788 8158 9815 9496 9318 4565 2438 6012 3115 3670 6749 3229 5248 5173 2796 5534 4151 3547 8714 3178 7801 4757 415 6009 6773 2247 61 2545 4657 164 5490 3247 5801 1925 4098 3131 7354 7620 8912 5797 8675 4792 5481 2624 8482 4659 5387 6712 4867 10196 1949 3597 539 8434 8409 4352 592 5251 3773 6880 861 8241 4664 9270 3569 763 3534 5354 7033 2530 3041 6035 4137 7247 2569 6987 9865 9732 8497 3637 4362 5145 10052 7311 4461 8215 9544 931 7198 3266 4131 5242 1972 5812 3127 6214 8096 2256 7794 1630 3616 4417 9879 5717 4058 3268 7188 4162 7173 2063 2101 1520 5681 2839 2135 5658 6612 8920 1330 639 6835 4988 787 2112 4139 2719 6131 1818 8368 6078 806 9487 6363 7009 8461 4219 5549 3772
5191 2615 5362 970 3300 2927 4506 7743 10161 1304 1601 4918 1542 7441 86 9691 6516 10019 9808 2546 6867 8397 4876 318 2943 5041 719 2260 2635 4730 8560 8898 7419 7276 6453 3835 4963 2431 2157 9546 8612 1674 9248 6781 8814 63 7469 5654 5335 2377 9851 9331 9636 4677 1707 9726 4574 9791 7230 2036 8505 1806 5505 5119 4958 1285 2326 8136 3875 8252 2041 7075 7651 2076 257 6906 7525 8135 2323 7938 5838 1240 4244 4892 5647 8640 3526 7319 3919 8088 3725 5016 1427 866 1817 6322 4385 6485 2828 1082 6523 6105 7013 3522 7327 2156 518 594 5042 6646 4665 5998 5182 1371 8657 7575 3730 5371 1556 8300 1776 8265 7169 7649 631 8338 426 3929 7581 3109 1400 3136 3696 9657 4964 5348 7797 6954 3128 525 3291 5775 1642 8897 2042 4527 2952 9464 1370 3790 947 8373 448 9674 8085 3657 2531 5701 3693 1449 8185 1719 6461 7408 3237 2672 2926 2288 1418 8494 1537 3767 7490 9569 7733 5538 7905 1856 6542 8883 6206 8026 6456 6752 7016 2906 100 129 3753 1772 7976 10144 3820 2825 9426 7115 6283 1685 2395 3842
2365 3350 3973 1723 5275 2799 300 8168 1748 2740 5143 1438 6707 7621 7607 9919 7982 6071 430 9843 3931 5159 1815 4726 7095 2008 106 6825 3246 187 4426 3249 9154 5844 480 9244 8595 9233 8236 1905 5840 723 5235 6503 1797 2112 4139 2719 6131 1818 8368 6078 806 9487 6363 7009 8461 4219 5549 3772 5870 4806 10112 9627 2910 10131 2951 6828 571 2809 981 4251 4040 3909 752 9700 1048 5179 2593 138 4260 5510 1264 5817 2630 9913 5626 9206 1036 7613 4069 2561 7570 8946 4986 4502 3568 3332 8364 7694 510 5363 10030 6277 3207 3688 6062 6606 7678 7333 9962 4965 6385 3335 6401 8428 9007 7301 7674 1333 6648 9091 8133 4444 9690 4324 2792 3608 612 2637 2459 6132 1665 8589 8018 8956 9974 8698 9499 7777 1594 1236 5139 9032 5970 7780 9930 496 6786 1682 130 6472 2480 891 73 1551 590 3162 1259 9440 6085 7598 3593 5548 3151 2202 8968 4356 3531 6279 5007 8033 2621 6570 4343 5963 3436 9254 4383 965 2213 4705 6821 256 5417 8183 3800 7821 5617 1954 5922 4411 4471 7141 4366 2284 4277 8864 5080 7750
8469 2527 2001 7881 6288 5773 8741 4599 2267 6886 8192 2574 4084 4516 1785 3367 9650 8893 9126 128 1637 8530 7822 7026 7125 10002 3310 9055 8008 2390 4938 7005 2031 8905 4503 9034 3172 8385 3728 9725 8625 1544 4731 8512 6077 9245 8174 7496 9611 5532 74 6199 3368 8619 7491 5443 7453 7410 3160 8576 9271 1281 8562 2414 4606 2469 14 7429 4710 2862 7300 8458 64 9194 3752 1686 1811 1660 538 7937 7889 9200 3620 4510 2369 1131 1921 2933 8066 8782 252 3761 2598 4773 2208 9669 5909 4890 9408 10158 1602 10184 1574 2046 5751 2783 7643 646 9259 4194 8 6785 8882 7637 1441 9827 1952 4594 5849 9880 2748 5705 1540 2861 9713 8395 9323 5985 7345 7654 7022 2445 9378 9265 3374 850 1120 4067 3386 7109 7282 3427 10189 8261 5454 1722 4125 7870 2399 8127 3407 5729 4868 740 9393 1482 9610 9624 8453 3384 9433 1129 9260 7317 4034 7381 3796 2913 5541 7806 1951 689 3792 4645 4380 460 9286 2528 1007 4566 8510 730 8392 2895 2060 5820 7258 4445 1275 6291 6981 10004 4538 7494 1419 10123 9842 4477 7218 6408
6497 5355 1680 2137 648 6888 1214 1266 3864 2693 7578 8082 1624 3058 3758 8773 4839 2183 5668 9701 1889 7281 9536 2857 3137 7130 1508 7320 5290 2318 4569 3317 118 2963 10079 1090 1495 7741 5035 8126 5206 10195 2830 7085 2145 1803 7811 5291 4637 8872 6915 5064 6700 445 9659 4816 2228 1834 9026 1152 6833 634 348 3152 8639 8854 3031 6719 7877 4591 6634 9298 8793 5660 2437 6185 2004 7883 7471 7859 1475 109 7619 5613 5326 2413 4968 1678 6931 8343 7902 10045 1635 6868 7102 6169 3400 8933 4643 3486 912 8889 8615 5778 1434 2902 8426 2106 4318 695 2685 8378 7579 9730 3838 4448 10013 9869 5400 9162 5430 2082 5661 10149 2867 3669 6581 6163 6517 9249 5395 9521 3545 1388 8341 6942 8318 7891 1453 2525 1317 4053 2444 8806 6669 253 9705 499 7975 8884 9522 4755 4626 8474 4982 6238 8387 6360 10000 2729 7245 1121 5809 6347 677 6227 2826 3840 8048 2261 6114 3308 5791 6341 9481 1984 6113 581 5376 894 8366 323 1361 10118 2403 1736 8642 9458 6188 6795 5667 2007 2768 3062 28 1621 9236 6973 10012 9899
2149 6641 7711 1420 328 3509 6855 2668 10008 528 9060 7136 7246 6090 6397 3893 9683 4512 3331 548 4578 7042 5950 5903 7582 3770 8524 1768 5657 6643 1537 3767 7490 9569 7733 5538 7905 1856 6542 8883 6206 8026 6456 6752 7016 1736 8642 9458 6188 6795 5667 2007 2768 3062 28 1621 9236 6973 10012 9899 2259 4735 5162 2138 4781 2241 349 6094 3497 1053 2993 1035 9392 6945 1346 1546 8508 3636 7427 2613 4254 9836 2521 131 7770 3559 58 6696 6685 4737 5848 475 8820 5406 2144 9149 8069 2755 2638 9101 5614 893 1992 9093 5056 5545 7121 9882 9209 2096 2018 4614 8606 9430 8468 4334 1034 6198 332 310 9574 8043 2011 7248 5856 8235 7550 9226 5468 3035 5298 885 1189 502 6075 3824 7799 2959 7507 8498 5423 2583 5646 1084 4747 4443 8786 5194 8629 4278 2078 9142 418 7189 6673 5567 3962 3573 5897 8812 8418 4722 6843 3118 9711 6346 8529 3882 1492 704 3525 7844 8292 83 5239 1939 6096 1003 4149 5444 5552 9155 2634 193 9347 6014 9056 451 1098 2934 5233 8191 9223 3255 4269 7972 1350 9425 6117 720
3004 10036 2123 1461 235 3675 9684 6978 9072 6470 1042 6384 409 3288 635 9682 4745 4453 8776 6111 1403 4176 8414 385 7336 3426 5215 6508 8930 8947 6350 4423 309 8896 6122 6103 6092 9171 7660 8996 1269 8848 8542 3595 2816 5820 7258 4445 1275 6291 6981 10004 4538 7494 1419 10123 9842 4477 7218 6408 4085 8703 4394 1907 3793 2316 6015 9554 8668 1694 308 6607 5715 9173 4414 9212 8282 4609 8655 3634 1009 9616 1667 6264 9826 2647 3512 9727 9450 6041 1724 5997 9848 4717 4323 5228 8419 564 2028 7017 2313 4310 4797 8948 9365 2820 7562 734 3052 4879 1985 6845 3099 5853 6860 9136 6783 6498 3644 2302 5307 5763 1876 2944 8518 1745 1395 7784 2426 10168 7308 2575 8462 1435 7874 178 7608 6282 8618 7592 10153 7941 10107 6270 5892 1125 3465 1220 9401 9570 1286 6248 7977 279 8472 5691 6941 5947 3272 6595 570 3530 5859 2439 7147 8536 4793 7545 3924 8467 580 5690 9176 9448 7655 7875 4667 1561 4387 1225 765 8268 2836 772 3277 183 5708 5476 3857 2089 3878 5821 5978 1998 5917 7250 8807 2571 10062 4770
6123 8117 5098 8081 7092 5961 3706 8846 8865 5044 9844 2876 2278 4947 7929 4727 2670 1397 4192 4783 7528 7153 6813 895 4534 6135 7406 9506 5322 5086 7615 3038 6701 9110 2048 4723 3827 5141 4279 5731 2441 3756 9800 3908 4877 8239 8244 5144 6562 7272 9341 3552 1392 117 2817 4915 1089 32 1531 1966 4719 3394 1123 1127 1833 8860 3002 302 9290 2678 9360 7292 5449 8369 7588 1340 4798 1579 555 977 5151 4979 340 4767 7604 3836 4439 4128 2224 8821 7040 4923 8988 805 7503 8757 836 8850 3745 3976 7210 5475 3444 2051 5102 7576 5659 5520 3860 4701 6190 6538 3477 524 9470 3576 1046 4483 62 701 6313 5607 8610 1690 4293 2050 8533 5527 8680 5347 3232 9885 732 1289 3717 2366 9509 1328 446 3411 8763 9555 7457 9631 5168 2056 7807 5779 5546 660 2032 5396 8398 6393 7050 5627 7078 6153 9783 2191 899 7736 9370 4072 7108 1190 9654 4738 8325 6179 3823 8113 5507 8702 7647 9547 8937 2735 561 7772 8490 1860 9328 2499 449 9013 2507 6439 5060 10038 3894 1600 8809 3650 8060 8602 7338 2785 5186 8507
3923 5599 5237 1580 6625 1389 7771 1652 9385 3280 7956 700 9442 5604 3996 9577 7693 2921 3686 599 4309 8628 1661 5294 5652 6803 628 6235 2111 10065 4284 298 7263 1024 10028 7519 9764 361 7723 1209 6571 522 5655 8603 3678 5627 7078 6153 9783 2191 899 7736 9370 4072 7108 1190 9654 4738 8325 6179 3916 8859 5926 4785 10082 8983 8465 4275 6459 6540 2966 5585 8733 9776 2656 9253 5259 9439 7426 3422 6881 8301 3574 8681 6573 3727 4586 4396 6806 2661 3885 6515 4882 1316 3611 5419 1470 3877 926 9443 8871 8634 7019 5021 262 6544 5364 4158 4303 3947 287 8840 3299 4648 8077 512 5232 6413 227 7636 2190 4858 4993 6558 5711 7717 968 2884 6968 2931 3986 665 7389 3926 8356 5736 3532 3195 346 7088 10154 8984 2455 8995 8647 513 3046 2094 6854 8649 4631 3911 5932 9202 6353 4193 1201 9111 3757 2918 6929 7166 8178 4513 8251 987 9515 6366 7064 10167 2882 8710 2070 4878 9559 8163 6778 758 7044 9305 258 384 8565 5580 5123 8972 8677 8835 10132 6357 7322 9021 4605 6271 2547 9696 6317 5959 3884 10181
3157 1484 7979 6167 7746 2281 171 6627 9901 1148 173 8525 3870 6236 5968 7428 778 5022 5 3214 4177 400 289 6249 5108 6443 3685 2907 5940 2394 9874 782 9255 1703 8152 7290 626 9712 8853 4263 273 6934 2322 2400 9954 4895 7796 7737 8424 8829 1741 6272 3011 5012 1668 9471 7367 1406 4577 5630 7523 1157 4459 6526 8509 5670 7083 5995 2797 1364 1004 2408 6529 2972 9968 9419 7103 7913 9922 4256 9228 5245 360 7907 5208 3010 9811 2712 882 5854 10142 7952 2165 7346 3107 2912 1846 2079 5509 527 3750 1586 2898 4498 2510 4604 9451 1226 2154 7235 839 6411 6683 9961 10177 101 6395 3459 5783 10172 8218 2843 8478 1010 8539 774 5677 2411 9301 9427 7816 1339 7567 9014 4934 6615 1073 7740 1290 1479 1851 709 8713 6531 759 9612 5083 7388 6756 9229 9774 9641 2832 2599 5767 261 8266 2557 8534 2352 6716 7363 5962 7279 6136 6682 440 1855 5163 9277 936 6362 6195 2222 1431 9549 9139 1279 840 357 5480 2472 8248 7630 4994 542 1826 4127 69 7438 1231 4188 68 245 9359 7039 3279 9174 1002 6171
2034 8170 185 3658 2092 42 4670 9351 1326 2732 9819 6935 6568 6391 1711 1110 8724 7385 3235 5930 9184 5451 8376 9724 5048 8481 5766 6621 8259 2603 6148 7973 6650 5730 113 4045 2687 3223 1716 1136 1206 6904 10105 678 4205 6406 3322 9363 7812 7586 7373 8535 2679 957 9755 6448 1217 5835 5111 5640 4943 2903 6726 8936 4654 1987 3320 4032 2716 4408 285 8740 8104 9068 7151 4913 2225 7260 7880 7310 8176 3729 7858 9043 4043 9525 4339 2974 694 7622 4268 3395 2532 79 333 81 4540 5798 8225 7600 1920 7045 9156 4181 8254 1728 3378 9753 4025 8653 281 5153 1128 7697 7646 6767 5927 7340 3945 7120 7820 7786 8166 4799 7424 2697 8384 8190 7734 7353 345 682 6328 5511 4297 5568 2715 718 8402 2233 2649 519 566 2013 8772 3506 1550 5669 4711 1692 6208 3073 10162 1262 7616 3077 2320 1119 3989 9524 9990 3269 6672 8083 7932 7183 7393 9240 3489 135 3627 2677 3364 7023 6087 5337 4449 225 9623 8010 5706 2534 6063 1296 7781 9795 3065 9567 8336 2586 5865 1735 6838 3847 77 7216 8024 9678 2744 7532
8960 274 1986 8975 5981 6494 2640 6692 374 896 7947 1297 4547 10044 9781 7449 9431 4104 1170 641 4693 1898 679 8350 9397 3921 5989 2514 2563 5662 2335 8970 4266 9846 6004 8769 1331 7193 5324 4237 3349 5463 8558 9054 9765 5500 7238 2544 321 4020 3768 3206 8875 3323 3852 7479 6797 2305 7833 1062 7713 2136 9734 2020 793 4800 2372 8555 5553 8839 3941 7061 6142 3265 1379 8001 5759 7462 5873 8098 1180 3967 7360 3208 3389 7348 602 8204 7754 10165 824 7288 6436 6224 2298 5518 3949 176 7728 2432 2488 3297 6410 5574 7837 7901 2725 4766 6449 6500 7703 622 9310 7000 27 9575 7398 3896 9186 4397 4642 5340 7012 4272 4544 3132 7639 5719 8421 3 5070 7836 9264 146 182 4802 4140 6310 2502 5906 463 1743 6680 6798 10061 5725 10001 9339 2280 6442 801 5983 1013 1075 8014 9824 1787 1558 9452 7722 1996 8205 6315 3679 7228 9794 6705 1871 4431 1055 7011 2909 2533 8925 260 6662 9213 5863 3898 10043 4488 3987 3397 8659 2477 1515 355 2192 2955 4638 7803 9573 9389 750 7642 9528 613 5256 777 1657
1205 30 6651 6026 6555 6329 1541 6380 2979 1233 7565 6746 402 8328 464 1335 8046 8976 4940 6228 5361 2706 157 8758 217 8348 5122 9104 4810 4572 2107 10147 7564 5833 4108 8358 9740 7492 9942 6894 7611 3339 4476 3087 1196 3823 8113 5507 8702 7647 9547 8937 2735 561 7772 8490 1860 9328 2499 449 664 8730 3614 5918 3754 7451 37 5761 3164 6566 2497 6708 7924 6418 6889 1150 1444 767 7614 8684 10039 5966 6679 4812 8652 2025 9889 3560 8202 2481 2529 4386 2292 4438 7650 7143 3819 2890 6086 2485 7299 5023 1485 6829 432 3537 7763 5528 4361 4587 4775 7530 9956 3825 3342 9163 9097 6715 8826 8134 6761 477 4978 9371 3059 8442 8691 4872 6511 1409 3594 1112 4061 9854 9215 8739 9081 6440 4466 9946 474 9694 5869 8847 9921 859 7843 8499 1730 9926 3760 4715 2908 2887 6684 6924 5784 9697 1318 5964 2189 1310 2269 438 390 1068 6180 6144 1057 1812 6961 5132 5629 4152 4744 2029 1436 9862 4011 9035 5292 3625 9514 8129 5137 5270 3220 8732 9085 7298 8277 6644 1913 7792 7021 3577 4930 5987 7458 7895
9704 2654 4856 3740 8545 3420 3682 5049 9817 5288 22 5184 6435 5540 7418 4857 1779 2235 3344 9529 5551 3314 5636 6489 10141 6215 9733 9400 6872 2625 2964 3034 7998 6320 1267 3491 2378 6765 8175 1611 3666 8380 3001 296 5905 9595 956 3961 620 6055 8815 1796 7377 5643 4688 3170 9251 10163 1164 3803 8279 9557 7201 7573 5939 2329 8614 5099 10194 2104 3064 2865 6037 6769 3216 804 6369 1263 5043 9939 5115 3674 4129 6229 9829 1138 6018 151 4581 4504 4903 4388 9822 5106 8981 3579 4935 9295 10113 5804 2337 4039 5313 6365 2741 7953 6939 5068 3681 1603 2987 2212 7132 9977 8695 5620 4850 3702 8487 466 8040 67 7934 10121 4109 9127 4421 6205 979 7738 2131 5441 6252 2334 6799 3710 1523 8230 3449 8004 3271 2476 6118 4588 5727 1969 7817 8334 6204 6580 1916 2239 3542 2597 6244 9692 7601 8744 6720 3844 4290 1634 467 6424 3086 556 1368 2917 3513 1375 6969 5360 9628 8464 1165 8283 1613 5008 3529 2607 8645 7446 9437 6663 9039 7178 5456 2522 7825 4561 1433 7204 848 9667 659 9556 9888 6175 9766 36
4959 1478 4846 2494 4227 7680 4294 8412 1691 8722 992 4576 3922 5295 4046 3939 3443 7074 2462 3376 3692 676 7200 10003 7704 8990 6687 6170 2736 9910 170 3242 1071 1658 8781 1828 7163 9603 9640 2090 9380 1066 3434 9564 7365 9013 2507 6439 5060 10038 3894 1600 8809 3650 8060 8602 7338 2785 5186 8507 8455 5350 4223 6450 702 6355 9048 9106 6474 1366 334 9362 4883 2721 5982 4264 2703 6298 5633 4942 4221 1539 5734 3629 1567 4450 8035 5433 330 3651 4235 3281 1543 6444 6417 3563 9175 8523 212 3709 7605 6814 5874 575 1178 9586 6427 5125 9145 3130 8901 9630 5306 66 6187 5427 2922 9023 4033 3236 7991 9302 2713 7864 1490 9325 1646 1093 5739 6434 1104 5890 5674 5109 854 5027 8340 3849 2994 2015 6344 2158 1890 2505 3700 2023 452 6191 2860 3212 10155 8887 3697 3713 6268 4101 3005 2449 433 4169 9572 9877 2244 1911 6172 4344 4056 5217 9596 606 3228 6067 2052 7262 9663 3147 9943 4873 6335 3556 4206 3550 6069 380 7361 811 7560 5302 6499 495 5686 4296 2373 5148 1981 7775 2684 6165 10173 6923
8417 5616 6952 9605 377 707 6695 2834 166 5810 3812 596 3984 5942 8297 6703 1809 7048 4847 8861 9950 9100 820 7337 3102 1229 3106 3872 8694 9947 8182 5309 5254 7716 9944 909 3617 7617 10005 5882 9615 8528 5693 4633 4627 2906 100 129 3753 1772 7976 10144 3820 2825 9426 7115 6283 1685 2395 3842 9823 6057 6025 6054 2737 8596 1483 7205 8928 5678 8828 3561 3100 5941 205 6269 5280 4172 4922 7358 4160 627 4132 8155 9065 6213 9996 6339 9784 1496 5174 3848 8130 3571 1750 10037 1766 6810 8291 1171 4997 6541 2226 9906 1593 9754 8105 7904 8650 3661 8295 2240 4678 6898 8790 1786 5448 1933 8193 7782 5493 6309 5147 781 4615 7539 9488 1044 237 5523 1253 9801 8881 6140 1577 3543 4771 6997 5246 9168 4018 172 514 9182 2397 10136 6671 7031 7357 9368 7397 6996 5814 2576 6654 4728 760 9049 488 574 4250 649 8045 5671 230 3286 9134 8013 996 2769 7073 7720 8690 9552 1314 828 9483 2285 1582 713 1203 2875 6751 1167 7908 5603 4713 10015 8240 1074 8559 441 3183 10057 9965 2221 6088 3177 5265 9115
9929 3818 1932 3190 8429 8700 7271 6292 9648 8234 4833 4568 9166 10060 4078 7461 6819 6940 5880 3143 3915 10096 10145 6932 4136 498 6561 4229 8904 7551 152 1410 5710 1909 3586 8349 5904 1100 7827 2695 2842 1378 4163 4185 8824 1515 355 2192 2955 4638 7803 9573 9389 750 7642 9528 613 5256 777 1657 3828 1194 9207 3726 7943 2801 422 7100 8148 5190 4869 7999 6151 3810 7236 8932 8111 9214 914 3176 2127 411 51 1416 7028 4083 92 6133 8903 7593 10115 935 2710 2990 1770 8869 8637 9036 9527 9986 5753 6859 6524 5255 5935 3019 5590 1919 5039 6399 501 7657 1353 4553 6156 401 7176 4079 5241 3470 973 8516 7555 4788 1552 7921 8435 1175 4991 134 9728 9606 6058 9143 9312 1173 8955 10191 5744 4489 5933 1256 1565 4089 1019 2199 9936 997 4215 7676 4184 4950 2592 1737 832 1161 3874 2724 7082 10029 8756 7456 7404 1382 4289 4768 5388 2570 6766 4787 2195 725 6225 6563 10026 4673 2309 8916 4026 72 16 1113 5118 6441 7915 7068 2986 4457 847 1099 4402 9653 9098 10081 8704 8791 3630 4375 1516 6051
