11 4 20 9 38 41 21 17 34 10 14 25 8 44 29 48 12 23 13 15 43 35 42 16 47 7 24 27 45 33 22 18 32 39 28 49 2 46 3 1 36 37 26 50 30 19 6 40 5 31
47 57 62 59 61 69 76 66 64 50 74 93 48 94 53 58 55 68 86 49 63 51 79 87 71 85 56 95 78 73 77 52 46 83 92 60 67 70 88 75 82 89 72 84 65 54 90 81 80 91
100 109 138 95 114 133 126 102 103 136 121 91 106 127 111 108 113 119 115 93 105 92 110 137 94 98 117 131 135 97 129 116 123 124 128 134 122 96 120 99 139 118 101 125 130 104 140 132 107 112
139 179 169 184 150 164 152 155 142 159 137 167 171 147 161 181 144 163 172 154 174 168 151 136 175 180 143 160 138 170 140 165 149 146 185 158 183 176 145 157 182 178 141 153 173 156 177 148 162 166
207 224 222 230 195 200 196 198 186 183 201 226 203 187 221 184 185 223 202 182 189 210 212 220 209 228 199 192 211 194 206 197 213 190 205 229 217 215 214 181 188 216 227 193 218 225 204 208 191 219
265 272 242 231 228 232 260 251 246 236 233 274 262 254 267 237 248 241 261 247 239 226 271 275 240 229 252 235 270 256 268 258 245 244 269 255 273 243 253 234 250 264 238 263 259 249 257 266 227 230
285 272 295 318 277 316 284 288 303 275 302 296 299 300 305 291 292 287 308 313 307 320 311 319 314 289 315 298 286 301 274 276 273 290 283 304 282 306 280 297 293 281 312 279 317 310 271 309 278 294
327 364 353 358 342 341 328 333 361 362 344 350 324 318 363 359 317 355 354 338 348 336 331 323 334 325 326 356 332 343 320 316 360 335 337 322 351 357 319 352 340 339 349 330 365 345 329 347 346 321
399 386 383 405 379 374 395 400 402 406 382 372 361 384 369 410 407 401 367 385 362 396 373 397 409 403 377 387 404 394 392 381 389 363 388 390 391 393 408 365 376 378 375 364 366 370 398 380 371 368
418 438 432 408 442 411 417 431 420 443 440 448 450 412 437 416 415 439 428 407 453 419 409 444 441 406 422 449 454 413 414 451 430 410 426 452 436 434 445 424 446 423 433 435 429 425 421 447 427 455
496 466 468 484 460 491 458 489 472 478 457 452 480 451 464 470 498 497 471 483 474 467 477 479 482 494 459 454 473 493 486 453 488 475 476 462 499 485 456 487 481 461 490 500 463 492 465 495 455 469
540 516 502 509 543 523 533 522 501 515 519 496 536 530 529 510 500 503 524 508 532 528 538 521 497 505 525 517 542 535 537 541 499 539 527 512 531 544 507 504 534 526 518 520 513 545 498 514 506 511
554 574 541 558 573 542 544 588 570 546 568 575 565 569 562 580 571 567 585 589 572 586 548 587 561 590 557 579 560 559 564 551 581 556 543 577 563 555 547 584 553 549 566 550 552 578 583 545 576 582
605 633 596 622 619 606 607 621 617 589 628 586 625 612 618 631 601 592 634 597 626 616 635 603 609 590 629 595 624 588 600 611 613 614 610 593 632 627 608 591 594 602 587 598 623 599 604 630 615 620
666 639 662 637 631 674 652 644 658 669 678 665 646 643 671 636 659 633 638 641 653 650 634 645 661 664 670 676 667 657 647 673 680 648 654 660 632 668 651 656 679 675 635 655 663 640 672 642 649 677
720 687 718 700 717 702 691 706 723 705 725 715 722 701 690 694 716 677 699 697 683 684 680 685 692 724 719 707 678 688 679 689 693 710 704 712 703 711 696 676 682 714 686 709 681 713 721 698 708 695
765 764 747 761 757 734 751 759 744 763 738 722 727 746 752 756 726 758 753 732 768 725 750 770 741 748 745 743 740 735 766 721 749 767 762 730 754 755 733 724 769 737 728 760 731 736 742 723 729 739
801 775 795 798 794 783 773 792 810 787 778 814 766 780 782 797 806 777 784 800 802 796 808 771 781 788 813 768 815 793 770 774 779 804 769 767 812 811 790 809 789 776 791 772 785 803 799 786 807 805
841 849 825 837 835 836 852 856 860 830 819 832 840 821 833 813 820 816 824 853 814 811 826 851 859 831 848 857 855 858 854 839 846 843 822 823 844 828 838 845 847 850 815 812 827 818 834 817 842 829
905 868 865 885 876 862 904 864 866 879 899 881 894 858 902 877 901 896 886 870 892 857 900 893 898 860 878 872 875 884 859 861 903 897 883 890 882 873 888 891 895 880 867 887 874 863 856 871 889 869
947 948 934 941 937 942 935 946 933 905 923 906 919 920 910 936 927 908 909 940 930 911 915 929 913 944 903 918 901 904 938 945 950 914 928 917 921 902 932 922 931 925 924 949 912 926 907 943 939 916
953 975 991 967 957 964 955 986 951 962 950 969 982 992 968 960 987 952 971 981 983 947 989 976 958 956 985 990 974 978 972 966 959 988 963 946 970 993 995 979 977 949 994 973 980 984 961 948 954 965
1019 1027 992 1000 1030 1016 1038 1025 998 994 1036 1001 1037 1015 1008 1032 1024 1020 1002 1005 1009 1007 1029 1012 1022 1034 1011 1039 997 996 1010 993 1035 1004 1040 1033 1013 1023 1014 1028 1018 1021 991 1006 1031 1003 999 995 1017 1026
1068 1054 1062 1061 1069 1039 1057 1074 1079 1076 1080 1084 1078 1038 1059 1045 1071 1048 1055 1043 1064 1044 1082 1060 1083 1056 1036 1063 1081 1047 1070 1041 1066 1046 1065 1058 1037 1075 1077 1040 1067 1049 1072 1051 1042 1073 1050 1053 1085 1052
1095 1115 1124 1117 1088 1125 1113 1112 1105 1083 1099 1094 1114 1130 1102 1104 1121 1129 1092 1111 1081 1082 1096 1116 1110 1084 1101 1108 1122 1089 1093 1107 1120 1128 1103 1119 1085 1127 1086 1109 1090 1097 1126 1106 1123 1118 1087 1100 1098 1091
1158 1169 1136 1134 1132 1171 1173 1128 1152 1157 1160 1143 1142 1161 1166 1156 1146 1145 1163 1151 1167 1154 1129 1137 1135 1141 1148 1164 1133 1127 1126 1159 1139 1149 1168 1150 1170 1153 1165 1172 1131 1162 1130 1175 1140 1144 1174 1138 1155 1147
1201 1182 1179 1207 1181 1186 1175 1218 1199 1198 1205 1211 1177 1202 1212 1194 1184 1215 1219 1188 1220 1208 1172 1193 1195 1178 1213 1183 1200 1192 1174 1189 1210 1180 1176 1216 1190 1209 1217 1196 1204 1171 1197 1191 1214 1173 1187 1203 1206 1185
1232 1240 1235 1265 1262 1261 1249 1239 1219 1245 1223 1230 1225 1252 1231 1237 1238 1259 1250 1241 1226 1263 1256 1218 1224 1260 1244 1222 1220 1264 1227 1251 1228 1253 1217 1229 1243 1257 1254 1246 1248 1236 1242 1258 1216 1221 1233 1247 1234 1255
1275 1309 1286 1305 1264 1278 1295 1261 1281 1308 1303 1268 1290 1297 1280 1306 1301 1299 1274 1304 1289 1272 1271 1298 1291 1273 1270 1267 1282 1302 1287 1307 1300 1277 1292 1285 1265 1284 1276 1266 1262 1283 1263 1294 1310 1269 1293 1296 1288 1279
1344 1316 1324 1349 1312 1325 1341 1307 1350 1327 1355 1331 1319 1314 1352 1330 1338 1347 1322 1309 1332 1340 1315 1323 1313 1335 1353 1354 1318 1329 1310 1339 1336 1308 1326 1342 1320 1311 1348 1351 1321 1317 1346 1343 1337 1345 1333 1334 1328 1306
1399 1394 1400 1378 1380 1362 1381 1397 1372 1356 1385 1361 1392 1382 1359 1352 1393 1390 1374 1370 1389 1358 1384 1388 1367 1357 1360 1364 1396 1391 1354 1355 1383 1387 1366 1398 1353 1373 1386 1363 1375 1369 1351 1395 1377 1379 1376 1365 1368 1371
1429 1411 1418 1427 1405 1440 1407 1425 1413 1432 1415 1410 1437 1397 1399 1420 1414 1433 1431 1444 1419 1422 1398 1436 1406 1404 1400 1409 1426 1443 1416 1396 1403 1430 1421 1423 1424 1442 1441 1439 1434 1408 1438 1402 1417 1412 1435 1445 1428 1401
1463 1451 1480 1476 1482 1456 1468 1441 1489 1443 1447 1445 1479 1467 1469 1472 1450 1461 1471 1446 1444 1454 1475 1458 1487 1462 1448 1452 1465 1449 1470 1466 1481 1464 1457 1488 1473 1455 1484 1460 1490 1474 1442 1459 1483 1453 1477 1485 1478 1486
1532 1533 1498 1518 1517 1493 1502 1525 1531 1535 1516 1522 1503 1489 1488 1501 1487 1519 1521 1499 1496 1507 1513 1495 1494 1523 1510 1506 1509 1511 1526 1528 1515 1486 1500 1490 1524 1497 1534 1491 1514 1529 1527 1505 1512 1508 1504 1492 1530 1520
1580 1553 1555 1562 1577 1534 1552 1578 1551 1559 1573 1550 1560 1545 1539 1575 1564 1563 1556 1537 1542 1549 1546 1554 1533 1579 1576 1568 1532 1538 1540 1548 1536 1535 1544 1543 1541 1566 1567 1570 1574 1557 1547 1565 1571 1531 1558 1569 1561 1572
1609 1595 1581 1623 1622 1607 1601 1596 1610 1613 1593 1617 1620 1594 1611 1582 1578 1604 1618 1597 1624 1585 1587 1619 1621 1614 1580 1615 1583 1592 1584 1579 1591 1606 1576 1589 1600 1625 1577 1603 1586 1616 1602 1605 1588 1599 1612 1590 1608 1598
1648 1635 1628 1626 1638 1639 1645 1661 1662 1629 1646 1634 1651 1624 1654 1643 1652 1642 1664 1655 1631 1666 1670 1665 1627 1650 1647 1637 1640 1632 1656 1630 1657 1663 1636 1653 1669 1644 1659 1658 1668 1649 1660 1625 1621 1623 1667 1633 1641 1622
1705 1700 1681 1701 1678 1682 1677 1670 1710 1689 1676 1699 1694 1708 1697 1703 1668 1713 1684 1696 1715 1687 1669 1712 1686 1698 1679 1690 1667 1688 1666 1707 1704 1709 1675 1706 1714 1692 1672 1691 1674 1683 1695 1711 1671 1702 1680 1685 1673 1693
1712 1720 1733 1715 1723 1722 1721 1732 1756 1746 1714 1759 1735 1713 1731 1760 1742 1755 1753 1736 1751 1748 1739 1718 1738 1728 1752 1717 1737 1716 1725 1745 1741 1744 1719 1754 1724 1729 1750 1727 1758 1743 1747 1711 1734 1757 1730 1726 1749 1740
1780 1778 1775 1760 1781 1765 1762 1799 1787 1798 1770 1783 1769 1796 1782 1763 1794 1764 1795 1768 1773 1804 1802 1777 1756 1759 1761 1792 1772 1788 1766 1791 1793 1801 1784 1789 1779 1767 1786 1800 1776 1805 1774 1785 1771 1758 1757 1803 1790 1797
1836 1830 1833 1822 1817 1812 1850 1842 1801 1843 1825 1819 1838 1818 1823 1844 1835 1841 1840 1845 1806 1832 1846 1821 1849 1824 1808 1826 1813 1839 1829 1807 1827 1820 1848 1828 1814 1834 1816 1847 1809 1831 1805 1810 1815 1837 1802 1803 1804 1811
1889 1890 1881 1853 1893 1868 1855 1888 1895 1891 1869 1887 1863 1847 1857 1860 1861 1858 1859 1856 1883 1852 1851 1866 1846 1879 1886 1854 1848 1894 1880 1885 1876 1882 1850 1878 1865 1892 1874 1884 1870 1873 1871 1872 1877 1867 1875 1862 1864 1849
1934 1913 1918 1927 1900 1912 1931 1895 1937 1907 1914 1936 1922 1929 1894 1928 1933 1906 1935 1903 1910 1916 1923 1901 1917 1905 1919 1939 1902 1930 1911 1915 1932 1899 1938 1920 1898 1909 1897 1892 1926 1908 1940 1924 1896 1921 1925 1904 1893 1891
1952 1983 1942 1975 1961 1978 1962 1976 1971 1980 1954 1941 1937 1947 1968 1977 1966 1956 1943 1964 1955 1939 1957 1967 1949 1958 1950 1973 1951 1982 1940 1972 1948 1945 1936 1960 1953 1938 1974 1985 1969 1981 1979 1959 1963 1944 1965 1984 1970 1946
1983 1996 2026 2007 1997 2016 2013 1991 2009 1988 2011 2023 1986 2024 2002 1992 2022 1987 2015 2029 1999 2012 2010 2008 2027 1982 2030 2014 2025 1994 2028 2021 2017 1998 1993 2005 1981 2020 1989 1995 1990 2004 2003 1985 2001 1984 2019 2006 2018 2000
2032 2050 2034 2055 2075 2027 2031 2046 2029 2048 2040 2041 2051 2058 2042 2045 2026 2044 2062 2065 2039 2038 2064 2073 2056 2061 2033 2066 2035 2043 2063 2049 2068 2057 2067 2070 2074 2060 2037 2036 2054 2047 2069 2052 2059 2030 2072 2053 2071 2028
2118 2092 2083 2100 2115 2103 2072 2077 2120 2105 2094 2101 2114 2102 2087 2088 2099 2093 2096 2107 2089 2117 2082 2075 2081 2090 2095 2079 2085 2109 2071 2119 2080 2110 2078 2112 2116 2108 2097 2076 2074 2104 2098 2113 2084 2073 2106 2086 2091 2111
2126 2151 2128 2136 2158 2147 2155 2138 2163 2123 2142 2124 2116 2133 2148 2117 2118 2134 2122 2164 2165 2120 2154 2153 2132 2143 2141 2127 2162 2161 2144 2160 2130 2149 2145 2129 2152 2140 2156 2121 2157 2150 2131 2137 2135 2159 2146 2119 2125 2139
2162 2176 2190 2203 2188 2198 2171 2197 2168 2179 2181 2169 2180 2186 2202 2185 2193 2170 2210 2175 2184 2172 2178 2194 2199 2192 2205 2207 2208 2187 2174 2204 2163 2161 2200 2195 2164 2183 2167 2166 2182 2201 2206 2209 2165 2189 2177 2173 2196 2191
2207 2228 2252 2243 2249 2232 2213 2253 2233 2236 2218 2208 2229 2206 2250 2237 2247 2230 2245 2244 2222 2210 2248 2238 2226 2216 2246 2215 2225 2254 2240 2235 2227 2255 2242 2219 2231 2241 2239 2220 2217 2214 2221 2209 2223 2212 2211 2251 2234 2224
2258 2277 2281 2275 2270 2265 2260 2286 2251 2284 2274 2269 2254 2293 2295 2263 2259 2255 2300 2257 2266 2294 2290 2276 2272 2278 2285 2264 2289 2283 2299 2268 2273 2298 2288 2297 2261 2256 2271 2279 2282 2253 2292 2280 2252 2267 2291 2262 2287 2296
2319 2322 2304 2333 2308 2337 2341 2315 2324 2342 2328 2327 2311 2312 2332 2302 2313 2310 2330 2344 2307 2314 2340 2316 2343 2331 2335 2301 2296 2329 2297 2345 2323 2334 2339 2299 2318 2298 2325 2317 2306 2336 2300 2321 2338 2326 2305 2320 2309 2303
2357 2386 2372 2352 2341 2377 2344 2361 2384 2380 2351 2358 2375 2369 2382 2349 2376 2363 2359 2356 2378 2350 2370 2347 2368 2373 2379 2354 2346 2364 2365 2353 2385 2360 2345 2348 2390 2389 2381 2383 2343 2342 2362 2367 2387 2374 2355 2371 2366 2388
2401 2429 2395 2423 2397 2405 2420 2409 2424 2414 2406 2432 2419 2396 2411 2399 2426 2404 2390 2402 2386 2408 2392 2410 2435 2433 2387 2403 2398 2415 2417 2421 2430 2389 2422 2427 2425 2416 2428 2434 2391 2394 2431 2412 2388 2413 2393 2400 2407 2418
2439 2441 2455 2478 2436 2435 2450 2442 2463 2473 2467 2448 2460 2447 2472 2462 2461 2475 2479 2454 2443 2453 2452 2469 2444 2468 2434 2474 2480 2457 2449 2433 2451 2432 2470 2471 2437 2476 2440 2431 2464 2445 2438 2477 2456 2446 2459 2458 2465 2466
2500 2512 2496 2492 2488 2502 2494 2525 2498 2487 2505 2506 2517 2481 2509 2499 2513 2497 2522 2501 2524 2495 2486 2484 2482 2491 2519 2503 2515 2476 2483 2520 2514 2508 2523 2479 2510 2516 2489 2504 2478 2477 2511 2485 2521 2507 2518 2493 2480 2490
2569 2540 2537 2550 2549 2542 2559 2530 2565 2539 2536 2531 2555 2532 2543 2552 2554 2535 2521 2561 2562 2538 2570 2566 2533 2526 2545 2563 2522 2553 2548 2544 2558 2525 2567 2523 2524 2534 2560 2551 2564 2527 2547 2528 2556 2529 2546 2568 2557 2541
2596 2590 2610 2573 2583 2611 2567 2605 2600 2598 2609 2591 2570 2568 2585 2575 2604 2592 2589 2580 2578 2584 2576 2597 2577 2603 2566 2613 2607 2594 2615 2588 2612 2614 2579 2599 2608 2572 2574 2586 2569 2571 2582 2595 2581 2601 2593 2606 2587 2602
2638 2651 2628 2640 2632 2641 2645 2616 2646 2617 2647 2650 2619 2623 2631 2653 2652 2621 2625 2642 2644 2655 2611 2654 2630 2620 2657 2633 2639 2626 2613 2615 2624 2612 2659 2656 2627 2614 2635 2637 2660 2649 2636 2643 2618 2648 2658 2634 2629 2622
2683 2671 2665 2670 2678 2704 2682 2701 2702 2664 2688 2697 2694 2699 2657 2690 2658 2691 2677 2673 2687 2703 2679 2676 2700 2656 2674 2681 2685 2695 2668 2666 2675 2669 2684 2692 2661 2696 2659 2660 2705 2663 2686 2672 2689 2680 2698 2667 2662 2693
2731 2735 2710 2747 2740 2749 2720 2704 2746 2738 2711 2719 2734 2730 2745 2701 2716 2748 2723 2713 2709 2736 2737 2708 2741 2728 2714 2729 2722 2718 2739 2717 2732 2706 2712 2727 2705 2733 2715 2724 2721 2726 2702 2744 2707 2743 2742 2703 2725 2750
2791 2785 2763 2770 2757 2788 2764 2753 2772 2749 2789 2778 2765 2771 2755 2761 2790 2760 2756 2795 2752 2746 2783 2766 2775 2786 2769 2794 2773 2781 2784 2768 2793 2750 2780 2751 2748 2774 2787 2767 2754 2747 2759 2776 2779 2782 2777 2762 2758 2792
2801 2794 2825 2829 2793 2820 2837 2810 2811 2792 2814 2839 2812 2826 2828 2809 2821 2807 2818 2822 2835 2808 2815 2802 2791 2833 2800 2819 2840 2805 2795 2824 2797 2832 2823 2834 2816 2831 2796 2804 2836 2830 2799 2817 2806 2798 2803 2813 2838 2827
2846 2860 2883 2845 2876 2849 2853 2862 2870 2858 2836 2885 2863 2879 2844 2843 2867 2852 2868 2855 2864 2851 2859 2838 2881 2865 2842 2847 2871 2837 2839 2882 2873 2861 2869 2880 2850 2874 2878 2841 2848 2854 2840 2856 2857 2877 2884 2875 2866 2872
2882 2891 2910 2893 2896 2883 2909 2886 2905 2887 2889 2929 2902 2919 2885 2913 2918 2898 2888 2927 2928 2922 2930 2897 2890 2906 2923 2926 2916 2917 2904 2901 2903 2900 2925 2914 2892 2921 2895 2899 2912 2884 2908 2924 2911 2894 2907 2915 2881 2920
2940 2937 2954 2936 2933 2929 2967 2944 2930 2965 2972 2943 2934 2956 2935 2926 2958 2951 2942 2948 2961 2970 2957 2968 2953 2928 2945 2971 2938 2955 2947 2973 2969 2946 2950 2939 2960 2963 2941 2975 2966 2931 2974 2952 2927 2964 2949 2932 2962 2959
2990 2995 3020 2996 2983 2992 2988 2972 3014 2980 3018 2994 2989 3008 3015 2991 3011 3012 2987 2993 2998 3002 2973 3017 3003 3007 2978 3001 2985 3009 2979 2986 3010 3006 2999 3000 3013 2971 2976 2975 2977 2997 3019 2984 2974 2982 3004 3005 3016 2981
3024 3028 3016 3046 3026 3058 3043 3065 3056 3020 3032 3052 3062 3029 3057 3049 3038 3061 3022 3064 3035 3039 3027 3044 3050 3053 3047 3037 3048 3051 3018 3019 3030 3021 3036 3034 3055 3017 3063 3045 3042 3059 3041 3031 3025 3040 3060 3054 3033 3023
3066 3102 3076 3083 3078 3088 3106 3087 3103 3085 3064 3097 3081 3072 3068 3075 3093 3104 3080 3105 3101 3084 3070 3086 3098 3077 3079 3082 3090 3092 3071 3107 3063 3110 3061 3091 3065 3089 3095 3062 3099 3074 3069 3096 3108 3094 3067 3100 3109 3073
3112 3149 3106 3132 3147 3110 3124 3129 3111 3136 3118 3145 3115 3133 3154 3121 3139 3142 3150 3134 3137 3119 3146 3140 3143 3123 3108 3127 3144 3128 3117 3152 3113 3125 3131 3141 3109 3114 3107 3120 3126 3116 3151 3138 3148 3122 3153 3130 3155 3135
3190 3186 3172 3181 3166 3154 3196 3164 3191 3159 3193 3187 3189 3177 3155 3192 3170 3188 3176 3167 3184 3160 3197 3165 3178 3168 3173 3195 3183 3162 3185 3175 3194 3156 3151 3179 3161 3152 3157 3163 3169 3158 3174 3199 3153 3182 3180 3171 3200 3198
3220 3227 3228 3240 3196 3211 3210 3206 3225 3234 3242 3237 3223 3215 3213 3209 3205 3233 3238 3244 3224 3245 3222 3212 3207 3197 3231 3200 3216 3208 3243 3230 3232 3214 3218 3203 3239 3236 3204 3219 3217 3199 3226 3241 3221 3202 3235 3198 3201 3229
3243 3247 3266 3281 3275 3280 3255 3244 3265 3273 3251 3264 3272 3256 3267 3274 3282 3285 3253 3287 3268 3278 3250 3258 3257 3259 3277 3249 3270 3283 3286 3261 3260 3252 3263 3276 3246 3254 3271 3288 3289 3248 3242 3279 3262 3269 3284 3290 3245 3241
3311 3294 3315 3288 3306 3292 3322 3287 3323 3286 3295 3293 3300 3290 3316 3298 3312 3299 3301 3317 3330 3302 3303 3296 3327 3326 3289 3321 3328 3334 3307 3310 3318 3309 3332 3297 3305 3308 3314 3291 3325 3333 3324 3319 3329 3331 3304 3320 3335 3313
3340 3359 3345 3355 3342 3337 3380 3347 3375 3370 3348 3336 3341 3365 3338 3351 3339 3376 3331 3354 3367 3364 3343 3371 3362 3363 3335 3334 3366 3361 3358 3332 3379 3346 3344 3368 3369 3333 3373 3360 3357 3377 3353 3374 3372 3350 3352 3378 3349 3356
3409 3398 3392 3396 3394 3400 3420 3395 3425 3382 3415 3411 3381 3384 3403 3397 3406 3416 3380 3405 3407 3386 3423 3404 3412 3421 3379 3424 3378 3390 3391 3401 3388 3410 3414 3389 3418 3383 3385 3408 3419 3377 3376 3393 3387 3399 3417 3402 3422 3413
3430 3425 3460 3458 3447 3457 3468 3455 3423 3422 3426 3435 3444 3456 3446 3452 3463 3445 3465 3437 3440 3427 3459 3464 3432 3431 3461 3434 3451 3424 3453 3443 3429 3450 3428 3433 3466 3470 3436 3441 3442 3448 3462 3421 3467 3449 3469 3454 3439 3438
3481 3488 3475 3491 3495 3474 3492 3467 3506 3487 3489 3484 3473 3513 3496 3508 3482 3490 3515 3498 3478 3504 3468 3485 3466 3512 3510 3472 3499 3511 3494 3493 3477 3501 3505 3486 3507 3500 3502 3480 3509 3514 3470 3479 3503 3497 3476 3469 3471 3483
3551 3528 3529 3557 3532 3512 3513 3516 3550 3553 3554 3555 3517 3543 3518 3540 3534 3559 3526 3527 3547 3542 3533 3531 3511 3538 3541 3530 3525 3556 3520 3552 3535 3549 3524 3560 3522 3539 3558 3545 3536 3544 3521 3515 3548 3519 3514 3523 3546 3537
3586 3575 3597 3595 3579 3567 3583 3574 3570 3589 3582 3590 3571 3594 3603 3559 3580 3598 3600 3596 3568 3585 3557 3561 3581 3577 3564 3573 3562 3605 3592 3591 3601 3604 3560 3578 3566 3599 3558 3584 3576 3563 3569 3587 3602 3565 3572 3556 3593 3588
3639 3621 3647 3634 3610 3623 3613 3627 3608 3628 3602 3641 3625 3636 3642 3609 3604 3637 3622 3619 3611 3601 3640 3603 3645 3617 3646 3616 3631 3624 3607 3630 3643 3605 3615 3638 3606 3618 3614 3650 3633 3644 3649 3620 3635 3632 3629 3626 3648 3612
3677 3660 3649 3690 3691 3692 3669 3664 3668 3682 3661 3663 3657 3689 3685 3678 3672 3647 3650 3675 3694 3665 3687 3655 3681 3654 3648 3666 3659 3693 3688 3686 3653 3652 3679 3656 3651 3684 3674 3673 3695 3683 3680 3671 3670 3676 3667 3662 3658 3646
3712 3734 3700 3721 3718 3705 3714 3717 3709 3706 3708 3728 3703 3702 3729 3720 3692 3711 3698 3701 3723 3732 3710 3697 3719 3740 3724 3699 3696 3731 3713 3715 3695 3694 3739 3737 3704 3693 3725 3691 3707 3738 3736 3726 3716 3735 3733 3722 3727 3730
3772 3773 3783 3782 3760 3776 3746 3737 3785 3753 3778 3747 3769 3744 3741 3766 3775 3781 3758 3755 3736 3749 3784 3763 3774 3757 3756 3761 3779 3751 3771 3762 3745 3770 3752 3742 3738 3759 3768 3743 3777 3764 3765 3767 3780 3739 3748 3750 3754 3740
3827 3806 3785 3800 3782 3781 3813 3783 3799 3812 3794 3808 3795 3811 3802 3818 3823 3790 3791 3822 3817 3796 3825 3803 3797 3820 3786 3805 3816 3788 3828 3807 3819 3830 3804 3801 3824 3814 3784 3798 3793 3829 3787 3809 3810 3815 3826 3789 3821 3792
3872 3829 3826 3869 3854 3842 3868 3850 3847 3866 3860 3838 3851 3840 3858 3832 3843 3828 3875 3863 3846 3853 3857 3841 3837 3836 3871 3861 3839 3865 3874 3849 3827 3848 3864 3830 3855 3834 3870 3833 3856 3862 3852 3835 3845 3867 3859 3831 3844 3873
3899 3916 3918 3920 3887 3903 3894 3880 3895 3902 3877 3882 3893 3906 3878 3911 3910 3892 3913 3871 3909 3890 3891 3879 3897 3889 3917 3915 3912 3885 3919 3888 3904 3873 3907 3875 3905 3872 3874 3896 3900 3884 3876 3908 3881 3914 3886 3901 3883 3898
3922 3948 3930 3942 3965 3920 3924 3936 3925 3953 3919 3937 3928 3955 3956 3929 3952 3951 3961 3918 3941 3943 3926 3944 3949 3958 3947 3932 3963 3927 3946 3940 3917 3933 3921 3957 3945 3916 3954 3950 3959 3935 3931 3934 3962 3923 3960 3938 3964 3939
3993 3978 4001 3969 4005 3967 3984 3964 3979 4009 3962 4000 3972 4006 3977 3989 3980 3965 3985 3971 3961 4007 3983 3963 3986 4004 3997 3994 3975 4008 3999 3988 3987 3982 4003 3995 3966 3981 3990 3973 3992 4002 3998 3974 3996 3970 3991 3976 4010 3968
4034 4050 4043 4033 4047 4020 4011 4007 4038 4045 4032 4039 4042 4054 4030 4008 4023 4016 4019 4015 4018 4010 4012 4031 4037 4052 4048 4046 4049 4022 4025 4013 4014 4006 4036 4026 4024 4009 4021 4044 4035 4029 4040 4053 4055 4041 4028 4027 4051 4017
4055 4090 4052 4061 4051 4097 4096 4060 4081 4084 4091 4099 4070 4076 4100 4080 4087 4059 4074 4073 4056 4085 4086 4062 4095 4067 4071 4089 4053 4066 4083 4054 4057 4078 4064 4075 4063 4077 4088 4068 4098 4072 4094 4092 4065 4079 4069 4082 4058 4093
4141 4118 4137 4098 4122 4120 4131 4113 4126 4110 4114 4103 4140 4116 4105 4106 4129 4133 4107 4111 4121 4139 4115 4109 4097 4130 4135 4145 4100 4143 4099 4123 4117 4136 4127 4125 4108 4119 4142 4104 4112 4132 4134 4124 4101 4138 4128 4102 4096 4144
4149 4176 4178 4168 4182 4184 4169 4161 4186 4148 4172 4155 4141 4147 4152 4177 4157 4188 4170 4167 4143 4173 4185 4163 4181 4171 4159 4162 4144 4183 4174 4160 4180 4190 4164 4166 4158 4146 4189 4150 4145 4187 4153 4156 4151 4154 4179 4142 4165 4175
4227 4217 4223 4201 4230 4187 4200 4210 4231 4214 4222 4198 4206 4219 4225 4202 4191 4232 4216 4193 4213 4189 4208 4192 4226 4195 4196 4186 4233 4188 4207 4235 4229 4234 4194 4220 4211 4212 4209 4197 4221 4199 4224 4204 4215 4218 4205 4203 4190 4228
4253 4260 4233 4243 4231 4279 4245 4259 4254 4280 4234 4257 4235 4277 4269 4275 4232 4272 4276 4249 4242 4266 4261 4274 4258 4273 4268 4262 4256 4237 4248 4250 4244 4240 4239 4270 4267 4241 4246 4236 4238 4255 4251 4265 4263 4271 4247 4252 4264 4278
4295 4301 4281 4276 4310 4286 4277 4290 4315 4283 4306 4314 4313 4317 4293 4302 4321 4311 4323 4316 4312 4284 4307 4308 4319 4324 4296 4298 4309 4320 4289 4287 4280 4291 4288 4304 4294 4292 4322 4325 4299 4303 4305 4279 4318 4282 4297 4278 4300 4285
4336 4361 4370 4334 4327 4338 4351 4344 4357 4343 4328 4353 4340 4354 4342 4345 4369 4346 4333 4335 4368 4349 4365 4330 4364 4325 4347 4359 4339 4348 4322 4323 4332 4362 4367 4331 4356 4321 4350 4329 4352 4363 4358 4360 4355 4337 4324 4366 4326 4341
4407 4393 4389 4386 4387 4366 4379 4408 4392 4396 4413 4412 4367 4409 4383 4368 4394 4403 4380 4378 4400 4377 4369 4371 4376 4384 4388 4372 4391 4405 4410 4398 4401 4374 4404 4375 4415 4373 4385 4402 4399 4397 4406 4390 4411 4370 4414 4395 4381 4382
4421 4422 4417 4460 4456 4431 4435 4457 4440 4449 4444 4436 4434 4429 4439 4452 4459 4412 4426 4427 4437 4424 4416 4454 4411 4425 4433 4441 4448 4430 4455 4419 4415 4453 4443 4445 4447 4442 4446 4413 4451 4420 4423 4450 4428 4418 4458 4414 4432 4438
4483 4465 4476 4479 4485 4457 4499 4491 4459 4481 4495 4475 4470 4494 4502 4478 4463 4474 4489 4461 4486 4480 4498 4496 4505 4490 4468 4472 4477 4484 4492 4466 4464 4456 4500 4473 4467 4504 4462 4501 4482 4469 4458 4497 4487 4503 4493 4488 4460 4471
