1274 3263 1518 3223 2400 1509 2960 1090 3200 2679 2640 1099 2974 2755 2024 1021 2076 965 947 1983 611 2578 2047 604 5 3025 2564 2798 306 122 2295 6 825 3199 258 1642 2352 2841 1877 3233 1167 870 99 2726 1787 2169 2848 1319 1227 3017 2175 569 1989 2746 2105 1357 30 2828 2910 3070 2288 1952 3103 2049 1906 3085 2678 1659 2595 2722 1777 1530 1833 972 3093 772 2249 1476 1771 573 852 2221 280 2823 2713 3215 2074 1769 1079 2244 2638 2039 81 770 501 2586 866 2787 2180 3183
3143 1489 1043 976 2197 1080 1498 2194 1 1870 1442 3154 421 930 1333 1300 3235 1647 1660 956 3107 967 2273 1974 3229 2732 1408 1754 449 1751 2767 2254 2834 1891 357 85 574 1182 342 2265 2388 328 1702 830 2462 3366 70 2751 1544 2648 3194 3280 353 919 1282 2618 2877 1893 2539 2978 941 2636 1812 3043 2148 286 2012 3308 1919 3015 2373 2095 768 2239 2108 2526 2223 1582 124 3225 192 1039 1793 2712 628 978 1728 521 73 2075 2511 557 302 101 709 1171 645 2162 2574 705
2315 652 1682 1962 854 1360 2241 3053 2932 1813 843 2190 1559 1231 3267 2686 2363 1121 1573 1556 1821 1515 2945 2200 1966 3381 3362 1695 765 3239 2182 1925 3400 1568 1933 2026 1635 100 3221 2023 1640 2377 344 861 1857 2958 2908 523 2205 2644 3175 1019 924 820 1565 2916 32 3227 2055 1632 3122 2414 2487 1427 2670 3186 1003 1177 806 1439 399 1092 2387 2206 2281 2394 135 522 1149 1693 2810 3285 876 123 1889 997 345 471 1936 754 1991 2508 1327 2412 1657 3232 1013 805 177 1618
299 763 747 169 1477 2909 3230 1976 1859 2360 666 2185 1108 3074 2407 1579 3374 677 701 1317 1252 2490 2592 743 2255 1770 2699 2676 2860 826 2342 647 2812 814 2354 1540 1745 2143 1346 3104 1244 2359 2093 1201 1652 991 3219 2092 2282 272 117 2187 2962 1892 1075 2496 2632 643 1926 3375 3231 3167 1116 2436 928 2815 2540 1683 1998 544 1957 2584 1179 142 242 3320 423 1064 1687 1761 2710 1614 3287 443 1297 1086 686 629 3213 1664 752 982 2380 171 2988 944 513 313 2502 2043
2357 1358 2435 208 334 612 725 1739 669 960 2714 479 2587 3003 1051 66 116 1863 2103 373 788 1967 2146 3169 2905 1499 3383 2857 2446 279 2018 2109 2355 3171 898 1680 1472 807 1391 2619 2903 3063 1934 2150 720 939 125 1492 1641 979 916 2186 1883 1637 191 901 1074 451 2675 168 2853 2541 2795 2439 3059 1543 170 454 3081 2235 330 1904 23 2880 2217 1504 107 2044 2449 1469 1598 1951 3310 2220 134 285 366 2480 2008 1049 3339 2869 2406 347 483 2293 2309 72 3139 176
1480 268 2572 3365 2570 3176 2458 2652 2999 2444 3097 371 2809 995 2325 1552 3045 1538 3131 1567 31 1325 1235 3389 986 889 1993 3055 821 2161 108 2260 552 727 1446 229 601 1497 1395 1372 3272 578 1628 1591 737 1807 999 448 3099 2045 2792 981 3127 436 413 2019 2763 2007 2010 2123 2718 3181 1307 2510 1971 885 1228 2553 782 3254 2983 3370 1044 2822 1100 55 2862 3242 2760 2505 2818 635 735 2555 1318 409 165 37 3144 1746 13 1447 18 1636 837 1580 1448 1838 2924 1419
773 1603 1873 2119 1615 729 1315 195 2720 1082 3012 833 1272 1775 113 2559 1724 1069 621 2112 2139 2362 1426 1393 2615 3196 915 1955 2734 1774 1424 2694 1854 414 850 1845 3024 2554 1321 2222 2503 822 3318 704 3279 1784 1780 2089 1253 2596 3386 1593 1997 1236 3128 778 1894 3115 566 238 1011 1808 912 606 823 1040 2029 2082 3247 496 990 1028 2442 2356 1725 1829 758 1662 2607 400 745 661 216 246 678 236 1624 809 3159 1596 1283 1141 2347 1574 510 282 1732 3033 1096 2077
1110 3048 1700 872 798 3378 2612 3123 290 3072 756 1689 3098 1475 2016 2643 2684 3124 1012 8 1060 1968 3050 3202 2724 1164 213 219 543 818 2193 2030 1290 2653 321 764 1670 473 3241 163 1663 1914 1981 1713 2750 2548 1454 985 2324 2947 668 3142 469 893 1837 2954 2591 751 1752 2692 1607 506 1211 2098 339 1872 1186 2299 1524 2116 577 1772 1768 2971 1512 1516 2911 1421 2629 1694 2739 148 2050 2142 2641 2543 1355 1630 1430 783 1778 2479 3038 1334 865 265 381 1359 33 1944
1777 1530 1833 972 3093 772 2249 1476 1771 573 3398 1616 259 2984 615 2058 2741 2782 2104 2708 3001 486 2341 1856 2879 1586 2804 1189 1549 2744 3353 249 3125 1633 2046 162 376 297 2452 3205 1527 3351 2829 2294 1649 247 2409 351 570 172 1550 1400 1173 1547 3298 79 3077 2248 1175 255 175 1208 539 1852 1425 475 348 118 180 937 269 1441 2531 428 284 3293 1938 53 1343 699 426 3064 2819 2764 1122 1707 199 685 2921 2448 2634 1576 2838 1145 1917 1985 96 802 1277 417
2983 3370 1044 2822 1100 55 2862 3242 2760 2505 387 2952 1980 657 671 2528 1834 3363 3141 3013 1046 2889 1009 1969 2259 2703 816 2057 920 617 1190 222 3373 1506 1882 11 214 1888 1620 1886 1818 69 3347 1139 734 2118 2351 961 3136 1600 803 14 2106 2307 799 2579 1699 412 1292 383 3184 2232 1331 133 1776 2779 3051 1924 2793 2835 2213 1995 3060 819 2521 2181 1336 1259 616 1047 137 2696 3394 759 2773 1217 106 1016 1836 3021 1341 149 1823 2253 2158 223 2361 3284 2431 2286
1619 3236 1990 605 1463 3325 1706 2438 2333 2650 1723 2166 1276 3120 962 2154 3108 1449 453 2316 1819 1639 427 2326 2990 2892 452 1747 2224 126 911 2149 2170 2707 549 1923 234 2674 3114 1611 497 1827 1243 3037 480 1214 609 1161 1340 1202 2283 2801 3331 998 2331 780 707 795 3047 431 1015 2849 1199 2236 2136 466 3299 3346 3208 530 1316 2250 1002 2659 1460 2865 2165 2754 2989 1286 2167 2698 1588 2856 2547 2863 1188 1569 945 2898 1890 641 2061 1973 2120 1742 3068 2303 1650 1608
2818 635 735 2555 1318 409 165 37 3144 1746 3333 1158 3240 3344 2009 3367 1704 3209 482 2433 384 1363 1794 2825 2942 276 1215 817 2881 2456 1050 1533 1456 1555 516 2465 3100 3296 2133 2821 1462 1669 2498 1765 1726 1523 2529 3392 2951 1068 3179 1414 1867 382 1144 2202 2426 2740 2160 2915 2195 942 1485 2261 2488 640 1851 2312 2665 2727 877 424 1898 476 906 1760 1783 3338 488 2122 2087 2800 2784 3204 487 1103 1115 2340 3295 691 51 1528 2969 1621 1672 3238 3016 2738 625 1814
1957 2584 1179 142 242 3320 423 1064 1687 1761 1316 2250 1002 2659 1460 2865 2165 2754 2989 1286 2423 675 1828 655 1722 2683 558 1849 1240 993 3177 2125 2859 1200 405 1811 1943 1627 2478 3379 3312 1824 160 341 3278 185 1820 2577 1084 3292 2258 731 1920 2495 309 975 933 3387 3237 360 3390 1762 16 2367 800 682 662 3034 1661 2126 1982 3288 2752 1605 3326 1979 1799 390 2777 49 2631 1172 603 47 444 2706 84 1674 526 726 1413 277 2247 2067 105 740 1401 567 1546 2358
2710 1614 3287 443 1297 1086 686 629 3213 1664 1413 277 2247 2067 105 740 1401 567 1546 2358 2041 2900 2542 1763 1931 1972 2163 639 1251 44 2627 3303 184 3355 1861 905 1212 2687 925 2211 2935 3153 1433 2556 3397 61 209 1721 1062 688 1451 3307 477 2152 3337 1749 1937 1180 856 2867 1284 935 2477 592 404 2938 76 1866 903 415 2950 2702 2645 1483 507 2833 2625 867 458 3251 3126 2028 359 2298 710 1168 2765 902 3096 1264 1157 2661 908 2545 1371 87 3163 274 1585 1561
852 2221 280 2823 2713 3215 2074 1769 1079 2244 426 3064 2819 2764 1122 1707 199 685 2921 2448 429 659 2537 327 338 278 2757 207 2014 1843 1826 2494 718 2210 1667 240 202 545 3049 1645 212 1176 3305 1004 1058 2965 2504 2463 1250 590 2735 1947 2037 1878 503 1880 2533 3224 684 2002 248 1095 82 694 2642 2031 1688 2310 2711 2788 679 585 2138 524 2594 2099 1796 1825 2332 1481 2042 1677 3180 156 1344 2137 2403 2609 2573 1905 1471 1345 728 1027 2178 1798 1996 954 697 60
2790 636 3192 1622 2408 1136 120 2897 2831 2925 2486 1519 660 2882 2808 83 1052 988 190 2447 1436 140 3270 1438 1744 793 3282 1109 3349 460 2336 1146 2183 2929 845 1279 2176 2323 2318 591 2868 2506 2549 2805 239 183 1242 1156 2593 3101 974 2728 52 594 2227 1280 324 2036 356 3316 2147 3300 2745 437 1712 1791 2115 716 2717 115 2401 3257 2530 1263 518 392 1435 1354 683 3328 3062 553 1535 1170 189 3041 2240 2131 370 1946 3156 1987 2384 3076 1959 2854 2658 1651 2626 1525
399 1092 2387 2206 2281 2394 135 522 1149 1693 1584 1378 2113 801 869 310 188 138 2411 1270 3304 1353 1521 230 358 2432 3211 3149 1296 3260 1187 402 1881 1163 1178 2536 2870 656 2091 2 2930 1134 1376 3010 525 1203 2776 712 3173 2497 1717 2349 2228 3027 1918 2923 266 2986 2455 2189 2466 3246 858 2314 2899 1057 596 1205 1104 35 386 1053 354 102 2368 98 2701 59 1887 2886 586 2667 2069 2557 2931 1853 3052 1169 3210 2794 2826 561 2939 873 1165 936 3259 2811 1196 86
330 1904 23 2880 2217 1504 107 2044 2449 1469 2634 1576 2838 1145 1917 1985 96 802 1277 417 2421 2697 2461 1716 3106 150 395 776 1795 1810 2280 2230 2581 2397 1842 1737 3080 301 2179 932 2571 323 1932 1542 2003 1964 3244 2654 2705 1364 3276 201 1875 828 3384 622 1809 3111 1912 1323 2040 375 303 2242 1403 2424 2532 3372 2264 1604 582 2483 2484 755 3352 2464 457 143 1502 1381 2376 1014 964 2501 472 1541 1094 2775 2662 2558 1083 74 630 29 3110 1727 3198 1125 2410 3290
2810 3285 876 123 1889 997 345 471 1936 754 794 1026 1507 1939 550 2201 1248 2385 1921 2140 1223 2524 481 3361 2891 1578 1153 3117 900 430 1822 1953 9 2802 2145 2588 1668 542 2474 1479 264 1879 3150 1958 1128 3079 2685 3286 1038 68 3376 1132 1198 2677 1656 456 1766 1755 2268 3023 1626 2353 996 750 1625 65 1311 3089 1855 968 2124 3234 1222 1348 2135 1945 130 3214 2664 1885 1166 467 2953 2816 2620 461 2184 528 2460 2306 343 2398 1805 34 425 3327 211 2996 1020 2668
2087 2800 2784 3204 487 1103 1115 2340 3295 691 1157 2661 908 2545 1371 87 3163 274 1585 1561 257 346 2471 1387 3092 907 1160 1077 2858 1379 2807 2027 62 1930 891 127 478 88 2614 2425 2071 571 2000 490 2948 2372 2647 2094 1638 2064 1023 2847 270 2995 2912 1782 355 4 335 1705 989 3008 331 1536 1101 1455 204 2770 1443 1839 1599 1184 1986 973 1482 2606 2191 3132 2977 1532 2001 1399 1589 1602 379 186 3395 3294 3203 419 576 128 2084 2420 155 1412 446 3158 80 89
13 1447 18 1636 837 1580 1448 1838 2924 1419 577 1772 1768 2971 1512 1516 2911 1421 2629 1694 1226 1374 369 350 1597 1390 572 146 1679 874 2813 75 2263 2772 951 505 595 824 1961 2038 1289 633 262 721 2743 2949 1007 1562 1394 1404 1406 1271 879 2512 2269 2963 173 367 926 2630 1347 2225 294 2649 3170 1237 598 1631 1191 2917 3342 2078 1572 397 2866 2132 2101 95 2171 634 1429 607 2177 2742 537 1697 2383 2114 1006 3031 1846 2719 2839 1453 600 1221 388 3354 535 164
2373 2095 768 2239 2108 2526 2223 1582 124 3225 2401 3257 2530 1263 518 392 1435 1354 683 3328 576 128 2084 2420 155 1412 446 3158 80 89 411 1701 2330 631 42 2073 166 3190 3042 7 3360 2164 714 1764 67 2970 256 3029 1950 2022 519 1368 2781 653 2054 642 1692 2500 2771 2413 1691 1718 1025 696 1473 1594 881 2482 3066 93 320 1209 1380 868 2473 1949 3324 2691 761 215 2371 771 2837 3245 2780 250 2975 2827 2759 1361 3356 1126 2966 3178 251 2231 1234 2985 329 1260
586 2667 2069 2557 2931 1853 3052 1169 3210 2794 2721 2417 3369 719 1681 2053 943 1897 3252 3065 1407 1459 2956 2270 1124 1422 2774 2245 2569 1410 1389 1265 498 3118 1239 2585 560 1287 1553 2955 493 121 3364 2266 3371 3162 1803 2405 2544 644 3391 1741 1254 2284 3273 1434 3146 3006 2613 1520 953 2590 2681 674 648 2301 1956 1738 1676 766 2623 3322 1767 1112 957 2156 2134 3309 182 445 1500 844 1107 620 2922 3297 362 3306 1862 3301 1008 2871 2832 485 1566 1963 1437 613 3 3054
990 1028 2442 2356 1725 1829 758 1662 2607 400 1613 1216 3148 1922 1658 2440 1061 3396 2428 2633 2013 1067 892 43 3348 2709 2769 3359 2786 1154 884 623 161 2308 1151 1210 2628 896 690 3071 2399 159 1844 650 2778 786 2141 2289 2492 2646 546 619 2621 2993 3222 2378 2514 1129 141 3020 548 2933 1899 541 2617 132 534 26 492 374 1375 2457 878 2567 1150 555 3265 2277 849 2561 104 1396 287 3152 2639 495 913 1490 2861 2216 1850 442 2311 1111 2374 1386 1247 2688 888 2895
137 2696 3394 759 2773 1217 106 1016 1836 3021 1471 1345 728 1027 2178 1798 1996 954 697 60 104 1396 287 3152 2639 495 913 1490 2861 2216 646 2693 971 2489 3329 1655 658 1081 2080 2872 923 2096 349 3155 855 3197 1781 1564 2063 2783 1294 804 977 1098 435 2339 2517 252 1278 1063 1529 1405 767 2565 1648 2552 2656 3275 2404 2946 1753 1869 1940 1314 790 1999 1830 3087 1181 1031 1595 2671 687 1087 983 1907 909 1065 228 2509 1072 1896 2883 439 187 1365 1750 3004 2846 2981
192 1039 1793 2712 628 978 1728 521 73 2075 1846 2719 2839 1453 600 1221 388 3354 535 164 1224 474 2418 2907 1511 3368 3082 2035 2402 899 3130 1305 292 1148 1117 2335 2168 1306 394 2937 1970 724 2279 1113 3249 2379 333 711 129 1698 2097 1220 3095 193 2637 3264 1909 963 2238 1017 312 700 2454 17 2655 829 2415 57 179 847 2888 3321 1213 2234 2215 2836 48 949 1684 422 1478 514 1066 2382 1420 3195 1686 198 929 2851 3189 2034 2192 2329 917 203 2723 2926 152 2762
2511 557 302 101 709 1171 645 2162 2574 705 2739 148 2050 2142 2641 2543 1355 1630 1430 783 2167 2698 1588 2856 2547 2863 1188 1569 945 2898 3334 3218 1678 447 1010 1382 583 2208 2599 1786 145 1466 3385 3166 1592 781 2890 3243 1431 1192 1055 1324 2453 63 3119 2968 1758 835 2157 1056 311 1575 832 3330 2375 3002 2715 3026 2689 2518 1174 738 918 416 2429 1258 3268 1232 2534 1609 1496 626 3248 1249 340 610 2660 1708 2203 2976 1590 2672 2901 556 1322 2733 237 2427 1246 36
1850 442 2311 1111 2374 1386 1247 2688 888 2895 3189 2034 2192 2329 917 203 2723 2926 152 2762 291 2088 3090 910 1152 1140 792 1022 2127 1273 3112 538 1710 1127 2663 904 3191 693 2519 597 3343 1330 1018 2173 2172 1071 2920 2893 54 1349 2840 1035 499 1815 1975 1954 114 20 508 3311 111 753 1135 2605 840 1522 210 1320 608 713 459 864 2174 966 1802 2560 1415 2902 779 777 1143 1133 15 1105 1183 970 2516 2011 1032 3262 1338 3018 863 2472 1269 489 1428 151 1748 2690
1166 467 2953 2816 2620 461 2184 528 2460 2306 520 3086 2749 2274 2350 531 841 1653 1486 407 181 883 463 2941 692 2608 315 401 12 1285 385 1508 3061 815 1840 2199 24 706 3380 1942 1977 2243 994 1256 2616 298 3357 1790 3185 1342 736 2756 3121 672 1928 2111 3145 131 1900 834 1493 2218 3140 1042 722 336 1070 92 3019 2025 1034 1369 2237 2987 1266 2081 2580 664 775 1267 1729 1041 871 2967 1734 529 1643 2766 2651 921 78 418 3022 1841 1207 564 2334 2032 455 2852
1571 2878 1255 25 3137 2972 1671 1577 2624 1868 3174 2048 3030 1367 403 2563 2824 205 1874 2680 1792 2459 221 2729 2864 614 580 1328 1045 2285 2753 760 940 3091 1298 462 432 2669 3187 3028 1551 1142 408 1397 3009 119 2761 468 254 2079 812 420 1261 2906 2467 1988 283 2056 2451 361 1293 1773 97 1229 1644 2344 836 112 839 1416 3212 2291 1468 2005 197 1720 2940 2100 1119 3250 1610 2817 862 1268 1130 244 1487 2468 2302 2657 1392 2695 450 2682 2635 3005 3188 931 791 2121
1778 2479 3038 1334 865 265 381 1359 33 1944 3062 553 1535 1170 189 3041 2240 2131 370 1946 1729 1041 871 2967 1734 529 1643 2766 2651 921 2919 1557 1193 3345 2130 2884 1709 1351 322 2622 1785 1384 2515 1858 1560 1534 584 1941 1537 1634 1501 154 1984 509 746 1654 2128 547 1093 2419 227 1402 167 1106 1444 2321 2796 3105 319 2430 846 673 352 2602 226 1206 3109 1835 10 391 2961 2980 568 2568 2319 3057 2873 2998 396 1757 2730 1978 2814 1423 2927 3172 894 886 2803 2292
1991 2508 1327 2412 1657 3232 1013 805 177 1618 1598 1951 3310 2220 134 285 366 2480 2008 1049 51 1528 2969 1621 1672 3238 3016 2738 625 1814 680 2337 2964 1120 882 708 2060 3058 689 40 1685 3289 1440 1714 853 654 2275 2475 2386 703 3341 263 992 2070 2789 235 797 1147 2441 3216 1097 2598 318 3220 2300 46 2797 2527 638 702 730 434 3335 2278 948 103 2806 3083 1629 3253 2212 1711 1517 174 2262 1370 1383 2550 2918 1073 749 1554 1832 599 1432 717 502 2251 632 2020
2826 561 2939 873 1165 936 3259 2811 1196 86 91 848 337 663 1690 559 3056 1204 810 2369 2481 1756 1088 2666 2062 2422 1054 1908 744 2389 2731 3073 1965 1733 1587 365 1665 2887 1339 2068 589 380 3314 2601 2445 2523 300 1470 2188 698 1915 233 1960 2758 2673 1076 540 1131 465 1288 649 2747 813 157 3382 1876 3193 1719 2894 3116 231 267 3161 2051 2256 45 1137 281 2507 1329 3039 2450 2214 2304 2991 1356 562 1352 1461 1743 3399 220 289 980 2830 670 2017 1281 368 1800
3339 2869 2406 347 483 2293 2309 72 3139 176 745 661 216 246 678 236 1624 809 3159 1596 1338 3018 863 2472 1269 489 1428 151 1748 2690 602 3168 2229 695 21 2296 742 200 2327 831 1831 512 897 2874 551 2328 2090 1484 2525 296 364 1409 1000 808 325 1197 3138 1332 958 2799 587 1219 2520 2992 2855 959 1457 533 1445 295 363 1531 1194 2392 464 1301 2287 1779 527 3283 2850 579 1731 2610 2597 2513 90 1526 438 3035 1185 1545 2021 2875 987 842 787 1903 271 3377
1341 149 1823 2253 2158 223 2361 3284 2431 2286 3212 2291 1468 2005 197 1720 2940 2100 1119 3250 3039 2450 2214 2304 2991 1356 562 1352 1461 1743 2589 1362 1992 305 2748 1114 1310 1302 206 774 2979 64 2072 2575 1913 293 2736 1029 2129 723 748 2843 2499 2066 2209 1494 110 2725 2345 2535 1155 71 253 1797 1736 2896 2343 1871 1488 857 3157 3277 3147 307 3075 245 2876 3269 2290 2576 3160 2437 1606 2370 2313 378 588 2443 1195 3340 2603 3007 109 581 565 232 28 3069 2845 1335
1890 641 2061 1973 2120 1742 3068 2303 1650 1608 1610 2817 862 1268 1130 244 1487 2468 2302 2657 3399 220 289 980 2830 670 2017 1281 368 1800 1030 733 2885 880 2207 1417 2338 3067 1262 260 2562 1078 2957 1303 1558 618 1350 1159 2364 1218 3164 532 2317 2252 1388 1675 314 56 2305 3036 927 651 934 1037 2785 3182 2485 1089 2246 1911 2381 3226 2276 1257 762 3261 2904 2434 3046 1495 1735 593 2102 178 1474 946 2226 3201 1299 2538 1929 2551 50 147 3102 1994 950 2476 1162 1467
752 982 2380 171 2988 944 513 313 2502 2043 3156 1987 2384 3076 1959 2854 2658 1651 2626 1525 78 418 3022 1841 1207 564 2334 2032 455 2852 637 1411 1450 441 1458 261 2982 2015 1916 1715 77 1505 784 1789 732 3113 1514 2159 3281 1759 1860 1910 914 224 2491 667 3044 1788 665 1848 887 2934 3336 39 2913 681 317 2928 2086 1865 860 1539 1570 1927 377 739 398 332 491 1816 153 2272 273 563 3388 3332 715 2582 484 517 3151 2844 2973 575 789 3040 304 41 895 500
343 2398 1805 34 425 3327 211 2996 1020 2668 1500 844 1107 620 2922 3297 362 3306 1862 3301 1452 952 2083 3217 859 1295 1902 1118 2396 1817 811 2107 1398 3323 194 624 2204 58 196 1847 2297 326 3165 1666 3134 1703 1617 316 1901 1085 3228 2716 969 2959 3255 2257 1373 2704 433 372 1513 2395 2006 851 2320 3313 3271 1377 757 785 440 389 2196 2493 1005 2416 2604 1491 218 2936 1233 2198 2820 2522 922 984 3133 1230 1275 136 2391 22 3319 676 2611 3135 3302 1091 2233 2085
2638 2039 81 770 501 2586 866 2787 2180 3183 1283 1141 2347 1574 510 282 1732 3033 1096 2077 2391 22 3319 676 2611 3135 3302 1091 2233 2085 1601 217 536 308 1366 2153 2470 1337 2059 890 1312 515 3084 2393 94 243 1503 2994 288 1548 2737 2546 2267 1563 2768 1291 3014 38 1001 2997 1464 2566 1740 1059 511 1036 1048 1935 494 3266 3011 27 627 3317 225 3358 2600 1245 1864 2151 2322 393 1309 1730 2110 2348 2004 1326 2469 1418 2366 1033 3000 2842 1313 470 827 3291 1884 2155
1083 74 630 29 3110 1727 3198 1125 2410 3290 1008 2871 2832 485 1566 1963 1437 613 3 3054 1392 2695 450 2682 2635 3005 3188 931 791 2121 3206 1895 741 1385 2065 1646 1510 1583 838 1948 2944 1123 2791 3315 1138 3094 1465 2052 1612 2033 955 796 938 3032 2346 2914 1581 1623 769 1241 1806 241 144 2583 2365 275 19 1225 1801 158 554 875 3350 139 3078 504 3088 2390 1804 3207 3274 2117 3393 3256 1673 1696 1238 1308 406 2943 2219 2700 2144 1102 3129 1024 1304 2271 410 3258
