9783 9441 2124 1285 7806 4329 977 5929 2069 2518 5009 207 8605 2979 2268 7034 6845 4469 1663 4470 3247 8054 4756 5172 9934 1115 3596 3748 6080 493 6814 1892 1695 5415 7065 3107 8493 6825 8576 9418 4219 9866 2492 8884 5239 9498 6495 1275 8171 2661 2681 6378 9101 87 7037 5237 5058 7283 1827 9217 588 1781 9044 9972 4840 2386 5404 9138 8974 3093 84 1870 9466 2162 6054 3330 10019 2949 4572 2478 9755 10092 2274 2078 9028 7197 4004 850 5027 1004 1276 1230 10167 5518 7248 2394 2595 9096 3009 1043 6621 4319 9309 9075 3180 9799 1768 8008 4717 5136 9555 8817 9985 6641 9992 229 2194 8666 4237 2990 10169 4299 6949 8536 988 2080 5181 4275 9022 2097 108 3126 9182 8676 5352 2612 6187 7296 2814 2499 272 5281 5670 1156 3088 510 1872 2012 2867 37 6829 398 5471 9186 7851 1096 5988 9698 6114 1077 4085 1083 9759 5802 2619 3885 6782 6913 3108 5303 1830 3114 8519 3683 8320 8376 4314 6545 9015 9917 5487 4332 3914 7150 2670 5594 7222 513 9259 989 6459 1686 9063 7953 4746 3648 6045 33 4934 4359
3809 7564 6799 2270 2306 1183 10131 6633 5568 3630 9347 10018 6618 8720 3644 9703 687 917 375 10080 226 3043 366 8795 8130 1529 1995 5179 4338 5190 5927 4601 154 3553 4236 8192 7954 1937 2552 7492 6723 3915 417 10096 5011 213 6089 7688 2126 9786 4681 3484 9395 8167 1287 1358 3157 475 4191 3550 3896 7818 8830 4989 7073 9643 4672 9261 9443 4488 2473 9378 5862 31 6456 8240 7677 4604 320 7285 8723 8706 6145 9877 10095 7591 9132 2250 3352 2185 3786 7694 4762 3329 7943 3034 6897 5209 8562 4092 3349 884 7443 388 6268 8528 8281 3626 4961 5226 849 7050 1791 539 376 8463 8125 3929 5332 976 7880 4467 1166 4408 8968 3201 8940 8479 9302 9650 2018 2237 5947 7949 2091 6027 2111 771 5178 7114 1032 4042 1335 9226 7868 652 1959 2457 9723 5294 9612 9633 3795 9436 369 9938 734 6860 9760 9043 7979 290 2476 2858 5085 4730 2785 8561 1458 3402 7919 5098 3364 10173 413 9361 9883 10120 6925 4592 1080 8110 5620 4920 7124 100 6886 7807 8543 2666 6557 3732 9225 9856 1637 4952 486 4491 8489 3092
2240 6788 469 5207 7750 9767 6572 7780 9426 8541 6442 2083 515 8060 9540 4699 9325 639 7648 2291 2279 7045 7303 827 8988 9610 7686 7533 5830 237 2813 9909 1469 1740 7901 663 9123 8105 9605 9039 10011 3399 4175 4632 9562 2304 8258 9248 9183 103 985 6142 7339 9572 5935 2789 7436 5772 491 8565 5979 9542 5659 5091 4828 6012 3277 7738 7915 1624 9088 1992 4511 9381 3412 4106 4877 919 2219 1224 4759 8056 4036 3250 8321 2759 3226 5173 9094 10044 9861 9699 6698 6775 9661 8332 8169 136 3220 7423 7666 3029 5755 4363 5986 7946 753 7753 44 1533 7797 9438 744 6118 8597 5442 7498 160 8374 2635 9693 442 381 3470 7279 4340 4215 9676 1850 3359 7483 2537 7605 4350 4850 3169 7385 391 2503 3362 6172 3463 1421 8410 9960 2629 3741 9547 5382 8880 8469 8598 150 3295 5246 4626 1845 2760 3479 7272 3677 1178 1741 7119 4564 3514 6574 3839 1070 4638 3704 1273 2888 3934 9151 9735 8260 4724 1643 4316 5831 5963 5904 5231 7076 5971 6794 6279 607 3095 5747 1084 7194 7325 260 1060 279 5881 4583 8409
9169 2470 653 2721 4249 10191 9580 9260 4971 9933 3884 7322 8879 524 9391 7661 9912 6322 1809 792 8852 3404 2226 4721 6797 6919 10137 8148 4377 7247 8180 215 6503 6039 7066 8252 9140 7664 3822 372 428 433 5530 7386 7485 3813 4335 7311 10138 584 5614 9070 6538 6166 5794 4427 543 5425 830 3842 9142 7762 9304 5378 7794 1440 2984 8000 4608 228 3160 7523 5839 3940 9387 4054 1222 4115 533 8178 7101 9167 6345 77 373 6292 791 8241 4484 5448 5453 4077 385 7095 8800 185 4311 6315 9252 1632 9599 1446 1326 6570 8768 7881 5186 204 2614 1329 2938 2243 9144 4750 1236 2388 8532 6280 7751 4659 8075 5434 8911 1735 944 4442 7277 3814 6271 3592 6710 3116 4230 9277 7139 8413 2930 9150 3878 1986 4962 138 6398 4996 9982 9911 6106 258 789 8545 1673 1983 8189 1606 6865 263 1497 6094 4039 9281 7935 6101 5783 5829 3312 10053 4911 3968 4593 4204 2885 4773 4824 5810 742 4292 3022 6716 8417 80 7634 3791 4344 1091 9855 6293 5936 8422 1247 6088 3598 4791 297 5715 576 9775 424 522 346 4615
3309 8204 6190 5626 9229 8487 10118 5295 5486 2758 6097 5101 3023 109 4677 760 2061 6058 4343 4864 5312 3987 8547 2047 8175 3652 6635 2880 5953 1405 5630 7789 3591 8667 2652 7566 7519 804 4628 7722 1541 4244 1894 3456 2668 1252 5504 4554 9719 3440 2995 3543 5581 7783 5409 5484 4441 8925 5854 4165 1799 6032 407 6893 9476 1674 5140 1140 5866 7345 239 4056 3239 467 6127 8972 8023 2632 2432 418 4149 197 4569 6979 5155 5365 5429 3124 1324 5501 4531 5204 4618 6678 2934 7334 94 6786 9991 4733 3808 7333 2546 5918 4630 4190 1118 1125 7072 658 8250 9694 10121 6111 6461 2272 9874 4130 3560 7382 853 7756 7495 7008 4613 1592 872 1507 6656 1232 868 8185 6135 615 6501 717 898 7549 570 7089 4294 4609 4829 3994 5587 1371 7241 2638 9809 7895 4937 6227 2852 5061 5249 9927 7467 1510 7819 7998 9800 1540 6006 8069 9806 5851 4164 7481 7451 1955 9001 8533 9416 7002 526 5296 7075 8826 10010 1719 1170 9413 8981 6239 3967 1046 1703 2315 2123 1270 1546 5159 6112 1411 2857 3659 1778 9296 1810 2127
272 5281 5670 1156 3088 510 1872 2012 2867 37 6829 398 5471 9186 7851 4962 138 6398 4996 9982 9911 6106 258 789 8545 1673 1983 8189 1606 6865 9148 7151 2130 5372 1899 10172 9922 9481 242 7413 7274 8600 4136 1388 2335 1300 4637 2253 2822 273 4094 4454 6011 6714 473 7813 9288 7061 3779 4818 4405 1547 5567 152 1694 4358 7978 2559 8892 4771 1739 1853 2800 9899 1359 5621 5103 3117 7337 4048 1619 8612 2557 5958 1117 9282 3272 1367 5563 2141 6387 6067 7437 4021 5590 6010 683 5705 4883 2176 1027 3465 6856 2648 3547 3162 2917 4536 4696 4303 3227 2959 8847 5230 9129 2526 9446 3931 8176 5197 6539 6502 2313 9925 9333 10023 6567 6803 8654 1489 6819 1764 667 1256 6973 1431 5632 4035 9082 8535 250 7370 7551 2188 5194 9914 1980 7313 6051 9064 2482 2960 6523 9758 9635 10200 6663 1522 1644 6747 6778 9918 3928 6832 1760 7348 1628 9973 1944 7190 1756 7501 1603 3933 8229 10192 8344 822 9401 4977 7752 8553 8280 1292 3687 9589 3558 3973 3697 6867 5634 3843 6617 4080 5089 7985 3290 1089 7167 10050
837 4217 9434 165 4243 6719 1758 5142 8629 10099 3635 3358 6717 4954 5466 9600 3565 5430 344 9214 5291 10048 7952 5022 9220 4366 4139 367 2727 2993 4016 7355 3232 9910 1157 8934 5815 2633 6745 4089 1346 5203 3132 2724 7168 6888 6561 6153 3546 8190 1504 4907 2337 9114 4831 7088 1336 6024 9014 3962 9342 5960 2308 9324 8794 6354 2035 876 9984 8436 1926 8560 6261 5189 4050 4780 8661 6706 5521 4263 9256 9100 6681 1387 7290 2324 3586 1767 8315 8871 2771 7349 8162 6331 6081 3337 4392 3575 6206 9369 3077 3218 3682 654 8882 3693 3873 6649 669 6298 9143 7314 6194 888 3202 7878 5786 3794 2193 1545 3326 7505 5745 162 535 6785 4487 4102 4000 6334 8793 6768 5657 8346 795 8490 5511 7937 506 1552 3083 4627 8392 7234 1770 5077 5282 2020 7537 8068 1193 7087 672 3121 6648 4600 761 9548 10084 1960 8698 6029 6965 555 2673 5232 403 1429 7925 3803 8677 9850 8349 2981 1343 3076 812 6518 7019 8719 4804 4875 4289 7226 9099 3391 5114 2395 1223 6420 378 9559 224 1671 6218 5738 7728 6383 600 4998
6172 3463 1421 8410 9960 2629 3741 9547 5382 8880 8469 8598 150 3295 5246 6721 1519 9667 8820 4477 3426 6373 8527 6215 9701 1361 8419 860 10179 6055 2285 586 2615 2918 1415 7536 7625 4298 3369 294 5353 9292 3856 7864 3255 1261 1255 2999 1495 6875 2793 5602 4187 4596 1454 4023 3758 7914 4268 2663 1502 7052 5993 2679 10182 2740 48 6460 5025 9795 2471 4513 3264 6403 9885 4325 2419 7297 1994 1003 3665 4468 9968 3281 5004 172 7237 5454 1215 230 9485 1064 5848 1797 6568 692 9592 356 1819 8638 1138 159 6228 1012 5741 2972 633 1104 1987 948 7258 2931 814 8 7654 2426 10194 8873 4560 9647 2166 6369 6532 5498 10112 4812 3988 9380 9687 3784 7081 4625 3622 6583 889 4620 4173 6704 8302 4184 1598 5864 1931 8113 670 115 7273 7432 2521 2602 9431 4110 8908 1071 7763 3269 6247 2685 3341 6308 5907 4155 5410 6697 7894 4437 1319 3818 9253 7768 2165 820 364 8339 1206 8755 4846 4254 2345 4800 2893 6360 10140 3131 7986 4806 5463 3943 7980 9357 1075 5942 6333 1302 7117 5271 5583 9892 1393 3122
2088 2926 2616 926 4688 7542 2591 2363 3555 2524 1381 3229 3527 2749 6450 3487 9227 9999 846 7070 1951 3335 8551 2390 5687 6837 4953 4561 9499 9757 7600 8766 3188 9496 4547 3554 4196 1180 5749 9727 3082 10165 2183 9928 10127 4247 4792 627 2157 1949 5698 6682 3106 6708 8683 5726 9815 6030 5757 5582 7786 2153 7568 1177 1331 3468 4786 8225 3847 4022 608 979 6116 2994 2951 7106 3251 2608 7375 3707 6146 9124 4992 4336 8047 5149 4891 9578 9204 7016 9445 4522 9055 4523 2430 3503 8161 2032 3595 4007 7074 4049 5717 9873 9616 9266 807 6953 7960 3633 9346 10144 6673 492 10142 6126 2283 5913 1018 134 4658 8615 8298 5916 2519 9025 2058 3217 8890 987 6069 6781 1136 8221 2442 1581 4024 8656 7479 7330 4096 6363 8206 2397 5887 10163 5139 1873 8758 8747 2436 2620 3319 8092 4099 6339 9492 7938 195 1035 2289 2238 5616 307 10051 6431 2718 5804 6772 7450 1773 10115 9424 4308 3488 4355 4541 9054 472 4533 406 5948 2506 2932 8296 4735 9215 2201 8488 9662 7829 6068 4162 7243 7554 6443 9536 7357 3545 2049
1096 5988 9698 6114 1077 4085 1083 9759 5802 2619 3885 6782 6913 3108 5303 1756 7501 1603 3933 8229 10192 8344 822 9401 4977 7752 8553 8280 1292 3687 8340 1208 1107 2144 1122 2095 1056 396 4431 972 554 3063 602 3709 10171 5898 3214 5283 1787 5413 200 3713 6219 6110 9417 9882 806 3178 4483 1486 1076 9649 9567 968 1979 2826 5383 9168 9480 2329 8690 839 7425 2374 166 10082 4945 6748 1457 3185 8451 1966 5733 7714 3948 3241 916 3340 3662 351 9742 7466 6971 6382 6616 6217 7056 5279 9390 5461 6091 2224 907 1493 10042 2251 148 2702 7497 3049 8037 5007 6212 5251 1616 559 1685 8496 6388 2940 7276 6100 7557 8736 7133 547 8802 1821 9273 2838 1550 7959 4782 8657 6144 2072 10164 8367 2163 2527 7371 9312 8517 2039 7785 8757 55 8157 9358 5790 4898 6619 9402 3638 6909 199 9792 766 3455 5556 4345 1462 2021 3353 7301 8195 9146 8077 8857 4694 5700 9128 7036 3749 6453 7617 2391 2558 4516 5708 6299 211 9702 3311 8182 4107 3187 7257 7556 9591 9258 5330 721 3832 10054 754 8001 5520 6595 7887
3083 4627 8392 7234 1770 5077 5282 2020 7537 8068 1193 7087 672 3121 6648 7220 6751 5514 7531 3746 8590 6486 5153 3941 5129 2763 3815 8770 3851 1310 1131 489 3979 8299 609 8643 2360 8889 8559 6594 8333 7583 8705 4333 5538 3186 5047 7805 7192 695 9060 10113 703 9211 6964 797 1785 6464 420 60 519 6936 3605 1684 4009 5088 187 577 3003 295 3066 5171 7211 6976 5604 5675 7565 5724 1919 748 4567 7590 2865 9720 7815 4425 920 1031 4838 2508 4235 9379 5998 5823 5485 984 6859 7394 4720 4084 1846 2448 1171 3935 8515 1438 7085 7347 6660 664 7835 7644 7695 8773 6929 902 6997 361 2985 4186 8870 5679 1806 2782 2697 2121 5508 536 9275 3163 5267 4423 2455 6436 1564 8393 2281 8716 1981 1714 3913 2145 6125 5945 5683 9119 7071 7779 4956 7225 3446 3211 7972 435 5734 9314 4163 3921 9937 3015 4472 3019 4144 1227 3557 2217 5138 2538 5837 9956 621 7788 164 1680 2745 9889 5957 10076 1790 3316 9181 1086 8199 6895 5452 2690 5477 3500 3253 6529 2571 4955 9031 8362 306 6061 2777 4047 9823 4990
4294 4609 4829 3994 5587 1371 7241 2638 9809 7895 4937 6227 2852 5061 5249 3570 132 2547 2258 2041 189 10083 7643 5318 1394 9232 6376 6242 3097 2488 5593 6597 9862 2152 8184 8473 9461 5115 9829 6302 9630 1751 5096 8331 4573 8492 7346 8566 5150 6980 9221 9893 6732 2033 10075 3387 8572 2038 9127 390 4606 9090 8530 2906 5128 1271 8304 6843 9194 5481 8668 2002 206 1246 8187 10073 2044 9965 2703 9670 8958 2593 7361 8962 8149 5041 4702 8213 3528 5141 9614 6433 7329 5801 4420 5965 1744 7227 5612 5983 416 1559 7793 9741 10074 3317 8012 6492 5167 2886 2747 2830 5458 1423 5572 2549 3984 9435 878 6133 635 8212 7327 4860 962 929 9147 2242 7309 9236 3727 2514 7118 2664 6711 2472 238 1045 5308 8834 8297 7511 5270 9112 9032 9932 6779 1889 2911 8287 3848 5742 6579 6693 2416 8865 5160 3540 1439 9030 466 5540 8931 601 7673 9851 7172 8064 5218 9145 7957 6108 10089 3304 9269 7633 4394 10159 8625 1196 5111 1798 1306 2263 4886 7042 3801 8103 7627 1119 4528 6685 2159 9156 2722 10068 1769 7990 1868 709
3269 6247 2685 3341 6308 5907 4155 5410 6697 7894 4437 1319 3818 9253 7768 4503 2468 1290 9710 5561 6485 1179 9453 6585 4772 3287 1687 450 3844 5857 7210 2110 6931 5286 1722 6696 4154 3389 8085 91 5600 6686 6944 57 6042 3035 4552 4284 3623 1818 5406 4357 8226 3058 1501 218 8305 4809 2139 5872 9033 8525 6379 2090 7735 2439 904 3242 9278 6752 3787 10126 2658 1237 7282 1395 9035 714 8764 6077 3771 8596 4497 4444 1057 7621 8752 3435 1572 3006 6196 5460 8932 4795 331 2444 7291 3021 7981 8850 7771 5355 6191 8823 1280 6400 2646 7166 4507 3609 4419 4570 6625 7586 2210 4876 5856 9553 8740 7323 1111 7104 9092 4158 4709 3835 7403 1269 9074 1601 9652 9566 5371 6121 8587 9303 980 1424 5981 3496 1933 8380 3350 6426 2189 5367 7084 2458 3859 5910 9394 3759 4495 7996 9102 4822 4668 9651 758 3798 1006 4171 9414 958 2248 7412 10094 4185 9959 4393 133 5260 10136 19 1412 6243 3243 5388 5467 8022 6847 10183 1538 1081 7174 9406 7488 8947 6317 8360 1033 9802 4065 3702 3737 5507 5570 9185 6506 2371
8865 5160 3540 1439 9030 466 5540 8931 601 7673 9851 7172 8064 5218 9145 5900 7137 2255 2764 991 6199 8498 816 9685 4374 7702 640 7422 7589 6285 8471 4143 5020 9510 5106 1824 6303 9433 3743 5494 311 880 1460 3280 1754 4379 6023 9535 7967 6099 9421 8513 5879 3515 1840 3763 3473 5361 10189 2871 1656 7704 1631 10139 3526 6440 7317 2411 3069 5118 2350 3991 4665 7676 728 2340 3532 9820 6515 1228 9705 2772 4123 4179 3780 2214 2881 8700 2099 5417 8540 1348 2485 8822 4815 454 9191 2198 117 809 9964 3688 802 1328 315 9299 353 778 8950 7646 8308 5263 1823 3367 7528 7038 6879 3308 4905 3891 945 4862 2433 9450 4988 4046 241 8789 6009 6336 9556 5100 3050 9272 9827 156 4060 6599 5962 3627 5386 2256 5257 4091 63 7930 969 4478 8955 3161 1066 4766 6156 9898 2119 5798 6928 2290 6890 6623 7326 3923 7538 1544 3861 2523 5843 6226 7047 2860 7310 4969 8129 2889 5865 3110 5765 3325 5109 3993 5399 3461 590 7973 9368 8163 7690 3275 3139 2553 5125 2586 5611 7804 3958 996 7877 7791 6349 1061
1032 4042 1335 9226 7868 652 1959 2457 9723 5294 9612 9633 3795 9436 369 4096 6363 8206 2397 5887 10163 5139 1873 8758 8747 2436 2620 3319 8092 4099 2618 9037 5719 2282 10193 5130 7430 3825 7358 9574 2417 7069 310 7740 632 5639 7885 6250 3654 4152 7670 3068 4727 9834 5506 10149 5878 8119 7774 793 3680 6393 9495 1209 5651 14 5200 1723 7640 5642 6624 5418 2273 2577 8663 2712 964 5422 6148 9942 7539 8986 4933 6948 7705 2040 5743 6975 4327 2751 8742 458 5771 4726 5662 2011 8765 5562 4655 8275 9623 2481 2344 5369 9678 3436 877 9754 3497 4137 8659 5877 8593 5180 9471 7532 8641 8073 2369 966 3911 2687 8093 3141 7107 7058 1028 2744 1639 6188 8711 9819 8907 5756 9634 6690 10064 6809 1050 6816 9953 10088 5360 603 10122 2484 8952 188 208 9514 7508 4386 965 616 8503 10069 5489 3608 9053 4656 8311 3871 2713 326 216 8405 6294 8640 6835 7372 4013 9777 288 9570 445 1365 6810 9177 903 4651 6066 9196 915 3256 430 9822 4118 626 4086 8124 3125 4692 10097 4669 810 8936 9738 8045 8914 9748
6620 1294 4448 6155 1151 6209 10111 10157 2855 1641 2151 5076 1753 7171 1842 6465 5785 9317 7384 3910 1800 2581 3421 1231 1345 883 2066 8002 9403 3403 2409 4177 5259 617 5606 9561 5943 9139 10026 6924 4320 7434 9763 5276 8639 8693 9835 6352 1389 3101 4736 4924 852 9136 5003 2636 8573 6945 2806 441 7860 6705 8904 7747 675 5042 4584 7869 8039 3876 578 8202 3212 1452 8762 10174 4904 6208 5083 9 8980 517 3711 3007 8278 5206 9524 5613 671 6076 9890 9726 741 6434 9198 4586 4557 5976 9203 4213 6346 2883 8078 5474 8476 9988 4208 925 2953 9747 5023 9046 1053 1385 5569 3912 6989 8135 961 8964 8803 10181 3676 5421 2787 8557 6938 8712 8941 3485 1693 3472 2952 6324 1112 7086 8636 6842 6631 4514 6276 2359 2898 7598 1579 3983 1761 8090 9173 3521 9486 4453 10188 3796 8603 8318 1220 2915 7916 8271 3145 3259 7966 3615 6284 8467 9837 7609 7455 727 41 3339 7926 9585 6774 5357 1896 9847 182 7614 8397 1264 5288 2303 5800 3447 2358 1240 336 7838 4037 2332 5084 2191 9076 7653 1219 2976 3471 6340
9938 734 6860 9760 9043 7979 290 2476 2858 5085 4730 2785 8561 1458 3402 1943 759 7462 5359 7746 4836 7205 4878 9164 5373 3685 4565 3868 5124 6113 6510 9118 6325 6746 4403 2311 6910 3695 9951 1915 2331 6661 1350 638 4476 4198 8314 9474 1161 3051 1713 4370 9617 9606 1443 8350 9776 3906 8354 2965 9171 3477 168 1975 8718 1266 2836 2799 9338 252 1617 4505 2816 3957 5049 828 4752 5314 3450 2023 1123 6084 9017 11 6264 8878 1972 8066 8038 780 8406 3594 9468 6220 4559 6659 8196 1957 2105 7448 4842 8399 1103 5512 8682 763 7103 8680 5911 9188 4835 5375 7144 3960 2588 178 127 8746 8097 1804 6399 1591 768 4126 4428 1410 8846 502 6263 2410 503 7381 327 4012 6397 1334 6985 2158 7782 6877 7244 1417 7083 359 1483 5753 1654 5164 2174 8070 6943 3534 3538 337 6085 8995 2449 28 3636 8652 8695 1158 595 4965 3296 5213 1105 7891 5623 8717 694 1221 7924 6343 1613 4167 10101 7678 9340 3999 6438 5869 9824 3668 6935 6065 8926 2732 3067 4591 4784 7383 2336 368 7187 507 5694 5354 4787 7389
9428 8307 7667 456 2389 5500 4127 9263 8571 2246 2392 2874 10156 6766 3438 7991 8778 4315 6734 3901 7377 7305 7817 2601 2533 7639 4832 9427 7251 1339 2879 7189 7185 4734 8018 5893 2479 2322 2574 6082 3102 4176 1667 9948 249 98 5057 2169 6198 9155 10035 1309 571 3684 9854 3345 23 8686 8198 5607 1372 604 649 18 5766 8734 7246 8453 9641 3736 7287 1210 4639 3781 1408 2905 8051 733 7932 924 39 9765 2624 8731 7743 7974 9686 8885 4767 400 9730 9945 3094 2071 9372 5393 2784 3651 8872 7315 8973 5320 9745 7964 387 8301 3975 5861 2699 8552 5144 713 5363 72 5428 6251 6905 8328 657 9846 1571 2980 7447 7684 9216 9166 8522 2067 6736 3656 2921 9919 5397 7201 5086 3966 2487 8703 9458 3970 1597 5714 9852 1392 6535 9207 8637 6458 53 8715 4443 394 6090 8356 4093 2212 6981 4758 1725 1576 8945 786 4026 3091 6214 3754 1419 2872 4304 5618 7003 9700 7486 8943 553 7510 1650 3956 404 8426 2950 4312 1521 7545 5834 5842 4715 2180 1900 1162 5414 210 409 6062 7292 6473 4066 1765 2467 3084
4013 9777 288 9570 445 1365 6810 9177 903 4651 6066 9196 915 3256 430 9695 1927 2053 6604 3870 7629 5725 5619 2299 5541 1700 6048 9879 731 1554 4183 9672 6991 4602 1786 5919 9240 8200 8317 7200 7158 2665 3725 8470 8818 999 2968 4847 6977 2292 7764 1629 2733 6425 5070 3669 3740 6657 1600 5752 9903 8433 3647 998 3324 6040 6652 5313 6946 3248 1977 2293 8166 3031 4674 2904 4882 8650 2466 8948 1670 1750 9812 5366 3965 8901 8896 1265 4133 7433 935 426 2269 3699 2225 5268 4887 2561 5435 5407 893 4594 2211 4718 864 1908 1916 4220 9447 8481 6868 9027 9845 1558 4422 9509 2706 3589 4071 170 5867 5219 9235 4300 3561 10046 5754 8381 7770 1058 9921 3964 6307 8440 819 5201 4103 8378 8329 4799 4713 8254 6767 9382 4741 384 8886 9753 5677 3783 2634 9994 5517 5223 6047 2429 3730 2741 10058 8020 8146 707 9978 5915 1318 4510 6688 9180 4242 383 613 214 4318 74 1520 1496 5368 9901 2701 4052 5950 3331 1450 5055 8874 2780 1195 4976 4535 6002 5789 7599 7582 9098 9746 7366 3723 8142 2928 9841
4600 761 9548 10084 1960 8698 6029 6965 555 2673 5232 403 1429 7925 3803 9534 6833 6876 397 1390 10104 7716 6193 3181 9061 7108 1938 2642 1584 1188 7184 7683 3694 5731 2085 5782 4833 2125 9364 9587 2494 9904 3805 8431 6986 745 3087 5398 4059 1875 3566 6366 9491 7723 8829 3900 1095 8117 2961 6237 118 2004 3744 1776 6914 8918 2841 5040 1477 5127 2686 8611 7493 5107 5017 9584 1782 6234 8439 2170 2357 5336 7866 8181 6851 10013 1074 5635 4373 345 7760 2563 9350 3283 4407 5222 7733 6427 7376 2590 5039 5711 8595 1436 1553 6105 6313 5691 2766 8989 2497 2983 3995 3756 6449 6846 7472 9832 6534 5826 8495 4387 2182 4417 9389 6915 2689 4209 9844 6245 5317 10160 8244 9172 12 9787 2604 5847 2480 6143 5707 5327 6818 5693 6908 5006 8619 5666 4267 146 1997 2393 7341 9543 2024 1217 2164 7710 6224 6784 973 3375 5277 5608 8341 7176 772 7043 4869 9597 6703 6484 5548 7428 5646 5939 4662 6119 1241 9404 710 575 8727 5374 1934 9714 8929 3032 2199 4687 4210 982 7663 7007 8542 6791 4502 2540 1226 2832
4626 1845 2760 3479 7272 3677 1178 1741 7119 4564 3514 6574 3839 1070 4638 2165 820 364 8339 1206 8755 4846 4254 2345 4800 2893 6360 10140 3131 7986 9314 4163 3921 9937 3015 4472 3019 4144 1227 3557 2217 5138 2538 5837 9956 1362 5553 4354 3323 4033 1242 26 3028 350 9807 9565 8379 5768 7709 9629 2700 6477 4429 8164 8059 5024 4509 5116 5673 6664 5193 2863 9373 9966 1010 2190 3617 9439 9078 859 5280 2848 25 5537 9907 70 6178 8243 9375 7742 6479 10085 4490 9501 1401 34 7468 6060 548 1860 2505 7541 1611 7399 9448 325 5322 7039 4540 9980 1260 799 7196 3537 7713 4426 7136 121 3922 1051 6699 1078 10123 6984 746 6754 1201 3747 3982 8464 6361 2674 1225 4445 3453 8665 7613 8274 7035 3671 1909 5081 5345 4255 7262 1420 7063 5676 6131 7578 8784 6735 4728 3765 1594 9838 7409 4041 4749 2507 7091 8589 8837 7988 4051 9398 518 2257 6516 4947 439 2317 3997 3571 3384 1665 7620 8735 3425 990 5348 726 1444 1880 9008 7051 8714 3766 7525 7082 9848 8959 8231 5412 3778 5984 1134 2698 3917 402
263 1497 6094 4039 9281 7935 6101 5783 5829 3312 10053 4911 3968 4593 4204 4822 4668 9651 758 3798 1006 4171 9414 958 2248 7412 10094 4185 9959 4393 7051 8714 3766 7525 7082 9848 8959 8231 5412 3778 5984 1134 2698 3917 402 568 1802 7631 6581 7997 844 6390 6959 7778 3377 2016 8217 1295 2825 9345 4649 2385 4841 7732 292 3457 427 4849 4214 10107 5797 3234 7830 316 2222 6536 9860 3153 4664 140 3135 5559 10028 9939 8944 5010 8334 6671 959 10155 847 651 9230 5072 6531 5588 5722 2376 7698 7902 6034 1658 3027 4754 1005 10162 4530 4150 3017 3581 3797 10061 1398 3198 7514 1459 1858 6513 756 9239 9512 6738 9940 1585 10015 5087 5549 296 3196 10055 10125 3903 7641 2008 2239 643 2849 4663 5761 7623 8193 1836 1705 6021 3123 1130 8343 9858 9478 280 5996 9294 2310 7096 6555 2691 2565 3583 7154 6761 6093 8692 8472 2978 7933 5483 8538 7255 5906 3156 4113 4581 7720 7015 2773 8507 7268 9859 9681 3660 4748 4281 343 831 9084 2809 8227 9016 1524 6951 2260 401 9739 6769 7665 5113 4798 4729 3819 10090
9420 6018 6911 9335 5832 9771 6204 1464 6129 2516 7183 6587 7965 4326 1681 6611 2992 2804 5610 5542 9493 4253 4686 3224 7846 8186 3751 8869 4537 3904 6646 6822 2428 1676 5595 1784 6244 6804 8029 5293 4617 6894 6389 6840 6727 679 8687 1964 5985 4069 4241 3213 4157 8888 6793 7626 5713 7221 6318 5699 7579 1970 6907 2057 9108 9213 581 410 8917 7801 9505 9007 1254 4670 2562 7169 5930 7354 6001 4290 7872 3698 6213 1557 9190 3761 3057 9200 1542 8074 5238 3569 3263 4232 5112 2795 6904 7218 3401 3673 4471 2046 7575 3742 3355 9134 9328 9456 5889 5956 6967 2869 113 3971 4893 1506 4364 5949 8771 3423 1216 867 6556 1406 9184 3520 2512 5005 8653 8205 66 1807 1248 2300 8036 1289 8842 3236 3294 8082 851 2006 8860 936 10001 9586 1974 7734 2343 906 7668 9642 9291 2052 7903 5287 7353 3501 7790 5097 1141 2667 9157 9141 5966 7632 9905 841 8383 6017 7229 4075 4857 7449 5192 2404 3892 3100 99 9408 1212 4120 2075 8363 9530 4675 7396 7499 7689 6358 8583 7491 9301 6627 169 220 6455 4061 9836 1471
8677 9850 8349 2981 1343 3076 812 6518 7019 8719 4804 4875 4289 7226 9099 5798 6928 2290 6890 6623 7326 3923 7538 1544 3861 2523 5843 6226 7047 2860 6276 2359 2898 7598 1579 3983 1761 8090 9173 3521 9486 4453 10188 3796 8603 7439 2597 3149 7776 7650 4486 8780 4369 4740 1745 3205 699 8832 7055 8580 9770 6961 3090 8935 8563 4930 2892 2578 9242 8887 5814 2321 9711 2735 7484 566 254 334 3267 3887 3207 4555 3475 392 7266 1583 7373 738 7558 8286 6691 5060 10154 558 8578 4288 5884 6760 3158 78 3104 8733 2626 51 4053 1902 7745 5951 7022 8910 2236 4896 1531 2213 151 1399 9793 2958 9000 6730 5364 4595 1175 9857 8222 9339 2621 4148 82 65 2920 5187 2933 9729 8289 2998 8005 2501 1888 5649 4922 7024 3111 1098 5315 4903 5233 4383 3396 9359 1833 6272 8201 7905 1940 940 1023 6521 2220 5706 3728 5143 8526 1539 3600 8732 1369 3714 1698 7111 83 4464 10009 3902 1026 509 9808 9876 6528 10180 9234 4925 79 725 6598 8646 2610 245 3223 1512 2515 6384 3146 3838 3542 4245 9091 4349 857 3946
8318 1220 2915 7916 8271 3145 3259 7966 3615 6284 8467 9837 7609 7455 727 8646 2610 245 3223 1512 2515 6384 3146 3838 3542 4245 9091 4349 857 3946 4260 3701 2203 282 3351 5566 5445 4310 4641 6995 3536 5969 3836 4987 9210 5431 2986 6109 8569 808 9047 4450 5381 8855 1088 596 8701 6282 4293 5531 1257 5546 1097 5762 1082 6573 7766 4777 2778 4589 5245 4927 5048 4781 5702 9009 4653 7647 1573 5836 2278 6370 3827 119 7028 7871 6223 1610 7379 7854 6770 2050 7351 1587 9766 7338 2821 7480 9276 4700 3372 1185 2847 6546 5411 8237 5682 8759 6253 10190 1132 8466 10187 3467 8788 6252 9679 2276 8264 6350 1954 5547 3390 4579 2929 9525 1315 497 4739 6103 6950 9669 4635 2510 2630 9175 47 3493 7921 2228 3059 7703 5131 8909 4117 1517 4808 2579 3442 8582 3518 4132 7120 8423 6759 7649 1648 856 8729 10134 8992 5571 71 2333 3338 1939 1708 9415 4695 4906 10102 9897 3604 1534 7135 2662 7961 1701 3394 6168 3495 1903 1418 4439 5305 9923 4636 3823 313 3459 5028 120 111 5899 5909 9977 10039 6407 8581 3507
851 2006 8860 936 10001 9586 1974 7734 2343 906 7668 9642 9291 2052 7903 8437 3582 5356 3452 3850 4378 7655 4432 8997 9121 8928 1065 2873 236 6033 8293 6467 8249 5503 5921 7892 2843 6960 6290 8777 6367 7000 5044 6418 1325 5997 9533 262 6365 1852 6225 7603 7494 5340 5316 360 2172 2107 4966 8655 5840 7143 4843 6417 719 3908 5576 8267 2837 6650 7320 1893 8375 29 3072 5845 1771 5082 3724 740 8309 927 7267 5524 5377 97 7397 7595 5978 3150 7219 9160 6348 1696 5036 6171 4550 7140 5438 3804 8259 2895 8961 7306 648 463 3888 265 7898 3134 5589 8482 3266 1296 7223 7941 2106 1905 7910 3152 4465 3855 6800 9360 8079 5736 8741 5447 482 1789 9780 681 5932 4774 8133 946 5574 1822 564 8509 5123 7873 4761 7202 6739 3206 4388 10071 5110 1013 2200 1749 3257 2026 6432 3640 6942 8710 1706 9104 1932 6141 9979 7404 8165 8672 6742 7560 7906 1526 2575 628 5925 1279 3752 5908 3777 3865 1069 2811 9321 7438 1990 3385 1344 9287 5053 6861 7454 3726 1952 10106 10087 5008 8607 5236 1353 8608 3739 9796
1830 3114 8519 3683 8320 8376 4314 6545 9015 9917 5487 4332 3914 7150 2670 41 3339 7926 9585 6774 5357 1896 9847 182 7614 8397 1264 5288 2303 5800 1597 5714 9852 1392 6535 9207 8637 6458 53 8715 4443 394 6090 8356 4093 3776 7741 8585 9811 3276 10059 271 5808 8609 4839 9926 7800 8319 8694 2651 7504 5247 10117 3348 1829 62 4524 1143 5964 3886 422 2810 6481 2568 3297 1923 3881 550 10141 8570 4549 4291 6578 8337 1238 5991 674 6338 253 7848 939 5344 4646 5863 8840 5387 1445 9762 2187 7577 6016 6185 298 106 9797 689 4710 5297 8377 3612 6117 7408 9195 4011 6305 4737 2935 2757 2001 3024 2009 7388 3708 9690 1748 8623 8504 3464 5622 2103 1649 4128 8524 3950 3772 6441 9935 2446 4607 5923 5692 3810 7543 476 1137 4446 5597 5629 4873 3840 676 1015 6362 1556 1198 9206 8372 5152 5876 1442 6392 1349 9778 1305 605 1272 9573 8091 3837 8604 2509 2570 7656 6235 8627 4994 85 2919 7552 1941 104 6834 6328 2398 2249 9558 3785 4337 6852 9125 8391 4361 8382 2525 4258 1854 582 5799 8352 6304
7919 5098 3364 10173 413 9361 9883 10120 6925 4592 1080 8110 5620 4920 7124 2212 6981 4758 1725 1576 8945 786 4026 3091 6214 3754 1419 2872 4304 5618 7561 175 7427 5959 4455 4406 8118 4088 1859 7616 9541 677 5122 4979 2502 6543 7989 2229 704 1543 3985 8325 1835 9878 3618 46 4168 4193 1826 3829 6429 9437 7245 6713 631 6831 9409 3138 7897 6256 3208 7032 1678 887 6576 693 2939 3831 9773 2287 9626 1882 6381 6104 3030 4440 2192 9989 8338 3522 10043 6614 3128 5922 8351 1022 7155 2554 9659 5828 8043 8558 267 6855 9425 5554 9706 7651 7658 6468 6472 8208 3221 1250 8861 274 1072 2859 348 5215 8859 7679 8141 10135 3947 9970 2261 8523 186 6565 2692 2405 8076 9011 2373 6041 3643 4957 6901 1317 4770 10032 1284 7555 7429 3197 4151 9668 7142 9733 3036 7900 4057 3327 952 9947 3274 3523 9279 4073 1642 7456 3874 8863 5661 4731 6140 4222 2461 6364 542 6309 9663 2318 1288 1817 3568 5775 5289 8370 6300 6920 1647 6670 9725 516 9283 3576 432 5510 1925 1838 9285 5182 1063 4074 7011 4575 1461 7367
7310 4969 8129 2889 5865 3110 5765 3325 5109 3993 5399 3461 590 7973 9368 8995 2449 28 3636 8652 8695 1158 595 4965 3296 5213 1105 7891 5623 8717 7003 9700 7486 8943 553 7510 1650 3956 404 8426 2950 4312 1521 7545 5834 10102 9897 3604 1534 7135 2662 7961 1701 3394 6168 3495 1903 1418 4439 5305 2639 4587 527 2719 6702 1910 2729 4946 1356 137 3052 5472 5269 1203 1883 5492 2996 9244 9246 9284 983 8434 6667 6923 4521 6347 8411 2252 9568 5655 10060 7606 2202 755 825 3286 9024 6005 2775 4856 5926 2462 3314 4683 5729 1582 123 8262 1142 3869 7814 7178 283 6451 3418 5275 457 2486 4262 3070 9029 3897 8688 4475 5615 6203 4919 10130 4331 7060 875 10161 6371 5376 8390 5199 2819 7859 6524 3398 167 1928 3065 770 10108 6608 3415 3757 3830 4342 9997 5987 1935 3849 9519 8121 8730 5168 9199 1779 235 9789 3045 8704 1887 7444 3945 20 7363 2254 6375 8799 5763 7260 4274 3634 3599 732 6210 2684 1149 8452 2963 9915 823 8026 7544 2894 8708 4680 4161 9902 4712 10175 6493 4652 5031 3924 8131 3235
5700 9128 7036 3749 6453 7617 2391 2558 4516 5708 6299 211 9702 3311 8182 2429 3730 2741 10058 8020 8146 707 9978 5915 1318 4510 6688 9180 4242 383 1217 2164 7710 6224 6784 973 3375 5277 5608 8341 7176 772 7043 4869 9597 542 6309 9663 2318 1288 1817 3568 5775 5289 8370 6300 6920 1647 6670 9725 5162 1876 6512 4082 6828 1730 7365 1487 3519 7795 5952 6341 3273 7391 955 8269 6489 3690 2957 3081 1407 3942 9987 6947 5585 6476 8385 781 2887 6880 2774 7179 9262 7984 6874 8748 9881 5019 1715 9607 2450 7033 3429 4801 6884 2019 1732 7116 2645 2435 1699 5652 9003 2135 5767 6052 7387 2070 7731 4233 4412 5427 3476 834 3773 993 9444 7611 8620 8456 6586 1094 8194 2927 701 5880 1707 5903 5030 92 8792 5266 2451 8494 9085 1843 647 8614 5992 4493 587 6071 8724 8152 255 9137 1815 3397 6848 4967 8324 478 9205 1378 3738 421 8938 338 9307 8357 9722 3894 6063 9440 4563 5552 5229 8432 1562 1205 4178 4778 9515 8922 4963 7419 9477 826 4588 3005 6741 597 2640 130 64 8444 5744 4131 1575 1039
2885 4773 4824 5810 742 4292 3022 6716 8417 80 7634 3791 4344 1091 9855 694 1221 7924 6343 1613 4167 10101 7678 9340 3999 6438 5869 9824 3668 6935 6703 6484 5548 7428 5646 5939 4662 6119 1241 9404 710 575 8727 5374 1934 5545 8438 1320 1146 3512 4010 4529 3018 2922 5678 6511 4225 7855 7121 7890 8429 277 7581 9821 2954 4543 6743 4280 9010 9913 291 3002 4506 3952 910 5796 7 8214 8474 4014 6079 2048 2842 3061 5045 9059 7402 2708 5241 6151 5146 9539 6056 4205 6205 5169 629 6744 4932 7006 7963 3085 4411 923 7580 8027 8549 5995 5132 1282 8594 4667 7874 5385 8191 5174 1998 61 9005 3632 5596 2606 7340 8975 9162 3127 6147 8856 3103 1729 1199 9459 5390 8450 5256 662 992 7049 1688 6783 7861 4834 5892 6457 8819 4302 6410 6974 3486 8751 3053 10066 54 5934 6882 3490 4372 2956 9163 8785 7708 2137 2941 266 5071 2589 49 6589 858 6988 3720 6128 9684 1803 2644 8491 7374 7368 1871 3802 3406 525 3148 4598 2947 6265 5254 8477 244 5000 1675 9247 2112 9736 9449 5871 9952 3613 8071 8728
9927 7467 1510 7819 7998 9800 1540 6006 8069 9806 5851 4164 7481 7451 1955 3447 2358 1240 336 7838 4037 2332 5084 2191 9076 7653 1219 2976 3471 6340 2753 7186 9243 7288 8279 257 3354 9613 6160 4921 1492 2215 2027 762 3419 7530 2325 7811 4775 10002 8858 2063 9564 6665 1029 5497 4305 3574 8009 6439 9018 8510 1160 161 2354 7727 5870 5217 563 6463 3972 712 6998 3969 4890 2349 3551 5395 5480 7469 8248 2987 4553 4397 5788 6083 3533 2564 7398 1555 3646 729 2659 5069 6962 7718 1482 1322 8813 8445 9688 7406 569 9507 4991 8294 5147 943 6435 4356 886 5825 9494 9115 3245 5446 9532 9849 5750 69 9040 3916 6257 3041 3686 4981 8722 10030 6520 7853 6762 9864 2704 3344 7471 8154 8257 7254 7699 5769 8396 5928 950 1364 7707 9983 1321 4097 1129 4973 6933 6064 7332 9079 2802 5443 6921 8316 8684 10152 490 9645 5990 6248 2147 247 8100 3938 8895 9300 1747 3165 4879 1259 8446 6342 5079 4040 3215 3721 9981 5534 3579 8292 1481 6330 4218 1135 7691 5689 4095 4251 4902 9957 5937 2853 2490 8218 6014 7669
4207 7029 9931 8435 201 4015 9716 4353 9737 7522 7477 3990 2364 5436 9159 2823 2146 874 6483 6899 4395 2218 2539 2730 5002 7802 9462 1067 8642 6827 8179 2073 4802 1030 3845 1243 5205 2352 1499 3014 4974 414 2056 484 1355 7102 2641 9223 8361 2613 7992 6169 2532 1235 9095 10184 7431 4997 1366 10098 3008 9131 534 8574 5248 9749 8345 2372 4871 377 429 8101 9219 7604 5640 4174 7995 3193 9665 24 6826 4025 2365 6695 7295 8824 2948 8853 7636 10198 556 7896 9593 6329 7126 3774 6644 4391 4837 7856 8019 5067 3460 8418 9077 1391 8999 4950 7602 583 6668 2923 9506 9660 618 4498 6283 7792 9056 9523 6773 970 341 3025 3209 1374 7259 8145 7446 1197 5034 5982 449 3182 7487 4666 5479 1498 7737 7216 10070 8648 8516 3817 8592 1683 1831 4140 2817 3478 718 5342 3998 4622 697 9067 6452 9853 8577 8127 8089 9208 6643 2208 8649 8300 8486 1777 930 5475 10158 7711 1891 5465 7416 4968 5014 9544 447 4577 6939 7105 4794 2184 1924 3405 302 8173 4851 3760 7939 9049 9880 2988 8521 4452 3433 5631 7955 4936
10070 8648 8516 3817 8592 1683 1831 4140 2817 3478 718 5342 3998 4622 697 2655 5156 4401 2762 6550 7922 264 7414 1988 6158 7017 1447 6430 5868 5304 7624 7473 6994 5994 9764 2908 5255 1906 131 38 2738 7696 22 6003 6437 1702 2936 4436 7235 5244 7177 8024 5302 8924 4909 1936 1470 3541 6314 6326 10033 10109 6508 2195 7928 2798 7464 4884 1755 890 2233 5975 5821 5565 2045 7213 5250 8144 3155 2453 5440 6815 10079 8744 8010 6675 1862 7889 9161 3770 815 8987 6982 2356 10012 4180 4853 5535 6591 9197 4611 6013 8807 6765 4211 8282 2101 1709 4744 9975 5214 8635 4517 222 641 6412 4574 2925 8550 6073 2695 4852 7527 3238 4673 775 7546 2129 9093 3812 3469 3016 4070 6796 1347 5102 8358 9986 4582 4816 7478 8098 1820 8749 7700 3216 4616 8839 5225 3046 6584 1167 6270 3151 2654 8628 1376 2062 9950 8290 8745 4248 116 1720 9830 4479 4571 1164 1796 1716 9488 4226 5641 557 4899 5668 6035 3614 914 7548 4825 5396 7912 4813 5120 1311 8120 6222 6195 6764 9254 3194 3270 3782 7834 143 2076 1942 9110 5710
4806 5463 3943 7980 9357 1075 5942 6333 1302 7117 5271 5583 9892 1393 3122 3042 4451 268 4409 1549 1968 6934 446 4755 3955 2347 645 4888 705 5012 2946 1113 4006 1586 9682 2171 5529 7828 6421 8499 9692 1154 5401 3800 6446 1024 5667 2541 6505 7435 6395 2378 6402 1297 2173 7278 4697 5598 6241 3417 2028 2305 4803 3313 9472 246 7156 5723 7692 8790 2167 2438 9374 95 1189 1861 835 5170 673 2133 7983 2551 10151 9083 7958 7850 6200 6020 4993 3026 6630 2102 9170 8697 322 10020 6007 511 7204 10022 3143 6174 3374 6983 899 1551 2543 9803 788 2065 1169 4706 8139 7882 5261 354 8108 6823 4708 4156 3517 3670 7526 8660 2765 7675 3616 1473 6575 6053 2181 6075 9869 2517 4532 5946 3298 2991 324 7573 8575 736 5099 7092 6526 2768 8685 2366 5813 240 3531 2924 9310 8042 5522 9399 9689 1971 4938 6120 1494 3789 6202 9627 724 9265 8844 1102 2234 1314 1263 4725 7041 8044 4764 6310 6629 7123 9674 4859 6321 5703 625 2496 2831 7020 3222 3513 6549 8003 6963 261 7173 9870 3184 3939 2338 7411 2491 9740
5287 7353 3501 7790 5097 1141 2667 9157 9141 5966 7632 9905 841 8383 6017 516 9283 3576 432 5510 1925 1838 9285 5182 1063 4074 7011 4575 1461 7367 6265 5254 8477 244 5000 1675 9247 2112 9736 9449 5871 9952 3613 8071 8728 2379 7799 5601 6966 8506 8266 3175 1878 612 1757 1291 508 3430 3585 2342 6043 4685 225 8977 7078 8017 4390 1451 9920 21 2408 1085 9713 4124 6662 5740 1727 2875 2375 8371 3529 10034 6634 6296 8040 1528 5092 7572 3833 5462 528 8998 1985 8310 4562 5449 2779 379 3409 3949 9473 2498 4122 4723 8939 4375 7518 8057 4661 523 7012 8335 2725 2452 2643 3907 9615 7512 3719 7426 7094 6562 5539 8949 4068 845 9396 8291 8096 7836 223 9891 5638 6596 9069 339 6519 6866 6957 5093 8246 2155 8183 6558 2520 8459 9666 6873 2942 9618 8443 8177 6391 4580 2401 3852 9271 3062 5902 1360 8632 9621 9149 4321 2723 269 9906 4159 6927 8675 6015 6316 6266 5078 9475 9165 2000 1480 4684 2131 9419 5896 2362 8255 3655 6527 5499 2441 1304 5748 5104 3054 8631 6709 6416 9831 3199 6159 5126 299
9067 6452 9853 8577 8127 8089 9208 6643 2208 8649 8300 8486 1777 930 5475 4461 7059 6173 5441 1898 6821 8556 4231 865 5970 2827 4317 7212 5787 4527 1400 347 3237 8386 3451 848 9423 9267 7968 9460 6181 6165 2660 2235 6849 6887 3535 198 9385 5955 1312 2542 1794 3112 2739 9717 9026 3607 2907 8497 6676 3919 8923 5290 8798 9604 6958 5380 1746 1718 1120 5739 8084 4482 6731 7962 6517 2114 9465 3889 2092 2693 8630 908 231 3291 5419 7302 1848 4112 7153 7693 5337 3735 6355 1956 6269 7269 6540 895 4182 3516 9529 5737 8134 5586 6295 8065 2548 10110 7867 248 2445 3130 9707 124 4548 3681 8224 8897 7588 4854 386 1109 1736 4034 6132 5658 2609 2346 7607 565 6163 1283 6183 7936 2550 3573 1106 4485 7421 2572 8099 1277 9479 9709 9153 7503 7775 9996 3060 1635 941 5052 706 3567 1568 5032 9487 1814 1422 4520 5663 1590 8102 2970 7463 585 2710 1435 2059 15 3548 10063 1190 284 8449 323 591 1229 1518 4081 3793 505 5468 9752 1488 6632 4814 3556 4610 1869 7584 8004 4121 6817 6871 3895 7465 801
1747 3165 4879 1259 8446 6342 5079 4040 3215 3721 9981 5534 3579 8292 1481 3567 1568 5032 9487 1814 1422 4520 5663 1590 8102 2970 7463 585 2710 1435 177 7660 790 1511 9105 8485 2678 5625 7837 7344 7271 1484 7318 9761 6566 6870 448 5176 3717 7534 3119 5795 3872 395 9963 7098 9052 1839 6078 8721 8369 8591 5850 5809 8539 7300 4585 3422 8814 7331 8404 5974 9352 6559 7975 4788 995 9886 9249 7515 2475 2082 1710 6552 8776 8753 5062 10128 2973 423 1425 4865 735 8055 9583 8013 3572 1618 7615 8960 8245 9454 9469 3898 227 5350 7547 5285 5858 1025 9658 3552 3602 9816 637 7364 6560 2594 8342 1214 5791 2454 8414 59 5351 8348 4223 9154 9318 2770 4145 1856 3954 6406 1052 6428 4597 9814 1100 1734 275 10086 7256 8475 6498 7982 2592 6807 3866 9455 7976 7018 7145 8647 6683 8982 9785 7608 4384 1268 9065 6448 9867 9628 7281 363 9228 4515 8420 5664 4265 1375 1608 1913 9326 3347 1660 9636 5402 380 2720 620 532 4104 3853 8921 3489 7758 2734 1468 7122 9107 2627 3458 3679 8106 574 4194 4306 2650
2809 8227 9016 1524 6951 2260 401 9739 6769 7665 5113 4798 4729 3819 10090 4265 1375 1608 1913 9326 3347 1660 9636 5402 380 2720 620 532 4104 3853 5793 655 9097 9400 8670 5358 7490 5211 2367 6281 8805 6537 329 10007 8843 8373 2122 5721 5859 9126 3944 9041 3932 3846 7681 4845 3734 9503 5890 3864 8425 1989 1877 6787 3109 3282 2230 6725 7138 1174 4352 5066 1038 9058 7308 749 9068 4861 1478 8500 594 355 2731 7862 1040 4473 3562 5094 7097 9929 3271 8782 9073 6286 6254 7390 7496 2839 8159 50 5648 4817 321 9245 7265 6491 9805 8104 1615 6447 8821 7393 9422 6639 3880 6036 769 6025 776 3407 6107 2529 7336 2043 8126 8767 9577 4160 8555 7977 986 6892 8568 2680 4633 1133 551 6651 1303 5240 8303 68 234 3432 8484 4789 5473 9798 1342 3310 4239 7847 5633 5805 636 1121 4707 2866 4629 7410 4866 942 9691 1049 7601 8669 1150 9818 3505 6291 1560 5064 122 5885 9116 901 8903 8251 7214 96 7461 3642 3307 9320 8033 10124 7622 2307 2031 2495 2403 3013 9732 8454 9048 1890 2113 1485 6414 5812
8628 1376 2062 9950 8290 8745 4248 116 1720 9830 4479 4571 1164 1796 1716 8921 3489 7758 2734 1468 7122 9107 2627 3458 3679 8106 574 4194 4306 2650 3000 2421 9640 2504 6424 3650 2094 4360 7576 1500 4980 4605 389 6137 480 1828 686 1380 8835 1978 7405 2266 1595 3189 205 5883 2756 2833 4999 5897 1234 3172 5033 6795 8025 2013 8081 3300 4913 1491 4870 9944 9337 5980 7843 4200 9238 7026 8599 5137 4463 1895 9176 5684 1413 6563 2294 8866 3443 3834 2530 1666 10036 5527 1752 9624 9511 8114 2087 4447 800 9826 1432 2846 885 2769 2116 2382 303 4590 3448 5509 9470 5827 4964 4424 9066 2427 7193 193 4227 1172 5491 6260 453 7662 6409 3373 7500 3230 2370 1731 5860 1612 3164 678 1019 10014 862 6674 6728 7040 774 8743 2715 3233 9843 4894 2460 5550 190 3667 4368 8421 9743 6177 8761 1379 1759 9452 176 8893 1186 8696 6853 3696 7453 5665 4199 3416 1867 7593 6259 7685 8662 1258 7612 6374 7810 7637 5183 5391 4216 9327 4146 6240 451 6415 8801 4642 5298 9251 9522 7513 7759 1945 4874 9080 6277 1630
6527 5499 2441 1304 5748 5104 3054 8631 6709 6416 9831 3199 6159 5126 299 9744 2587 1672 4433 3434 9106 960 6487 1653 4943 6059 3444 4313 7927 3292 2611 4456 9508 312 5416 8783 5424 157 4192 9863 7109 500 7079 5875 7359 163 4872 2716 606 2794 9768 3483 4830 7940 3383 1812 8567 8061 3320 1218 7701 4480 4578 9549 9967 6233 7507 2714 2850 6571 1467 8283 1341 2844 7816 7942 1437 8930 6422 2901 6278 6471 5108 4341 4544 2207 3113 4867 4518 3140 3120 2383 9383 4705 8284 4821 8739 5300 5603 2150 9353 8825 8353 5389 2989 8602 3578 3768 3011 8586 142 8327 6176 3078 1704 6952 465 3332 2017 1267 8786 4474 481 2997 811 7046 8256 3712 1474 9790 8588 7884 540 7524 6684 5075 8365 6872 1967 7893 5476 7754 287 5701 7264 3883 9233 7825 1922 8851 9130 499 3288 3204 4138 3549 10150 4790 8220 1433 2755 1147 8993 9290 9943 4751 9569 3977 3166 8906 3462 4810 5423 496 6577 5575 10062 1168 8808 2086 6139 9463 3055 9306 8689 5450 411 3079 9050 4690 4985 1463 5578 5329 7030 9804 6722 8460 9013 5720
5594 7222 513 9259 989 6459 1686 9063 7953 4746 3648 6045 33 4934 4359 133 5260 10136 19 1412 6243 3243 5388 5467 8022 6847 10183 1538 1081 7174 1187 243 8791 7090 6813 9135 7230 4984 2628 3410 3525 7100 9598 9158 5973 5117 6878 3927 4362 9579 5543 2148 2271 1402 5532 7680 4763 10195 8899 4917 5264 3587 2870 9366 7852 4634 2418 9367 209 3056 7407 5967 281 531 10025 8894 5746 3038 2081 7635 611 2776 4170 7152 938 3260 7517 6207 5774 2022 9103 6509 6756 40 1278 4399 1354 1953 488 7822 7203 656 3978 4855 6750 4323 7053 7415 9724 6533 4912 3168 2319 6969 1692 2415 2223 10078 8774 2598 1626 4109 1604 3611 2913 9813 2709 9341 3530 833 7520 7208 622 9575 4228 9941 7767 6593 6541 6504 7592 256 1825 4643 1816 6211 319 5773 1307 286 4028 696 2567 415 7224 843 1124 3437 6201 8058 1947 8804 4076 9241 1007 5573 4087 5196 6267 4538 5727 9397 4644 4722 184 6658 6902 5516 8994 6715 5680 3480 8617 8053 9071 8400 10040 6136 2603 8236 1373 4421 1633 6123 192 5855 10145 7796 5043 5873
6339 9492 7938 195 1035 2289 2238 5616 307 10051 6431 2718 5804 6772 7450 1560 5064 122 5885 9116 901 8903 8251 7214 96 7461 3642 3307 9320 8033 6514 1669 2569 9590 6798 911 6275 8831 7899 10045 598 5235 2746 52 7506 1184 4901 9122 3899 8579 2786 9602 1357 3799 2060 5560 1920 1200 981 1396 468 1503 1384 6912 2489 2545 2149 7148 2128 5555 6763 2631 4910 7270 7304 5841 840 5056 3393 9264 2801 9209 5838 1176 9631 3675 8601 1383 4282 4380 6940 4823 9270 3306 4038 9887 4645 2566 7378 1037 9949 8153 6182 3037 5134 4382 5119 6150 1128 8458 6590 9113 7773 3361 2328 7115 8088 1849 2316 4147 7574 9376 7739 8412 2396 4848 9218 1330 7844 8606 7112 1274 6602 5054 102 8462 5026 73 1811 2178 5835 8927 4264 2186 8156 6297 5311 3666 6356 3466 5674 6956 1453 572 6028 4119 9330 9639 8364 8626 1523 6216 9594 212 1011 5811 1620 8505 2296 7761 3445 2424 9429 8188 340 3381 2896 10170 3365 7610 153 419 1313 3653 1588 3177 2902 5669 994 4257 4322 3841 5228 6408 1245 7904 894 2368 1622 5451
9589 3558 3973 3697 6867 5634 3843 6617 4080 5089 7985 3290 1089 7167 10050 7229 4075 4857 7449 5192 2404 3892 3100 99 9408 1212 4120 2075 8363 9530 1867 7593 6259 7685 8662 1258 7612 6374 7810 7637 5183 5391 4216 9327 4146 5224 4269 2649 1092 9788 2623 5184 1298 949 9817 5 7420 6622 3261 3315 374 3285 8395 3980 2964 879 2890 6801 9900 9298 8833 5464 2682 8891 6724 5760 8046 891 2312 1762 6469 3658 7944 8457 7067 6692 1048 8815 9990 9608 9410 739 2824 4416 7744 4704 147 2736 5914 2104 9916 5780 2528 6811 10146 8174 9708 3706 6149 6990 593 3142 9954 5432 1490 5046 1054 5321 1428 2808 332 2694 2696 1537 614 173 3357 7242 6186 4820 278 171 7951 2330 9779 3577 7442 4297 7569 7521 8951 4914 9632 4083 6553 2007 7920 8756 8030 4826 8618 434 126 8956 6411 8028 1466 4948 1691 3879 5016 5505 9531 7697 3133 873 8032 5198 512 3322 6776 6122 8787 782 3368 5457 2671 3378 956 9971 9715 9497 2840 3882 1448 623 6687 4466 1173 9560 947 6820 2820 7587 2206 4844 7721 7157 9654 4941
9714 8929 3032 2199 4687 4210 982 7663 7007 8542 6791 4502 2540 1226 2832 2059 15 3548 10063 1190 284 8449 323 591 1229 1518 4081 3793 505 5468 2675 3441 9828 9756 6157 529 2156 6932 7239 7559 2945 1638 6926 9550 1516 2891 318 7840 352 2301 5490 7289 9619 783 6737 2361 5437 1020 3524 5557 9231 1153 5961 221 7215 1901 8122 2914 6638 2348 9625 7823 10168 3268 6858 2351 9500 3629 10041 1327 5208 5037 7294 1661 9875 4271 1574 7630 921 560 6179 2456 4279 9833 6749 3790 6903 8877 6836 8584 7459 4100 4286 6806 4576 8398 8868 8207 6777 8347 8991 9825 3258 2353 2752 2464 7671 56 3624 139 2788 8234 2599 1602 1728 6320 3174 6306 544 4142 9974 8616 4367 7350 796 4202 259 913 2205 4986 3584 7879 7198 7717 6385 3862 3089 561 5154 8228 7809 8273 5284 573 3631 3262 9412 7009 1636 9782 6466 9596 855 5924 4460 3672 9680 3047 5307 5488 2910 4307 2160 785 2580 9563 1465 747 2120 7841 2966 1808 5495 9482 8428 3807 2302 7440 9006 9331 4270 5671 437 13 8645 1917 3071 7356 110 6353
100 6886 7807 8543 2666 6557 3732 9225 9856 1637 4952 486 4491 8489 3092 1773 10115 9424 4308 3488 4355 4541 9054 472 4533 406 5948 2506 2932 8296 5727 9397 4644 4722 184 6658 6902 5516 8994 6715 5680 3480 8617 8053 9071 623 6687 4466 1173 9560 947 6820 2820 7587 2206 4844 7721 7157 9654 4941 698 7918 6184 1837 5349 5784 1999 6444 8215 7335 4276 7729 6679 751 6019 7470 928 7535 1965 9521 779 666 1763 6601 2900 1996 1841 4252 5331 7994 4716 7947 5405 9557 5135 8838 3854 3976 9004 5874 440 8781 232 7516 3040 4931 8219 3386 8537 1677 2513 4942 9174 5645 217 349 9393 3439 3769 5469 9386 3610 5599 2434 7553 8408 158 10143 4621 2535 579 6654 975 9280 5817 1530 2074 7929 2876 803 3893 1668 7839 3953 3376 9109 7392 5533 8366 233 8461 4519 5526 483 1087 1717 6138 3506 7232 5384 5656 9362 8691 7808 6311 328 7657 7125 665 3048 2136 5647 9750 309 8136 2803 5319 4568 1009 8427 3863 6236 668 3775 5718 4811 6335 6380 5299 330 301 4008 6096 9677 4285 5323 2010 8230 2688 9034
7957 6108 10089 3304 9269 7633 4394 10159 8625 1196 5111 1798 1306 2263 4886 4675 7396 7499 7689 6358 8583 7491 9301 6627 169 220 6455 4061 9836 1471 3549 10150 4790 8220 1433 2755 1147 8993 9290 9943 4751 9569 3977 3166 8906 8673 10024 6839 5803 8674 1607 8441 4785 5905 6551 7474 1455 8520 2856 7628 5252 6474 3449 7352 6368 2175 8965 4389 8168 7191 9354 1377 6405 8679 2422 8898 1567 933 723 3828 3639 3857 1646 9057 1766 7021 7917 7659 1950 8979 5688 9371 1834 8737 1991 2161 5833 6289 6 7005 7129 4916 1434 3167 8401 4114 10005 1244 3564 4819 4539 8883 5591 9293 9407 5690 8702 8996 370 2093 8816 8644 836 6480 5940 5654 6478 9653 7062 4398 4995 7645 3240 314 7725 4272 7207 4396 7597 3593 3619 4926 7027 2108 8946 6700 10038 937 1863 5580 2805 954 700 6319 6337 2463 3620 2596 1914 4141 4376 3482 42 3159 6500 3370 9349 1041 5015 1625 5400 7886 4858 8502 8112 7163 7048 5972 659 1233 2138 3424 4499 7441 3678 7642 4334 9545 1001 7452 6889 5819 1340 4614 4566 6496 1930 3279 174 4072
9399 9689 1971 4938 6120 1494 3789 6202 9627 724 9265 8844 1102 2234 1314 3462 4810 5423 496 6577 5575 10062 1168 8808 2086 6139 9463 3055 9306 8689 3445 2424 9429 8188 340 3381 2896 10170 3365 7610 153 419 1313 3653 1588 1456 8806 9884 2868 589 5704 1918 5627 2707 8465 957 471 9728 2583 7209 730 8389 9323 7798 5660 2971 382 896 9388 6869 8455 425 5528 1614 6049 9257 2835 9297 8011 8990 1249 3144 10100 2327 3105 4868 1881 5370 1946 619 7131 219 9551 4348 580 4671 3597 7475 10105 6780 5195 6086 10081 1578 7812 3170 2309 2854 2622 5686 8624 3137 5191 6707 1159 8483 7307 2264 8468 6542 101 191 6130 7827 4418 9193 1792 5886 4030 5523 2140 2245 7253 6445 8508 7068 9731 9648 9704 9086 1204 4972 4923 5157 9554 7638 8268 8132 832 7987 6497 9601 9329 3926 7909 2051 4776 180 3875 6098 9868 10119 7284 4246 5636 8170 9020 5403 4807 2653 2118 5177 711 4492 3012 8313 4055 7876 1351 8534 8920 1525 1976 7652 2585 3764 7369 9671 7180 3959 10199 7950 708 3745 6031 854 1733 2748 6655 9794
9406 7488 8947 6317 8360 1033 9802 4065 3702 3737 5507 5570 9185 6506 2371 9822 4118 626 4086 8124 3125 4692 10097 4669 810 8936 9738 8045 8914 9748 2910 4307 2160 785 2580 9563 1465 747 2120 7841 2966 1808 5495 9482 8428 3764 7369 9671 7180 3959 10199 7950 708 3745 6031 854 1733 2748 6655 9794 3360 107 3136 308 6401 7217 7057 5577 8902 494 8779 3816 3544 680 520 7013 1795 2556 4458 5732 4240 2037 9315 5695 2845 9603 1884 953 5221 4 5938 3044 3820 4296 7418 813 1 5709 7502 4172 3481 6677 2576 8080 58 4908 821 963 8247 2511 1211 4827 4058 1363 8983 3020 8048 2912 10093 6726 6987 3806 7787 2657 10016 6134 4301 805 4044 2683 2068 1194 3342 882 144 4753 181 2197 1738 4889 9637 9295 358 871 4676 6057 1962 129 3411 2861 2864 4324 7948 870 7769 8203 1101 2676 333 8707 4900 2877 3210 2743 2295 3147 3096 8796 9356 3981 9313 6037 2227 2154 3371 6740 3492 7014 4500 7821 2117 5781 3925 10114 2288 4018 3664 3302 135 3334 1645 1152 5628 149 7025 10177 3414 4714 9697 537
6293 5936 8422 1247 6088 3598 4791 297 5715 576 9775 424 522 346 4615 6065 8926 2732 3067 4591 4784 7383 2336 368 7187 507 5694 5354 4787 7389 613 214 4318 74 1520 1496 5368 9901 2701 4052 5950 3331 1450 5055 8874 7642 4334 9545 1001 7452 6889 5819 1340 4614 4566 6496 1930 3279 174 4072 3413 6070 289 3601 8107 2584 784 4711 3539 4195 1370 8326 452 3700 9930 8007 9646 9384 5362 1993 4438 4001 6170 9442 9133 8713 8709 6161 4657 6970 8775 4005 1047 9552 592 5338 10049 8323 9072 7263 6004 1596 4892 1000 7672 5343 5420 7945 4189 1866 6074 4682 1414 7206 8622 4261 4105 5912 4951 9179 5779 10004 1780 6854 1163 5333 7911 4929 8876 10103 9638 8544 81 3657 8014 5145 6423 8209 8651 6613 2003 549 5844 1621 9224 9268 7715 9888 2098 1961 1148 567 8306 8763 6881 8263 2 4701 9962 6554 5728 6221 6592 4624 9576 8854 6790 1874 2560 317 737 8725 3252 6475 6729 10037 1857 6357 7236 7934 4719 4928 5584 8041 8845 4435 4351 1386 2100 2084 6327 7908 5341 9405 5444 9774 9322 436 6789 4169
9558 3785 4337 6852 9125 8391 4361 8382 2525 4258 1854 582 5799 8352 6304 1664 934 918 9062 2955 4551 405 4017 905 8359 7228 461 8021 1536 6580 2232 6636 4793 9526 5891 9537 1293 2036 9344 8336 9430 6802 521 5888 4742 787 6231 8828 3388 1014 1368 7286 1139 6026 6344 4414 3190 4678 8967 5242 6189 1593 8681 3064 371 7261 2015 479 455 7585 1042 4090 10057 27 8216 4885 7784 9351 1912 8954 3663 4229 9457 2326 863 3920 5681 6999 5121 8754 10 1108 8147 4410 4895 9657 7149 6490 2625 8862 36 8242 3074 10116 145 2791 691 764 4043 5551 285 3992 5346 8238 702 6262 4939 6937 8875 4003 4434 7342 4501 3080 5310 6396 10047 2402 2179 7093 951 2728 2425 5029 599 3491 4881 7865 824 9546 9516 3333 971 3246 293 1847 88 6862 125 8430 8613 3284 8116 7324 3010 1682 2761 86 1689 6154 8232 773 2399 8916 43 4779 1783 1982 2982 818 6718 2555 3674 3039 5151 6941 8827 4256 5068 8140 2974 2944 5166 7772 2534 767 752 9734 1192 1299 2334 1262 2969 4031 4129 3289 7757 4525 842 1093
3704 1273 2888 3934 9151 9735 8260 4724 1643 4316 5831 5963 5904 5231 7076 8163 7690 3275 3139 2553 5125 2586 5611 7804 3958 996 7877 7791 6349 1061 5450 411 3079 9050 4690 4985 1463 5578 5329 7030 9804 6722 8460 9013 5720 1682 2761 86 1689 6154 8232 773 2399 8916 43 4779 1783 1982 2982 818 9490 3454 4915 1002 9683 8760 4918 2231 2177 8138 6824 9527 5653 8447 2962 4457 8210 4404 1008 10132 7141 2522 2384 8726 7820 2790 8031 2829 1110 6642 1907 3716 5227 5328 5525 5347 9316 8797 8836 2320 7594 3750 4546 881 5220 431 9936 1099 8312 9718 1659 8261 4693 3098 6482 2656 7360 4940 32 5776 6301 3086 1116 128 7400 1475 9305 4064 5685 30 6954 365 7571 4599 9012 3563 3645 4027 4481 1505 7777 2677 5394 1165 7619 7618 5243 5643 5335 443 4221 2440 9998 7275 3075 5018 7724 7165 485 3498 1036 8160 4346 504 7712 3580 2717 8277 7182 9784 8913 7736 9609 7833 9588 5065 8849 9840 1127 912 6273 1563 2025 7907 9483 6968 4234 3244 10072 9801 3867 4978 6930 17 5325 685 9571 5262 4768 10186
9001 8533 9416 7002 526 5296 7075 8826 10010 1719 1170 9413 8981 6239 3967 3640 6942 8710 1706 9104 1932 6141 9979 7404 8165 8672 6742 7560 7906 1526 9488 4226 5641 557 4899 5668 6035 3614 914 7548 4825 5396 7912 4813 5120 6240 451 6415 8801 4642 5298 9251 9522 7513 7759 1945 4874 9080 6277 1630 10017 7031 3731 5273 7299 6972 8211 4032 2754 7888 6606 4266 6864 8407 3996 931 6720 5650 1721 8848 8111 9696 4259 1181 3176 1508 7170 9993 1090 5502 9334 3328 1079 2096 1657 1865 6255 6808 7328 4238 1724 9751 2726 2196 3249 5074 2377 7706 8912 4273 155 1737 45 3504 1679 8554 5624 5210 3510 10178 3509 8285 3219 8810 3755 7458 7231 9274 9517 1921 9348 6896 5853 2413 7417 5759 4371 3649 7252 2284 1605 997 5272 8035 1034 8772 8658 6162 1427 7883 6605 9712 684 4512 3499 6488 644 1948 9518 5158 464 3395 3356 5822 3641 6095 6694 5758 7482 5439 5202 2943 5379 6152 9192 1281 270 3588 6733 3004 9872 6050 3860 5770 8050 4063 3762 2862 1191 4975 861 8984 5185 7931 105 4648 3963 8478 6288 8548
4107 3187 7257 7556 9591 9258 5330 721 3832 10054 754 8001 5520 6595 7887 9923 4636 3823 313 3459 5028 120 111 5899 5909 9977 10039 6407 8581 3507 10158 7711 1891 5465 7416 4968 5014 9544 447 4577 6939 7105 4794 2184 1924 1263 4725 7041 8044 4764 6310 6629 7123 9674 4859 6321 5703 625 2496 2831 6547 4660 2005 3733 9655 530 6626 6955 8769 5496 1472 7044 3420 5035 7842 3001 2617 10129 1207 6922 4631 514 9042 1662 7529 2544 4703 3606 5894 4135 3225 1476 6192 8330 75 1577 7130 1897 2647 2669 2975 4959 2204 3961 6712 7316 552 9189 304 5274 5309 1441 2818 8610 5392 646 3937 9392 6610 5558 1655 6564 3192 4098 3346 5941 7298 1338 6462 1743 3265 90 1114 5478 3380 4623 1711 8529 838 4295 4747 2259 2792 5073 7755 2042 3792 4166 4430 5175 3118 1016 7913 183 5165 35 5730 2247 4738 1409 5063 7380 1565 5999 6008 6680 900 6812 10027 10148 7319 2737 3788 8621 9451 634 4125 2828 1182 8985 2897 114 1286 6628 4339 4197 7832 2767 6841 202 3590 1055 2711 6588 4402 7164 7321 10176 5188 720
2780 1195 4976 4535 6002 5789 7599 7582 9098 9746 7366 3723 8142 2928 9841 2575 628 5925 1279 3752 5908 3777 3865 1069 2811 9321 7438 1990 3385 1344 1311 8120 6222 6195 6764 9254 3194 3270 3782 7834 143 2076 1942 9110 5710 6857 4745 8969 690 9484 8514 7023 474 5163 6124 1059 9081 2882 5989 459 4983 8963 1404 5212 6544 2407 8957 8750 1479 2275 89 5697 9201 3508 5735 1308 7175 7858 6603 8388 2483 10147 4743 4504 8253 7596 2014 460 8671 4134 3989 5258 743 7993 276 1570 1044 6197 3930 6838 6323 6612 4250 9038 6258 4949 5895 4067 6000 10031 9842 7147 8233 4654 7110 8239 2034 2796 5515 6917 3511 1788 3173 2054 2412 5536 7113 2459 3689 4796 4897 6609 3033 8970 794 412 4935 8355 7132 5408 7395 4062 2077 8387 3729 3715 2705 6653 9237 8976 9467 2937 5777 869 1416 5216 10196 3502 4496 5920 7460 5278 9673 3400 2469 7280 1793 9595 7199 8512 2387 6494 7159 1382 6900 9411 8015 5592 7682 8150 661 2536 750 978 16 1864 9489 7161 1813 3661 9286 8006 3171 5609 9791 1690 7312 8272 4558 5433
621 7788 164 1680 2745 9889 5957 10076 1790 3316 9181 1086 8199 6895 5452 9287 5053 6861 7454 3726 1952 10106 10087 5008 8607 5236 1353 8608 3739 9796 3405 302 8173 4851 3760 7939 9049 9880 2988 8521 4452 3433 5631 7955 4936 6718 2555 3674 3039 5151 6941 8827 4256 5068 8140 2974 2944 5166 7772 2534 4489 1323 8633 817 3824 8531 1651 2474 1963 3710 9311 4108 1969 4101 716 3909 9528 9051 2079 6175 9581 4944 1430 2815 660 4698 6992 8442 9222 798 5764 408 9520 6394 642 6689 5253 1126 8052 8915 5644 9895 1337 5038 9810 1566 8235 10052 7875 7826 2267 8067 6883 9656 5301 8403 5470 4309 444 624 8083 2030 6647 8123 2277 6640 7188 5265 7362 2783 1904 8919 6164 6607 3767 8867 1515 1017 9664 8933 141 3183 8664 2531 9332 2216 7127 5617 3474 5148 4958 9772 7831 4640 2089 498 6470 8265 9995 9336 3637 3195 10185 9178 4206 1851 1929 9187 10133 5778 4400 1301 3303 6351 7064 1561 1514 7857 5090 8288 6044 1397 4201 2355 4045 2903 93 6072 757 8072 6672 3431 8809 688 1726 5306 1742 5292 8155 9769
5971 6794 6279 607 3095 5747 1084 7194 7325 260 1060 279 5881 4583 8409 1046 1703 2315 2123 1270 1546 5159 6112 1411 2857 3659 1778 9296 1810 2127 7042 3801 8103 7627 1119 4528 6685 2159 9156 2722 10068 1769 7990 1868 709 9752 1488 6632 4814 3556 4610 1869 7584 8004 4121 6817 6871 3895 7465 801 5716 3293 8699 8143 4805 3811 4328 3428 7401 300 6046 8634 3621 2380 5339 4526 4283 7250 8415 5544 5792 7540 1513 362 5326 3129 10003 7969 8402 9250 1527 5080 5324 5519 399 1569 8937 4278 3073 1627 3392 1073 765 5824 7054 4078 8811 9908 5482 5105 9432 9355 2447 9319 6038 829 4287 3301 2742 10197 2209 4612 5059 9308 1144 7080 342 3099 3705 6229 7719 3379 6246 1775 7803 974 8384 1202 8881 2750 8094 7233 6645 4534 9036 9089 9464 3753 7476 7128 5161 6274 7550 1253 9582 6238 4783 9961 1532 7870 2672 4760 610 6830 9620 6530 4224 6755 2607 8086 6582 6377 6758 4650 2477 8295 6666 10153 10000 4960 6386 3318 2341 4757 2443 9111 1068 2406 8841 1844 7445 7863 335 1774 4385 9896 4970 8564 1609 1333
6330 4218 1135 7691 5689 4095 4251 4902 9957 5937 2853 2490 8218 6014 7669 7020 3222 3513 6549 8003 6963 261 7173 9870 3184 3939 2338 7411 2491 9740 8400 10040 6136 2603 8236 1373 4421 1633 6123 192 5855 10145 7796 5043 5873 767 752 9734 1192 1299 2334 1262 2969 4031 4129 3289 7757 4525 842 1093 7162 2884 2244 9343 6669 7195 4508 3858 8049 6885 8416 9120 8223 5954 6701 2909 8511 4116 3336 5579 892 8197 2637 682 6454 7004 1801 2431 2834 10091 4413 909 2142 10008 777 3363 3603 5751 6167 2899 4029 2265 967 4732 3427 8501 3494 9019 6092 7562 4880 5605 5806 1855 5944 8394 9377 6419 4545 7181 2109 7010 9365 305 538 6906 1548 1886 4982 3826 4181 6180 1509 3691 4689 9045 650 2420 3905 7824 3986 7674 7509 2423 9202 6898 6918 7971 3722 251 8087 3321 7077 9023 932 8322 6548 6993 4679 5455 5846 9502 6359 1805 7249 1911 9958 4111 7923 8062 6525 2437 67 6753 7726 4449 7999 9946 7457 7240 9255 4002 2262 2797 6637 9644 2812 1623 722 715 1589 2582 9865 2297 9021 2967 6230 8368 4277 357
3391 5114 2395 1223 6420 378 9559 224 1671 6218 5738 7728 6383 600 4998 2690 5477 3500 3253 6529 2571 4955 9031 8362 306 6061 2777 4047 9823 4990 3177 2902 5669 994 4257 4322 3841 5228 6408 1245 7904 894 2368 1622 5451 3807 2302 7440 9006 9331 4270 5671 437 13 8645 1917 3071 7356 110 6353 3625 2055 2381 5051 495 2414 3115 501 4153 8270 3821 2878 9675 9212 2280 5013 10021 5095 6372 4212 8518 7970 5901 4347 6792 5493 3559 5334 112 8276 2465 6115 8738 2314 4203 438 9363 10067 1426 2115 3692 10056 8971 2168 3191 4603 5513 7563 3299 7749 6916 2221 1652 3203 1973 6569 7489 546 5968 194 1958 9117 9781 4619 8480 4019 3179 1535 3228 4020 2977 10029 8151 8678 4863 2500 7238 5637 8158 2781 2600 9969 8966 9976 5133 5459 5917 8137 3200 4647 3703 5807 9002 1145 6891 897 1640 203 4542 10166 7570 5712 1021 3343 9622 541 9955 6249 9152 1332 6978 1062 7146 3408 7567 462 7730 4462 7424 1697 1403 6771 6332 5882 6287 5672 9839 1580 4691 1885 8115 4769 76 8109 3974 393 1984 4188 2143 2807
4735 9215 2201 8488 9662 7829 6068 4162 7243 7554 6443 9536 7357 3545 2049 5842 4715 2180 1900 1162 5414 210 409 6062 7292 6473 4066 1765 2467 3084 10124 7622 2307 2031 2495 2403 3013 9732 8454 9048 1890 2113 1485 6414 5812 1864 9489 7161 1813 3661 9286 8006 3171 5609 9791 1690 7312 8272 4558 5433 7687 3718 4381 5820 3877 10006 6102 9504 5234 470 5456 5933 1449 866 9513 1155 2298 7748 7845 1634 3366 5977 6232 1316 1772 5849 6522 630 5696 8942 6087 8034 2064 7956 5931 9087 4415 6404 6863 8953 6312 5426 7134 8900 2851 2286 3154 8128 8812 922 8448 4797 1879 2323 2339 10065 9721 7293 7849 6757 2605 5001 8424 6844 4765 5050 5564 3918 4459 9289 3 3951 9924 4494 6600 179 4556 1213 9894 1352 6499 5818 1832 6022 1251 2241 1599 3231 9871 7160 10077 8095 2916 7001 6996 4365 2400 7765 3382 5852 487 9611 7781 6805 7343 562 3628 2029 2132 8546 4079 5021 1712 477 8905 3254 3278 2134 2493 8172 6413 4330 2573 3936 6850 6615 8978 9538 7099 3890 8864 3305 196 8063 5816 6507 9370 8016 1239 545
