-79.5065863265924 -57.264324224215216 62.10789374204495 -30.011561874857563 -79.31724302034546 65.41497986653525 76.81014940708559 2.232281641062329 33.81550289632747 -9.215359452199735 90.76243998535449 28.021635165975056 13.656540365519405 -19.3638810046519 60.50101227302466 -2.347721672767534 89.56807390819321 87.06733651876476 75.01955073084252 28.7153688475089 -79.86651243215877 69.9405735774551 11.105420428964024 -31.9876516491574 24.9662886330148 22.379116617919777 40.685714332105135 -9.516607262178496 42.15443951427568 33.67840614796728 19.473485015971832 14.856000754396888 83.40131672583226 12.89192363193348 69.79085650245526 65.42349698160393 -96.5815924371197 2.6099901567312855 48.41399117461776 13.208373529396482 -25.855378458332652 31.88150263351909 -45.14626338557359 2.686344139432009 94.02292153405656 98.62593057251604 -90.82736467765302 -43.599868301531465 74.30182259917208 4.594790981555036 -88.75518244341163 -65.18505926378234 -71.45621063428746 -31.094320339161712 -16.41779153254687 -28.459084948898706 -78.22448592421082 27.709010977527512 -55.729745489426065 -93.64748803417935 -26.136304313056314 95.37313346832178 15.175238121943394 -90.8594008330532 -68.03495184182782 -4.913493047447503 16.8026879833985 40.447816911031 24.65446461718261 -14.951816010555504 -41.57804916353807 15.139460096112401 -60.681368484949985 29.38136359630667 42.24366883497598 -96.40931414749802 94.86415317725309 -11.273738804054531 -1.9051447527639027 69.27394729936788 -9.19156654965947 46.083149913735156 68.97617131894776 54.66271713067846 -80.41370567142867 82.82908929406096 -79.01831466601317 97.69993247235328 13.310467390449503 32.909623807918166 59.84152102771563 94.2502122240686 -96.57282054054828 96.49070013088098 7.460397739015903 78.65456118880601 -98.7366434922577 88.28126880700299 28.163098207362793 -36.387938860835376
71.37453782398487 -71.59015514784059 -44.8136225961977 -13.71735086260179 -92.28416728553044 -63.305706062192435 -75.97316801857592 31.091406390673797 37.516878044080926 -40.640009685902754 58.50304038234452 45.37880862827984 -9.54736663694429 -91.56176392335765 -1.624670481498086 -14.835526192724657 -48.925419475686496 -64.36032469861243 79.3483559697095 -66.35603649338844 -70.096107619511 52.76360607487152 76.29224585142293 82.72316400301486 -44.94470568197448 64.20634619922473 -9.571562634852242 -12.119718659514916 41.896275147210616 74.41637180064845 42.665986006797596 4.512418567092325 32.76737064713063 99.08847147966623 -3.3910282074864 -3.002154789803342 45.54118489654087 20.210614270914988 -83.05356017044406 -17.675253998633792 -30.287475628940925 -53.750445947618445 79.68063075828024 97.92987102519862 50.91548823082147 74.18665815513711 16.777413135778346 -89.06998815377278 91.4861858746971 -71.64397604818913 -55.19678003809727 22.087608937281942 -25.103614006710146 51.26115035021098 19.026727156397598 13.489542144576248 29.32577002670601 -81.22657186696591 60.62287036690432 -4.746283564966873 51.46539120854254 -32.39366226433596 1.2828184442568897 -29.837957432988603 16.59817928283509 85.7823133307659 -69.43979875695837 -86.13122861992201 -75.57402457905975 -67.90499640308 -29.24882645834785 30.995958318709967 99.30930992597925 -70.12900926687111 -26.587768700892838 -12.995215270466716 -77.97924047478307 55.06593532139277 49.147350964994786 26.185323601772197 82.78407656745938 4.213491859765185 78.86615797288314 -94.34930468586984 41.122967809244926 -16.711705032874093 -43.731841765904214 -60.672036045567125 -91.29080069306275 6.299845612974877 39.637407686083975 48.0442415118994 -35.94045184108951 -54.82857996299617 40.21309665828997 53.19363053956479 87.0573750623206 -17.918709575137527 50.42694334999922 -33.594050290763306
-25.755118889151447 84.24222357280468 -66.65918144648633 -25.084839796024184 1.4028664565168327 50.69094574085321 42.9451635755257 -84.46970390446482 56.55230595626 0.8229102206806544 -77.53185244432572 -45.299996331687595 -37.3297549888941 -37.81677722590946 96.1981456509003 -17.20031978733796 -75.93457268991905 51.706975080183895 -80.99865138112558 -54.2173741326399 69.80232695249805 -75.36772907340092 32.2012515772368 -24.171003042268737 44.7715163198157 57.7148880099553 67.03834198551306 -95.43768942313658 -92.07709189878943 -44.30790241388023 12.000440210077869 61.83440296524705 65.03685478797624 53.617118196755854 46.143531604559655 -32.71709542796317 46.55740024843914 -56.870793709197585 -82.17526672690876 -15.480542724742747 -93.37331255906163 -58.234118173211314 61.08145826879496 25.26943428889416 11.766208991547032 0.9408120139801781 88.1860572012244 22.085451590063272 -20.771623456344784 -27.75549770368177 -64.20941791606595 -75.49547912827757 -72.96161209973673 17.558815586193305 17.711806474731034 19.58690518968575 27.873043121571683 47.740922644663755 41.16628034670771 -60.77765026040933 -77.53234503659479 -21.42270981228056 58.50370053954023 20.445695715253947 61.60283717189975 78.3770304225157 -52.64192117613356 -94.21267257603073 70.44511491812514 -71.14548458723988 15.398643992193556 -27.817797844370702 32.35908169717189 -8.132360036008834 -69.85196808213212 76.87911173995224 1.9223354317940533 21.19300438516464 98.77317321537203 -90.30647672603178 -6.8344299821224865 46.70820810782348 -25.461757974266575 78.30684979571402 -99.60112388119103 -76.0273277527659 -49.246532839763745 -2.865276065207482 -26.781678037902253 19.29897172514754 11.188313042711812 -45.81684011702356 52.626478935621606 -21.64813251494671 14.018874171473698 -78.00763140970213 35.07475116319986 -68.15552928881806 -87.84291606327972 96.49950052695104
9.161003556664 -29.50111687590065 -4.131149219686051 59.94757266005692 -71.22151436615272 0.8854428141233512 -28.601237145504868 80.26778581906655 -83.17931094543161 -0.44934213907951914 -82.31098091229158 42.00749687578454 37.89757901082831 -24.45847341720065 -63.64746850847731 44.68768261993392 96.7551299431826 51.77662898213089 -64.75682924666464 -56.03051545673725 88.08970572584045 80.27992984990661 97.66320732307855 -0.6589935342998388 52.36985513309952 54.716206352551666 65.50359863128682 -5.711775671370162 32.8945562395098 6.213267491418733 -68.17803312473798 -97.68392772968204 -48.0902730779901 41.67922115959689 -4.068453525963008 -43.62716131558217 -46.06314074878137 15.541795954970226 -39.54751734796411 -74.12242683172386 -44.38586962022424 -98.02220823315395 -18.543983872189003 -95.57641317343402 -5.1388089340180585 -52.77766099594447 -30.98711664292027 -96.48794885243086 -98.1595093008874 -42.87948722467594 89.82639345000587 -63.30997514828574 -10.985094735650904 -14.537352105961673 3.536761947976558 -86.76386851433115 75.81652553590402 99.38884664658701 14.324952554362326 -61.3775038103294 49.223109643794544 69.22232580352517 0.5248948487058556 85.98924912883075 78.37993890719542 83.32812688389211 59.39180511088432 98.67954723321438 -91.82457061006303 94.51571537147944 88.08215996052141 86.40950449690891 66.44635417859243 -58.21648617731678 48.64983284003503 -63.92072965562274 42.74513941407497 60.65147414946816 98.51871802564605 -9.432097674116463 79.34969977526336 -83.92363861004347 -40.536073138554386 29.50047129673905 -74.82188524290241 31.446536896248404 -52.59895439794606 90.93789040930892 -34.55580358421706 1.4551770028080142 -39.46876384350577 6.838442857402242 31.003177899219594 -27.379028241546123 -72.07988175149814 -87.03917348039276 -10.1268424090742 88.71380953070647 -18.736326856611484 51.42860015328577
-58.29715252406371 44.96824729978718 -94.61509797991087 80.99835788209825 47.37632314068799 65.48170415361344 24.477363228196737 95.32708633240784 96.07391108641076 -16.73889601896383 52.94233888849186 3.9493983470354976 -26.483072111321988 -91.60482270292391 -99.68400648536968 -56.54660066112533 -17.865919183169268 55.756118334665445 57.65647957415442 85.6282199920866 55.64312944670132 13.665269336823698 -51.353108499167654 81.22578188589463 -98.37887421519271 9.137381789197605 52.868017096915935 73.59809373709103 12.404178531235615 -63.75819752553093 18.448276702175008 65.04384570418372 -49.02581713660823 -38.86065711492704 -17.674829130237384 45.133996231363454 15.734761099076252 97.24882729506362 -60.42011215611514 -4.531399694992729 2.809964627887936 -11.092256889627691 76.73702888934537 70.4312479721238 83.6898562524459 -49.16801482452484 53.255530676972995 23.903797048388455 59.64350022332553 -25.666992861920363 41.02097628803455 10.306847110934171 22.485071999851854 -46.85292012865059 56.34374709608403 72.42230884502587 -75.66273531968004 4.292997439758352 -19.916954611746874 -65.25389476067139 79.36735430615082 59.871275294436515 -71.59423443519248 31.280596260284 -22.28344120931112 -76.80238688704662 33.598191638208675 15.743714849912081 -72.50020580810241 -51.63850615136687 -4.938588974688244 21.355141085434553 4.856230741888652 -93.96141763875869 -8.42413424614736 -62.21106605357771 93.56700088738583 -96.899508320455 -54.948137534226625 -83.61365551448381 -22.970139566000668 64.70252546289035 1.1699443807314651 59.955256283057025 -97.3407912478306 -49.24786430423607 -60.219162236745035 93.4517865952717 -12.855411616936067 9.425145135869144 -98.04974194000222 -16.22907575967261 6.651990706178239 -46.10490966514893 12.65980305906038 80.3678227700573 -18.158822210041365 19.59627198401077 22.522195053308863 -18.098106075069964
38.635482237354694 -6.0844232772278275 50.14663335840987 -91.79850561626306 -72.39063562118137 3.977529480124929 36.73347470318592 29.626027386855498 -74.95674524985934 19.880496607645398 83.54664992937535 -62.28541024744689 81.70606074239845 -71.90101572078456 43.06315753494849 79.78938296940424 -13.363376531022737 90.71220265257992 41.57966112982706 54.20609386427202 -63.96862730891557 15.714431236350464 24.977789263691875 -87.07915827134045 -18.99637435995855 -61.096024028816466 -96.35106935425001 16.92761359893433 -18.933771115671533 -79.05525485874996 33.441517024547494 -76.8634711803529 7.43700831063137 -27.253865798549754 16.997442081750407 -40.33590204814828 -9.768709361567247 -8.002736178727503 -9.139818155905516 -92.47156258540434 -74.39308556006009 52.431051806287996 -21.321249508615296 85.24158878468646 -22.955138293488872 -93.03026179744924 -26.35746505431409 52.84609088039187 -27.332854797389643 87.695580040522 3.17066427414683 77.5019081318116 -11.421604736061312 -63.7384309305834 -82.52887813705524 75.38558049213384 12.470466136882806 -31.82065369248545 34.958493827409114 -76.30198193066366 41.04675429826236 -63.93663362853241 -44.58564550684441 -71.2503036234462 18.57187323785179 63.21895237703282 -48.05472839528273 -88.54044917868838 14.24248735399847 -78.91026962459904 49.08092648410732 -60.93424948438337 23.657551521456682 86.68961944698012 -0.33592583797532427 -12.32424414820963 16.72127046285145 7.277035339397898 -86.02310321202766 91.72980683247067 61.07798846060578 77.85283130411469 90.55156880114478 23.54243775043612 18.167246840645504 -6.595476742012323 -50.46382933753901 42.6807061264787 86.84587227774082 12.062116387739081 -74.38881185102694 64.92482461401735 -23.914498935049693 44.69091922576453 -42.81755478691882 -43.33240792268052 34.309164540348036 97.18180743065255 -51.41008222103536 -54.96683675046556
-84.60369215184112 -43.640878440656095 88.51008114865215 11.2660267247537 -15.1480047162934 81.81049835417187 -51.81894939820195 -57.32717999635193 -84.38931673460495 -4.914663199128839 62.04220249900939 -57.350740573067924 -73.76860054060039 -70.22602080767484 22.891200073151992 -63.55556079730631 83.31463478183943 94.09265121466385 15.974239289552415 42.64938374544889 40.74305804112578 -11.867181957254928 88.88047034603656 45.40893771018011 -80.63392572389205 -28.881567384572932 59.8767343664116 20.97093376972549 81.56410037872095 51.9202878624549 96.86841230573447 46.17582654760918 29.03395296598788 27.500129969620147 86.39093248515152 -44.1072271334535 -98.641036566326 -6.324093079125959 65.01105751759482 19.462195055582 -23.651484050827577 -2.01794939028737 66.713523474221 -77.5948808771657 -84.79901572788371 -62.11072248602032 83.94316120749028 32.45855355740676 -81.3722301220227 -99.29614574804471 93.59550797947375 18.66994170313623 38.951932284005096 30.17664552132149 38.18741326355408 -85.82808834984839 31.973382542134516 4.17472780033728 50.700344616558084 -88.35317615458133 -37.863318464580374 41.80110506441855 -39.54486035964169 63.795029234717504 -45.83749974293205 62.10214099853408 9.258435813598382 40.54065758510569 -32.42590269796753 -58.11645493710513 -14.830734942225646 -87.80282450955828 -89.3242644174201 -98.89891660737558 75.26106700032543 -42.27037609314059 -4.173283035956061 46.5950844126738 22.750760467659376 75.5850720654957 -51.044409820625056 -6.646622855327863 -71.26692190432217 -32.42799450627439 -74.8987057187616 -48.31777601031908 -71.15080727857715 -21.07880462553713 -62.18915570811971 18.243507757973475 -6.621358006465954 27.982122778472117 -7.838063518312708 21.99490265055104 44.03644660780853 53.24749072681948 -56.52016229581507 -64.10625164609988 21.47844965419729 35.13883699226872
22.02281144815484 -10.894054426186827 3.7846844729025264 96.29703889070339 -47.12416158576842 7.851845881047609 -91.55633067518403 81.7628886798199 -72.13250802564573 96.81965507967786 26.914906501083095 -29.032440334908955 -75.29579911141091 -51.29089352499774 46.076599296709475 76.12578446781731 76.83837442552095 -98.1462779894066 -82.93102523254021 -83.22698822669186 -95.8723567375063 63.8870416888241 25.5468031121719 -23.253755592107666 -43.96299360416802 -85.24479808543242 88.27125322145156 -70.06567913963222 53.70875061278991 -67.15026830691355 -23.268433796126615 5.504735265540091 -6.569837408295683 -98.73356284471737 -60.956531275065615 66.11012603408477 44.805030567838514 75.56655991181924 -60.17797215657439 -36.37916902094316 19.489621278181147 -88.57520135846661 -47.389808376932805 -69.97633900788564 81.87557650924086 84.83607604695246 -8.826882130530336 38.99536205274799 45.74143555554551 19.552177575023393 -84.38608722256096 99.1395610735122 20.386807361778352 93.65067099835682 54.6957820636633 -43.11958988865952 -60.20774314266117 45.95413171045354 -5.922282738193289 -51.85808423042242 -46.2574035740785 14.186786990185894 49.651444959180054 77.49210104225722 -15.30927851278885 -13.170065612128411 -57.8895092271958 -84.75513627625175 -58.997425777123325 96.20325872243279 -14.096279505081654 -8.645414800080388 -65.93425260863714 54.11685608201742 73.52738230379771 -85.35831856187153 28.839346840945723 -4.420014183446554 -5.913603451436728 95.34576754010783 56.56246566360218 -50.34845031179977 74.49948353705301 -46.174796625731894 21.952709343772426 57.984072456168406 57.595849717174474 -17.882621489546693 50.70191935249423 82.81533877670438 -24.75859433316849 20.955924565416552 -15.198952580434224 -83.34340935508304 90.82567826498578 -16.431015618468166 -68.32452743147897 60.41237272014433 -33.419256127115275 92.44918611242744
44.33191998842676 -60.06159219795953 14.857983266959351 -97.76239563230405 40.83373191993465 20.42362122668264 6.713688244987637 38.51932042156341 -70.80439988856901 -49.19056754325182 -81.50659973145125 1.3874403465356693 23.138827549719323 -49.89064256829512 17.346343471238868 -76.26558733446107 79.44382748135465 70.5313002176608 -51.4207257637034 46.90010750359278 94.76659254708045 37.699451342494854 -63.13874568983158 -86.07214635866399 -42.286878202107836 71.22605632485889 -73.57578352505558 81.38430639845811 -65.21739972633027 -92.08948104045089 17.33662102228162 45.200742323982496 61.79071947976257 -24.65243824072661 -35.38169875781554 49.93142048124707 81.33895196249881 15.475424217984795 -88.00592491280213 -9.970396720134161 -62.30918511891221 77.5138082216493 9.14678233957602 -53.40541722665262 -13.232389266528145 95.40662930341259 33.839256744829015 87.5964026244211 31.164538680674326 -65.72818196303814 -48.514542109993556 -63.067652562430695 52.893033159346004 79.09232925628294 -30.58663914343937 0.2586300627365432 -84.22466947008074 27.22199424275371 79.5203800491935 77.79748061131221 -46.34484923854303 14.39189109568521 -11.723518758123745 -98.93927413190424 88.07654588360055 45.24018231047614 -51.599479716779605 -74.70915109477407 33.008379175417446 -32.5495978735798 -38.5533363040033 24.86739071146802 30.445824762252528 -20.431663000044736 93.35236635190509 -16.718235858802075 -4.699578249990395 63.676043164368025 71.72937839337496 -79.12532679041679 -76.83612882913009 97.50825052129798 -70.4496560912377 50.06191710411312 -56.886987342079046 23.32742436726744 -23.663824932708195 14.84166147891142 48.75969816257603 -69.33463318276416 -71.08539647000738 43.718289945008536 -66.94763847939203 -69.70341218969651 41.81720047789287 -97.1637194447887 -62.066246934574295 -95.6849108710603 90.02001440459964 -61.369888115613925
24.503646442429854 0.34004547851027667 -61.25620165828609 -14.659318771236656 25.201492855827752 4.991413869021045 -40.14139119741373 -0.7790221696107835 -20.899653891274724 -65.6421159686803 94.09822942337465 -13.01077496768923 -39.389433741959465 64.78238698227068 -32.38493436735264 95.1930388580767 44.607616909679365 -20.284566964613077 -65.12899396500633 77.58093810910276 -19.324882710293096 20.2969620192561 -28.57307254481232 92.32096464881076 -79.69440221692949 -50.075791928686364 -24.893834447012892 -24.61456282813579 42.90490761875952 4.84642759550735 63.89326211699128 38.60934986366456 66.52532828465147 51.95292717766867 10.791816985506756 -87.97208678210234 55.70454961477759 -99.87278589758391 73.73768595145867 -37.4292451908731 -59.062092911654474 -9.713472688327869 -62.50326145159484 80.4000837580723 -84.92681489351045 -80.58967242153577 86.49927107486312 -91.73230125515373 -94.22782501712972 44.636247155643105 32.197592035933354 52.2491125129263 -60.92424855180667 -35.926762063018344 -50.739817992518276 -25.673371423690725 95.28285013830191 31.717644135275464 -13.788769448484146 -41.6576266150543 -95.3495683396422 -5.234452570111102 -37.89076072329285 87.63363023954287 -56.567091103039616 67.42614153518622 58.69004738274259 -20.43702583405984 52.998078072496895 75.77481741069175 60.32087047416607 82.2400924558429 -49.40350486316794 76.41585442097681 64.92367303339398 -89.26575845783856 -15.46957705150571 -18.63559804545916 12.747519939551054 -30.228208350189774 -58.49403922988699 -24.368022209704463 49.984260101399144 -27.105963075862306 89.86761958779621 -40.20431982028505 -30.849272807700245 38.3514691956203 97.78083363375777 8.22264396771888 81.69131866675545 16.657015242887425 -7.209418954984841 -45.63391767696678 51.44091060806565 87.78791036361048 -39.164252783081864 49.32916321536675 -12.20747741853367 -55.52954851556338
60.544040345053986 -24.626989771563473 76.37766162047618 -61.941562692311166 48.78914167599558 -3.386753630669645 51.7938301699252 17.500217152248297 -88.90609576479602 -82.07685293748048 96.22313370769481 55.79180218136975 87.60923686696657 33.17464087135596 -54.889611680901496 84.22253728955553 24.334565938666785 -93.12093701213246 0.12904666744499593 75.79970833103954 -13.111465059089895 -29.73785497146592 53.03827900234256 -22.61615044858685 -42.07295117165375 74.65478543960381 -0.4350619052692366 56.48772985364084 -28.89598450253625 -64.85457282564042 2.9499935113917815 -79.37074838526178 -14.558749217474755 -23.30166487889383 -55.28722260386421 71.20891707130474 0.5232496510145808 -3.4247061108245305 -96.98438353225811 68.74801192356631 -55.38682593589337 -65.0197058501658 -83.85732329144255 63.84725886594708 -29.94475278073554 -24.760090127386263 52.06818612943343 33.41987544605621 72.32971609058629 20.608171860127825 -9.022384683448024 95.18246107142897 -5.485188041736748 82.52661802896458 52.599898090099714 -26.255507352493396 15.775952107357895 -80.40721995966908 -75.57102801142072 53.835941268041864 -82.40746242184196 -66.64666544213 -72.91502312354163 -83.19267929996003 -6.664169509288655 -61.63060023430496 -56.35733484245482 -6.072944940474116 77.22488976774551 -52.28603469329687 -78.41047010931707 -55.706976905427716 6.057868406211725 99.83603969679305 -58.91376017421699 11.092516785586497 -88.77807263248332 50.30442330434005 -23.084457758478422 16.492555966136237 -69.38337108274851 -39.01531971199093 67.80121316569776 -11.687375314353048 -14.836074248493276 -39.24680696316094 -48.586869211741735 13.366211566946575 96.45218915158463 -78.14035069346122 43.74806953284829 -12.934069303299879 -48.70688940347425 -81.45566668277522 -98.95662028598981 62.74844382865382 -29.952144245629952 16.329208634044917 -16.87610575818617 10.598656836003855
-2.5211698896916204 -54.72341918668222 74.97218114099334 62.05808842622784 -39.36894554818488 61.790828619864214 -75.78153311138247 -62.98064056003976 58.031716398892684 -41.03771180971692 -67.5011327884967 -35.56846200650354 -90.33963763154868 46.82123827099056 1.966202500858543 60.58705996591283 74.76832539340461 -18.663810240699604 -76.29374328451142 -4.008735280780613 47.05272010145961 36.890176264883564 -21.317931500300475 -72.3101379887452 21.10685337057538 48.658964264209686 71.43137487499999 53.40442018780763 2.1574020862719294 2.7595632316269416 93.51542472466932 -6.935346234459857 -94.60941972865619 -52.981392576599376 -84.27084429022645 -68.83288334819252 -15.418485704382206 -83.22747917808037 51.64296304747501 -75.44466065609487 -19.05537782067688 -61.449765233072974 -44.89091652202886 -66.69458405049953 83.10251843680496 -59.21883668151875 11.290750609606931 -49.72289248235817 32.24607766576628 -16.380201831140198 -17.914714792858305 34.08865301956817 71.40366985118231 22.9886549133641 -57.24851905048665 -45.8502836992867 53.009828019416574 -50.04346554438437 -20.289405492973216 13.173607058683729 99.18306463237136 -89.6980938732483 44.56253497703102 -0.14840922276837887 -29.33182885037671 47.23011623215828 -49.31255827008465 -81.24758241203423 -94.34220870036161 -59.13726649638127 92.10213047019485 55.29239235126272 56.78566834111032 -52.8808241676151 97.4059034860633 -7.662271639754465 16.90041646718194 -7.00199498636367 77.14149112274546 24.487706015786088 -93.48982685296994 -72.03271936472721 60.75894732112664 -51.5306977827809 -51.07404240817222 89.26650757637779 66.8128503510724 -32.76326401628849 98.94334713965739 -17.994306946503414 10.715097580212785 14.256395980174347 -73.5269185668115 78.50865178719607 -14.761557501928891 26.321080583859185 -70.09494762389423 -82.73641993751615 -31.322534017273142 74.6821522193855
-71.25794609555969 62.87416238031463 13.359338948638026 82.09627423787771 -32.9679971955823 17.20882331587245 -66.1811223307031 -59.066781265426485 63.53938710527544 -41.85183549146385 -97.83548427287514 -2.6173765838626366 64.0336814059134 -31.83191380238759 -60.95085982672075 45.07505499115695 -23.40849280702382 -23.223710694060216 55.913053243227864 95.13682347399566 -20.995723554171988 27.081614526165396 43.48453241888589 -58.10124998633475 -99.64381253785722 -82.51372917115656 -93.52205900779147 -24.16173644684916 -19.824090757274675 -88.56751309031394 -63.91379801768331 -97.63313481439404 -31.178673611613817 -0.14462442921980312 74.92044135437564 86.07816532989702 46.25625143068467 21.333365176117923 -85.94760399067371 -93.77363544127617 72.09926921078912 -44.70425781596161 37.633045879674626 -56.1875401258344 -54.613775281267785 -0.45279490567425285 43.031709342539784 78.62771495503972 -41.49560739298535 73.09989844812773 14.778569897520882 3.9148889860281173 4.957988283199796 32.15545446244303 -56.437245695870786 45.664226997323595 -33.613931936257984 -8.105774974222243 -12.981527727185323 53.26488003473793 -72.4910337569396 71.54201862141898 -66.0993196279678 44.14083251069653 7.365443268254481 29.75281262091326 -18.86951712514761 -82.12028529875973 -31.822355896732077 -73.75364958439145 19.808823806839996 -27.298372976630958 -62.27529171569657 -28.773915793071822 20.349619349374535 -89.3241697447185 -56.70222326316781 75.49806434477858 70.79871255747463 40.12036420299364 99.35296904029528 -53.87234867610371 -47.0183158901139 57.44958417885863 -77.04704483130664 -57.52939797208882 -60.54300680492555 38.967625863225294 -91.41447513356127 -24.37807780938354 99.23104243532183 -46.51124280061363 75.78919085477636 -45.85841199973528 -58.300036884052496 -27.224194978625533 71.95884406322853 -71.76412331245585 23.60584492473066 -30.152928853457723
45.87281009670255 37.7576776533856 -73.47687380403053 12.213775280011888 77.19820906867824 -35.33044184274421 -33.32106680529385 -74.89646591799979 -79.8546239937115 -16.659592385037897 84.12800975658149 -49.176823687984374 -99.0598070959768 33.22967185239801 -26.57651895944062 -75.57866302829015 42.59803247286169 12.476223004218781 73.80880636446048 -63.331861334695304 53.43420958586697 -18.522759089595752 29.32345243857054 45.063403195835406 -28.602826964040347 -4.068734308247855 82.24577425129732 -77.40450687281917 -16.345905779474464 2.6582347147214875 -48.913559481688786 79.65853461207269 54.29579103393863 6.781299904431748 70.54084016851482 40.99684564820606 -60.29196624897166 75.47330890203611 32.78348788546202 60.25973217289703 -60.747369531846694 23.131630584863743 85.38177652973116 61.68045260665437 -21.753576718738188 87.13802415869202 87.34677198207245 91.71660489610093 -13.798128083862963 -30.800895032164107 -51.18455424376531 -98.97184356937376 56.830621439067244 81.73278942029887 -53.317664535321875 83.52573681978629 -98.82652086661075 -15.461187130105642 -73.8386644784043 6.68930302846735 69.9817525614404 43.97122815158636 53.544390749028736 60.49355809756108 -36.148863525181696 -79.95301681855922 -92.30105144022858 48.79729810720045 36.29386309917129 -97.28669412032242 74.47492698999946 -33.53409061966343 -99.05674012491879 -78.35953642965048 36.70645340935516 62.32203016317669 7.778094896649577 -30.799094688938027 47.6069136194771 -98.3018440148014 93.93751762246407 -82.78793954275372 -48.87296504372544 23.28425815640034 50.02077941354855 -53.3068190418144 -98.61564307168575 37.676298760167754 -45.07536847039777 -87.06129281892086 -50.830564113221065 92.76050656918036 49.41608604437741 -74.5415151320336 -84.83086094255603 98.04129503485458 -16.831368639762957 -74.97669740954795 -81.05865948785919 62.29865376548781
66.55833330450335 30.772157234207555 -55.20700047602853 -68.4585338048091 44.175176095234264 16.17918949068995 85.0240730611728 -41.931696224591384 -43.18152133652538 67.56126374648491 33.86540501512454 -19.476151318926966 -58.31948823516544 57.747598963341915 -39.31714594370624 -50.5108181164382 -17.621808979371494 56.23822938343699 -19.717171102231063 -37.14225672044398 -64.52509126788613 -35.51569224265812 26.785326005691303 -27.011477732756745 41.12554227920964 85.14242568236122 -63.60655014307874 -92.73326068568026 68.76792516421989 -44.82726266169739 -50.08244508894868 -82.52270682774233 5.213770186604052 98.95185844840043 -63.59238502940303 65.09352358942081 60.64751604235309 9.23728976806754 54.93679910451152 -49.495303648858346 8.374995396052398 58.74982827053435 56.12460857953809 -18.036415303673408 57.76277042472097 53.62006911254005 -29.93571647792568 -91.23432248314248 87.08378916257772 -35.77874702415997 -13.65620130177318 -77.27168890329818 1.6098983120220112 92.86406756268201 -99.77494593197471 -12.710646170472799 61.51094508552757 30.403310846291845 -64.43423464885203 93.76049886464807 -17.482339965190107 -10.477250114225825 24.314065297324888 15.618924294163293 -75.80629791150457 13.038822312808179 -23.208487693820473 83.87215413315323 -69.8495923722343 91.77127977362892 45.72569502754462 83.61798535864244 -73.21631873186419 -74.41789567927539 -42.64791508067833 70.80120751971353 67.84798117349368 -34.54706880652516 -63.12682644856056 -1.7103658421787031 -6.697644097982746 -41.659610416432756 12.940106551976456 -11.745122200713823 -13.459717688553383 -63.603347360567696 95.85694909780676 72.93673541098178 -66.2909123501294 43.918135758708246 3.3264569175345713 -0.5226159691459173 -72.6981602372044 41.962631843507495 -3.714817617943538 14.032129254606573 51.10762726482966 -52.60560330157236 -74.49439154345832 -94.45144405193085
55.14491777976161 -54.455488791245244 -69.05648281243123 -13.213765079994786 63.848432406050165 13.860337225821524 -52.115628315943006 -43.382925190717934 -73.38650128822644 80.41187158049965 18.158807302231025 33.745970145466316 -20.67835613042608 -43.442144920295924 -10.561511768286309 -54.07805877120455 -54.184847836030634 17.903104916168928 44.07526445954554 -79.3621057075824 92.5056621060485 -14.636200586009423 59.860431848533466 -99.80447219189723 77.09239390659818 -51.55884119531893 49.561479587323475 -50.27252508611988 -65.97231896050945 -8.826176682035907 36.21445734235135 -24.87091401224251 -86.14435582269823 -77.96703003733398 18.733145671686557 -11.447635078959962 51.421122965654206 -3.3174776313905596 -98.28640601931681 -64.27368184061481 75.90784900158823 -5.837868453131719 -73.61068505232265 -29.466191180565573 -84.0685058273496 79.40045434832265 94.22656455530088 69.11585910015842 -55.882305907209194 8.892438336230143 -72.1463734179421 0.10710819417030848 -76.95210570993535 -29.560767769691566 -2.8717472984510835 -20.57534522202924 -59.36646264477299 97.81014695745421 67.75470556585589 -24.80525680528413 85.8456616716496 -85.76444858299263 -64.92799326861558 25.047445957602335 -62.162363359236394 -58.49767003643023 89.40090599467666 39.44853638070123 -46.54415724758758 -37.82783009630002 -79.13649304170107 29.216697040138598 80.18843188372756 -41.724941378120995 -9.046525973477216 -60.38779252944288 19.7242721725799 98.48127501632445 31.980962377764655 46.22208822850254 44.859986041168185 -72.2215488002568 98.65812094346254 1.0926142780992336 37.682256352030436 -6.106885113122317 4.903708262274776 -24.047922275251295 -63.85241631211449 -65.37740420219924 23.88258314709107 -5.653583094061517 33.27330131738759 18.184127454888326 21.020309421390635 -74.26925043907085 42.87267240735247 50.506360060128 -95.43607076021807 76.28194008548036
68.32050794887147 13.78243419796712 -0.5801374057036242 -75.15675468952709 29.840661090996093 -23.33350887588128 -39.58702779646597 -44.740539100988165 -26.308504358643717 -59.389919002491 18.40774794654068 -93.35774464576501 88.72844848564543 -43.958138798274724 -18.020153132575416 33.33871117404513 62.82435942446247 -61.45303530904454 72.05367013141992 -42.64233850829626 -92.48510679903497 6.109981037212492 -10.195776241792572 -2.174621081937005 43.15133648502993 62.67115411547405 -87.65559076174449 -42.12529035980277 -81.87100661716013 60.60189358901192 13.79767387080777 29.192423064282792 23.646100349000747 -38.759440703978676 -73.03875657760224 87.57109987899335 -80.59797782730183 3.32006716881115 4.126386837240801 -84.11274629203642 -11.527917393915303 22.695565150330978 97.80098677519598 84.21610343129979 -67.06682218205655 47.74632225418125 -27.965673082183386 -89.89691976698562 -84.43976314086544 -8.036330462248031 -34.988231669867304 54.51284304062614 85.19515084269648 -46.43771732881081 -58.20738596167645 -98.50856339609568 8.374187473461888 -38.39599065388932 63.53602693526429 -19.706344635153485 76.80550189407074 -44.98662481177889 65.986186318119 -38.110421789040316 -11.654431178121413 9.279085543830206 -47.24530239642011 -6.184036442581515 48.56571150580882 75.96373926003312 -59.95609798550983 69.47903798675114 -25.03073777221732 39.092878458371445 34.585554393991686 -36.84658738544611 48.22690695066112 -44.55009016194196 -91.22627135657335 22.045142770606347 7.826978470306216 -16.128473908321922 -30.89121710343639 -94.70150269664619 -56.95116850428399 -37.699371143467644 70.22518724302057 38.24030696183823 49.466884649287266 -73.53782209544949 -63.40503133830788 -25.957453667321076 25.219354092322035 67.39557349865427 -55.714417009615126 38.27313840675896 91.14406821496948 34.761637549095525 70.61500229813976 -30.874634462897532
71.2011591561421 -60.619142804897955 40.90645550629233 -7.503363661742313 -79.03029221894637 22.743045333774177 44.51419921971498 -66.76124049939192 83.49960839374711 47.396511853725855 -34.70014979411924 10.343851286270393 -12.711808083480463 -14.034936375357915 30.74892547170569 -76.73881359216293 6.724237112417924 -62.4709686279673 -57.61274008248258 -20.71989723723611 5.5204688474169075 -45.06027148967253 -18.98637600910679 57.821663394189216 76.11792866638055 -50.033445399764844 -19.45742727230892 39.738802657038946 27.30884633203698 -9.979263719174398 10.298971746214676 97.66890882768325 -4.542537390566267 -60.446151237879505 25.515765433432975 -81.64868403062664 -4.979102137409484 -74.83625590853788 -86.80170282128441 -3.755894608714854 84.04102022242205 -40.99808072195903 3.9262647906000154 -30.003383229505374 19.056518512041862 -10.436244718582643 -42.78583876474442 57.00316771822773 50.497578571726024 -59.165577293357785 -59.046472807776155 79.88614625093052 -83.44050080762281 -85.77673357761238 -82.98646238167086 6.006931939476303 97.25307897483063 -57.96057621761892 43.72104999906094 76.3081561395644 31.99531013440685 65.9833249111687 43.2356755434231 -81.33393853850384 80.3941619322878 -40.4035224250789 -26.725006990315194 41.00256940670923 3.9397059846512974 -43.10870664920898 3.392383009232276 97.2108216381124 6.449427408554726 -47.56962157205673 54.57738380875861 56.001082726102226 -53.2941043756886 33.42911654992068 56.713062449061965 -40.31816630492193 95.38886970096829 29.78408662620609 86.19490412807792 -7.4567991858372125 93.08017784413394 77.48981916358895 89.85335300277683 -8.922838290985439 -64.20694246872758 92.2456222557822 28.235479820484215 -47.53233072353562 -96.9360096639028 12.248840365934186 -94.75228951310157 55.996685366548434 -93.12195157389314 50.441201072124784 -72.0968210180224 -63.40562350426253
28.605985808164007 10.677192490666428 -70.41044013015619 -94.58839833202207 99.20682553770828 -58.98849457884347 34.132464602316446 17.779279144342425 4.279207446919159 -13.06546945285099 -65.66091147276148 -59.1586005315681 7.519309696089891 -96.24061439425058 -91.16722177421441 -74.20296278114705 61.76647353016031 -83.93011083220266 -18.689481969650544 8.617392260562312 -2.287941720270055 -4.066851515216555 -0.6055575053627535 6.5805713948356725 96.17246087443988 -53.975255211663196 -65.71060428372547 -67.25333955121408 -65.65804398096193 16.211481661874785 12.896458727044589 -32.723507849494666 -47.819744814777174 62.401517595349475 -42.01376933685275 -89.18273401879031 38.57263633322273 78.40265104588968 84.8616380817742 -49.594872067817434 18.830595274855355 87.232865641281 22.5568528829871 67.84448107561019 -98.8051337545376 12.156685513963538 54.985353904055046 76.99420479841848 61.752207214737666 -47.09659251779175 96.6865475100202 -61.52038949933652 82.33416266269035 62.92823657645778 -72.25992463307114 9.585488152784436 51.04492389399991 32.58683828130046 -29.22533515814692 -72.5206916466924 -80.33008553035683 -68.36386320553075 -93.87445096415763 27.389563678875845 -29.644704656272225 -13.921691413310384 -46.07698247155201 -11.19764337490814 -58.64513103091284 -37.829671290736265 91.50933225891288 47.69753675004242 -36.41746995792534 80.02690629566695 -95.74141309959445 -36.96537403571598 54.19961770139952 -30.878595306819264 28.70564961988717 96.90078007205832 83.22610016955758 85.70376021188684 32.111060058271875 27.896927864606894 46.96955042389101 75.11750983901183 -10.770872460365851 -94.30314860372073 -79.77661577252144 4.539307221151574 10.989367023703167 51.03575992463254 -3.365687343242655 31.60142953893657 -4.916450623003769 42.31999395289455 -14.51051905152572 -0.9770962017306601 43.99409036859839 -0.9726255509913528
42.55504250826098 -28.704677856442444 -82.87313006882991 96.112401517727 -97.3577272987294 -88.47674063132129 -46.66916672039305 96.50537966830794 -96.01222783995003 81.37569199096535 -42.358365183748624 -2.8948403267589953 85.55443568673437 -13.285811651389906 46.19176883487083 -40.61416350021738 -87.41388386690438 -51.43971771283162 42.93251141877829 86.80092393975198 -96.80753301560276 -55.23686124006333 52.9840919614993 -33.13511594179124 -18.635201855128102 -19.68953926538697 -91.53389026588614 -46.462774575773324 28.25125141996861 46.14002956525084 24.92079868113977 -32.703259804473745 33.691476428208176 -18.25024737281764 -95.44339365734531 -22.59570689531833 14.267135002496104 -16.55735809158483 21.64838465228773 52.9818823295945 50.44300113739746 -97.30372587155816 7.390817420533267 -79.03957656684983 -43.758017867370526 -53.96859583962667 99.89458381488063 77.23763111583881 -20.95332542420887 -67.42747460414088 8.244636395941924 0.3872754467898858 43.66068512387187 -62.790203387744945 -36.2806977883174 -31.95079457798539 -35.20289671268277 -4.936741930797268 -89.98582774279022 -99.09774625499107 -94.83783477765438 11.819670275928942 89.22882202080663 -38.97346254433689 34.519176024415 -8.439897170898277 51.27463879983222 12.127607647753067 -92.82108590618338 -86.72175833394469 -90.60198734849865 -62.06989454077403 -9.179362268839327 -53.51246068218756 43.66812121402265 -24.012034162091282 56.569613325076574 -74.05975828476836 -38.376389813325254 -72.98187837946561 15.061615179321592 -71.03234881279867 62.677413765124044 50.977672787419436 13.926816839663104 -92.96658755607348 38.580398072536696 -52.84963905686206 -28.708773418109843 93.23287712230061 74.13711136901188 35.095803256496 79.75052289045084 -37.3144487857344 -66.74838362582334 27.481776176632835 -93.37545182440728 -22.708050064059776 92.74965419294071 51.82258116830852
-23.556392573323052 -26.58312540895696 -14.202734785065886 -55.8027971699869 57.37232415041919 0.12107492711581358 26.747239091284754 86.90565752097626 -49.30764124517315 -96.95871992105015 -69.82129461905481 -69.0128747957353 -64.98478916224026 44.16200385472058 52.162875884805715 -1.4205002772898752 82.19684908662214 -59.94596583044625 73.75480439630954 62.21878740029567 -96.24656342135187 -79.3846735765352 -69.30606544930755 -55.81294253440645 24.488359662872412 -77.35067555032032 70.23904639330308 -70.68341807551485 40.51534232851489 -48.529717462673204 94.03569522108592 -36.61653560330051 63.47305056342509 56.02434746704881 38.6570709293801 -83.64505600715748 -59.58770466635617 0.9253188733926692 -68.35163238167908 33.71205602821411 24.379281460395916 61.981626378913944 -98.39651782999688 39.97168425357518 49.63452005047117 -96.51711510666192 -45.34402469281642 47.994711967002075 59.25134088673403 -94.48073164312886 19.769409749139783 -25.895512940258115 92.94999392224216 -62.45478201727204 34.80373691625579 -13.817782588649791 -66.69335117527592 87.11588494852492 -30.747777033592925 76.29144665813001 9.0355374002161 37.7232758450038 -25.8076038671513 -36.05614038047855 -58.740002567365245 -98.88936280131739 63.42852048074144 -22.25660678271828 32.83736017896351 -83.55505247431883 0.8775860061139156 -99.4472467517194 -29.4464335034353 -48.16854028751798 -16.245528476400068 -42.849248945356265 -26.484446631028135 65.90754435920502 -92.2728170096869 -75.44698910431688 -48.936098442247065 -76.34264263432382 -0.39801122205551565 -4.694845348724797 -35.35431467999351 24.27328508491901 -91.12933263111218 0.6703046356178817 43.4815597644708 39.19548411851031 -24.071803570306045 17.033763009309652 -88.59752201517261 94.56958741148219 2.5217034735076425 -45.0259648339071 -20.839610571789308 -64.08032625464917 37.34520208391032 89.49975708668978
-13.028091657418074 -77.94694921945602 -10.865772615475052 -46.52839389805556 -91.03155612253846 78.59121123412316 70.1080008362411 62.517314406928136 -23.680596938750824 -91.50056968351754 -31.58394171567022 49.13885897173293 -18.616590524893326 -53.86702367205751 -1.6486224954879134 97.14794597914067 -94.08248338858209 81.04579767265054 98.6564133030733 -70.76163425403016 -70.16440644244686 -89.22330795024958 -96.75648296798724 87.44047681690611 -80.14208370361094 -12.189573181572982 87.2717781299007 67.95760882670552 81.27750527228253 -10.557328362539536 69.92978974364374 66.06464858823492 -46.32200653575349 -86.30167057255498 -24.69031237960668 -75.8258315866427 -12.77635557193939 32.514909256780584 62.54315251386103 65.45365258306606 -29.41941743164429 70.21151783234598 -29.49104041111532 -18.496823469288003 11.965250163622727 -86.05473792108043 -51.993363701426645 20.168594323806417 70.08901811715751 28.940934761892976 -90.76172245717058 92.50159365139422 28.806210779948373 -58.314270067052654 -12.769273024019995 -41.917608469716974 36.03857131844194 30.44434494729137 22.981380206005724 38.93504797023019 37.489467555496645 -42.344226455294056 57.39520127807191 -84.58132234442049 -1.2063846572758763 -37.55615750035339 56.67952304712023 13.280169763545473 -94.31702305569726 -92.17233484170903 17.911838627573147 -69.51137517948803 90.97937317615396 -85.0667824702871 -66.1640578258123 -75.8207200489752 -43.56089813175357 25.498938641776164 -28.138199927635583 -4.683761613252685 -25.907243066199598 35.61174346525925 19.72156350645176 34.33515781802444 -66.18970076577696 -24.459369103765496 -94.45082833006373 29.702221781592442 10.504425033618375 52.54355187214574 38.14887547471622 -10.977670851807233 46.02037052491977 41.74523014609116 13.020608993931987 -10.68899259837734 35.15805067212824 45.181390708808095 58.51778302528436 67.52462540373133
-69.71021295418296 85.36481813664378 28.690570064153718 -23.90523585797682 26.295941831839826 -88.49552290353094 -98.63782963417896 49.52880862420437 45.57681383475389 -76.71909706864051 -62.94595958204019 58.35021854851752 -79.04368000854969 9.469508640744294 42.064028774316085 -35.734271899625256 97.39129873615954 -15.213389063478772 75.80490085643342 78.13829342608628 7.245153352807222 -85.94191221990437 2.919395618677001 -9.569642916838433 -7.405804104509912 -51.01795331965373 66.00817460419506 14.562048416918287 79.97674408271126 -16.146544708734538 -4.529954643394873 -51.2355731118175 82.3498449822182 -71.98849184823817 -79.59376242492182 -97.39007793574983 57.70368427493736 -69.25681638060546 -9.707401624309313 28.841275617630345 31.162573530217514 -34.341729773737086 96.03599986593127 41.130267237967075 66.31250529550914 -86.59651729416427 -98.60798232469972 -77.30711381484528 -53.00403838368113 -45.36721072712528 60.778299727050666 -33.84080789724226 70.20577512756242 21.22626909360976 75.96178464831155 9.389022104872936 76.89504169923256 35.18109107570936 -8.335887086059742 -79.00145700193232 61.342361919289914 32.45968780479026 -37.18083981174747 -93.89752605719617 -48.49963635152872 35.801520266405674 27.682952464675907 72.59951768736781 50.65622303390532 65.54424693421149 59.37461190290466 -8.722208177944736 59.73842893000631 28.988663425525516 73.15233206315946 -28.870668687849303 -66.08263085236214 6.498414079179952 -46.557800169677435 60.17093923375157 89.20042961381941 -81.47731003443116 1.1321942576610269 -44.50126481332506 -71.2336297341069 28.20246373370128 51.590937190520464 75.7583756210741 -40.33672788561273 -58.097371797716235 43.08255055862108 -64.10271495930249 84.01767886060202 -13.780129183296339 55.1007149139142 6.874907370054402 -71.2179225005408 -59.037431189807485 62.96236610313602 47.25032169548126
-19.362395125130575 -16.350297309446887 46.78795668129695 -31.618111793444513 13.683333738323583 -65.01119271089613 48.94144864996852 -33.665151348501965 87.2386055890963 -14.867792256493104 13.845345718934695 49.57012766220279 90.31632922237836 5.3607212231958385 -26.51970415518248 40.77670547651766 -60.643202011539984 77.37152605815001 99.7172804455434 -73.85844430979421 98.78813277610661 7.031629338192175 93.61544524744562 -29.64455110485673 -26.634273213059117 26.861063534825874 28.498191739879843 -10.626995912452912 71.25089709049007 50.341606227741806 56.912396369814786 -7.0578380032759895 44.130611060066514 14.484182204160746 58.46618318265891 54.0240823475595 67.89230652859385 -91.31800665750856 32.35551009542053 28.979010993453414 64.85523543336188 66.31444804016729 29.587047775846884 68.05117401384834 38.17424073298983 10.529357332261526 64.96956544117808 3.158491742009687 -46.06849082026698 38.94394294757936 79.61446536217599 -10.704838441913878 75.94044454225377 -56.39974149452669 70.75370852491406 -57.86965147408847 -56.93249760550025 30.284283769003196 -76.25666499691167 -79.79452210154885 57.42915400185987 73.31918118601232 53.025898840338414 -44.09620743330227 66.89793434802246 72.5443111850366 -12.36831179303563 2.583096199423778 52.11162194600843 79.77123635175911 -83.17470834393812 -35.79866483099721 -10.222188179704133 13.739152968724568 81.48067583121366 -96.16647410584227 -45.46781461231089 96.74055728270915 71.64140783861194 89.09707246690536 -33.27613463874283 74.18299858540203 -60.68167810770344 -15.864838314528896 -32.56333260995797 92.20510334083406 97.28221899346423 -93.03553879697759 26.23578535254005 -98.60519107113048 -30.386239896631224 -49.02153883124991 -20.618983023846567 -74.02497294200793 24.00036187482219 -31.09855107984727 71.894266831294 -8.350101009542342 -62.89189396031796 53.831401645229846
61.19528947806771 26.03085025167286 -83.2757357303839 -22.881339919530205 2.0090070771185964 -51.53144400916112 -46.06005624814209 24.850941777421752 -77.32976708052183 87.8609127184354 -8.31049086449562 87.3762933182148 20.66592685775474 98.33742443173227 -70.4001584115675 52.09288347801558 7.795976754335328 7.3462535522365755 -1.747941275261482 -18.885813120466793 -40.82378904701513 -53.11003497907589 -82.303714376105 -31.891551560913626 -60.02106184740854 -44.882698997566514 15.464695292356964 -69.65318140595961 -12.600621202124998 64.97852961025686 88.32530542373902 44.42264513085087 80.75271395223828 24.505585113261418 -15.549464324486607 86.81222463652765 21.38787702167629 -52.60975989769972 46.91909425833134 9.071293766499423 -50.92102375306824 87.29547402903265 69.70147485072414 -10.623751490402483 -25.51146468446707 86.9233171719494 87.37343491150219 -50.02952228961244 75.92667417597298 -76.28414217584518 -57.54548983304544 84.31759084695636 87.20504922246036 -50.55521860622116 -81.71516669780775 82.2274720839797 80.32075586409809 38.41357763730821 -97.41038873653882 -23.892139581275202 -75.99260943710658 26.656555244585974 50.855841520588626 -53.229754822105036 -3.3622803136174326 97.31351316154851 37.646417232740475 -87.82029410259547 -45.20786206362395 59.99035044992809 63.06337498888922 72.84458520739082 -61.214959688763074 -46.52027507422627 -14.000905462630413 -11.710429611144164 38.88911651860482 -43.38576210387173 87.19800435994429 -88.99798247822297 2.468040869482053 -51.93397133509112 55.6895828473713 -51.492198843170534 73.82290482683712 59.6902175428537 83.67576840734426 -39.89773944667863 -32.499552932052495 -30.999479462779078 -81.12384611827062 19.645305685925237 83.57342275651715 58.50708872360761 45.10371783224983 -68.96816247680846 -87.05158234962181 -63.38588194212633 40.61662393874482 -16.799386352697383
-66.5821483424572 -89.37856505126581 -95.09618907312081 60.6410735982484 37.0519543102732 45.718391429033204 47.14765614299017 17.14262931643684 87.16377825854397 28.714766953485935 8.386420346681248 86.04177401136758 24.519881857565196 5.484575718791504 80.03946458399608 -37.22870184979277 -83.90829812608249 88.95177543031531 -94.74605477557942 45.20469251986759 -50.439532964614386 -7.079481285795254 7.506903117022844 -52.55632932341536 -60.800900144228656 -71.13432656682195 4.780990518126032 -63.531678826407 -76.98828916456563 -29.05498588979225 78.12184076728676 -48.622614712407184 -41.52377553162605 -69.63553208153242 -47.98506725714693 86.29719980684928 -40.91342743554789 -82.38715194169342 26.581848023403467 56.773695612131604 -32.37390917708768 88.00800856345853 12.381017899766206 -54.72589955606433 83.50433777713295 -41.1755291755246 28.020145162403423 18.120681560420877 -35.81559261668926 -58.64252152187461 -56.96018797255786 -64.95929382445755 45.519340367343545 69.63969800205885 -43.671220202155325 71.2264193271674 51.16596441981304 -78.52583626653703 -98.03483172982452 -48.41663055947427 -26.627300257796918 -69.5862884797106 -55.29560224634642 -81.59919850208435 -20.469461020648637 23.053561685332724 89.83649705182725 -63.28313204638833 -25.683058520658975 -17.972797754063734 72.06223684062016 51.096885814525024 -29.68534391255659 -22.811222408297866 61.29486570922472 0.8477274310979936 99.07711236957775 65.94154489383834 31.39652546989575 -96.00926815476231 -77.10134964992028 66.14384632148048 89.77148626601837 37.20036133730929 -46.47556470806982 -47.025291928528425 -49.00307522612093 64.48785115547619 -90.4041335095371 82.0655586733794 34.54622680159133 -68.80514962123532 20.851917561506838 84.64789562382805 -65.59094659681699 17.481901374254846 -75.40711738040017 70.44734976235318 21.687008069269154 -56.7234864168848
8.178830408969077 51.44998671184416 -32.727157256433586 -4.988804578268869 -9.963196267777548 -99.98744236862775 51.21170297587176 -26.098249483193058 47.44992794997296 81.98742092934012 -56.4654188681613 -9.504560739642926 -75.35134309909458 10.20500828642183 -50.592625789984446 -29.03689298276528 -60.50514598845529 80.25244332986824 75.96038292026122 -93.53182721633976 -53.83087703020366 23.642701341687086 75.12237299786176 68.66164963020387 -38.496801267970106 73.66702482041816 92.35334914701681 -36.574643367131124 -69.44724515368827 32.350911258769145 16.340894345223433 -63.45949794137511 9.123992890208683 -4.645656319174307 -91.13192880624754 -0.40689986058592353 25.516709902832318 -34.082878043455906 74.26465683785105 81.77492347967942 2.537586114835051 -30.028563877739288 60.0340036310198 70.9731070850481 72.59118040655966 -67.8741115150475 -31.408872922545328 28.754962923522413 -62.88650049863212 -60.64049680058543 -12.780606725967772 52.0025348266511 -25.535139960074886 -9.101117178809616 84.60215525704885 72.31763896768476 -25.90166040242991 -43.340137037651935 -63.11544948882985 -29.612293300145893 38.89130093717563 84.78724695055436 -30.15766310485853 -65.00101118134796 26.233468360898954 -56.661154529112004 -47.671102865547546 60.57456058540677 -9.86094978462657 12.736394168834764 -41.95586979380539 92.6219617160576 -94.64104955231632 46.65018857031012 -10.42814925345192 45.146543731831855 6.844806784713043 -64.96744682270214 73.01932421247116 34.500634842080615 -35.80091863357879 47.33661514049851 75.03978643967 -17.81895880923527 35.287786252573454 -52.9263459404445 -92.48109241172604 7.167140792157497 91.09700709190719 61.8551250333183 -30.82501906009938 -15.30186240880036 69.94413579223041 90.1573759583267 22.228979646380182 0.9124934569474874 -73.25643848035861 -13.304739389920513 -87.45769150004266 -42.02300806101571
-94.08382912562318 -1.2065261683242596 -41.253419989946 17.808625879121948 -93.49481609165142 31.382613652982712 -96.99058607000764 -5.273825321240494 -47.69082570660132 -41.23438569438929 70.38455835459928 -5.656470093600603 74.9602212062087 72.46896538411565 64.73400133184427 -13.803656524019985 38.17841780365515 13.740459370585498 12.225788682053036 78.77380027944434 26.977008389723764 -70.35402322847273 -71.86876057793594 -56.70459743569387 54.92205592436778 22.650807674154464 51.46636791301796 -93.77472747830483 63.25429970835171 -22.041964910831695 64.08446691037838 -95.26718813477113 -36.34723130578692 -54.10456998880948 -40.7531708762128 -83.539492668886 28.7822889178411 -15.69874331298287 62.64001300273452 -51.51964198315082 58.988866752906006 -50.53225970672975 -85.21787416000268 -76.41126391789803 -49.15458827462216 21.317559458958897 -58.633962139155216 52.7176957274734 17.330883398559365 18.508417064998667 26.092987578823397 20.22215495027085 20.9777054750581 -64.13046223260568 28.013886002757857 -13.814739819890605 16.10964652794648 -68.39501697723982 46.16468786746145 -4.0939710296814695 98.81351596765589 83.92539618510827 -79.49645114579039 -88.06192497162179 23.500682650485217 63.96653149035407 -87.54616537336372 -86.70716641536922 33.18286858917554 -22.308957789646826 58.189096144493504 -34.97624827824046 66.51447488688203 1.540899527543374 11.28885842083342 8.143802913071923 9.638242299623201 82.78526462672323 56.1883878524699 -92.42172868880614 -70.38981438625203 70.57759200697498 -73.91859964518197 22.134283897450956 -43.69549616260233 4.4990555652080815 77.55251493185011 67.09459649266933 8.080115785918764 -71.2590436027302 34.75759710237429 52.735076557782605 -81.11914749880415 62.86962570055755 -50.26772054845316 -65.92199326541325 -64.18868313865357 49.25485763177585 65.94901736753246 -62.31276282754364
-21.328182381017058 -10.639636597214093 88.91536201189737 -31.342930967024387 51.223738559070085 70.47144321348532 -33.9712328950702 -56.827502613327056 82.82473848012904 -10.132779936491204 -68.89011523043422 -14.403099983493448 -24.990583459649102 53.97326547230833 96.49074423473334 79.9288095323555 -96.65199442199062 -36.681129381906665 -80.76052624721719 54.46540617702388 -23.469475813694558 -3.696658987955061 92.78012900064309 -56.20487459087511 78.83653334192616 53.26833137135455 -77.11812000182113 -35.6818409455459 59.51091903378807 61.17271944371652 -8.045990940833292 -40.843580738372154 -47.24198214526272 -67.0811256857883 54.70588547037897 -20.45988423795623 12.51624397243414 -45.573330889600406 -56.883617557409806 -53.43592302663498 -27.931248994964818 63.266796800455325 55.42016684131704 23.782723484824572 -8.50598121616359 2.108977843554598 25.00617810823738 12.77926704646542 -52.38157015974587 40.73693140348621 -88.0336789126915 32.753294633726796 96.04689958052589 87.9057411705152 26.909048069685767 -9.451086551547647 -3.634231120996944 -30.982078422875148 -59.593850621850294 51.45332274248253 54.61998883190631 84.60420705590622 60.76724814393444 -68.33213377629633 -65.57920106556594 6.421941157986552 77.48375920411263 -95.74368717461714 -54.41082263873695 -5.708067603568168 19.69754830383812 -25.131225968490597 -73.11843069962099 -56.99989653259174 -29.22359179864138 59.40976038391878 16.046636621041912 -58.16383830199094 48.67877478062658 35.96630610985022 -90.36039677592551 -98.80111539518133 -38.42281790366167 -33.371929596907734 -33.092981848514796 89.3020799280635 19.907892080390567 61.59623146957961 -31.067028844981266 -33.784709098953414 -24.53540909841037 93.62773287928442 95.34944080837454 -94.26333720088249 58.068730157231045 9.429081714802507 79.16313157512351 -68.43858141736285 15.771225154264926 20.299171588394273
-39.383154227676044 23.412902274442615 -58.8376843016927 -22.041702411126423 -57.87624334384629 67.62331582314735 28.799769161275037 42.172829343997705 47.00888829646388 -6.930606091224462 -33.43848587979659 -95.8414619630314 -83.9496359672793 94.26106173134713 -42.091222826087524 26.117002346184236 96.4389740996429 -15.016127352804531 89.34599207180852 47.31702738863183 29.770426847124526 -63.034351126783264 -46.60715018653296 9.451182775213908 69.77355209660533 -15.784206302980635 -74.58201424364134 82.34038121038233 4.6831172533798195 65.5041618347762 0.7093201089587922 -10.376694413796912 -81.43825660300791 77.22259955133262 4.785048775300439 -2.758735855220749 -75.1327936276391 -67.50291847114343 16.026094962137805 33.79729786243834 -10.80829981908333 93.90947712531315 78.31091967168214 23.395262414737658 -61.25769974072812 35.3348186429285 -92.53248769010116 32.802709819008925 84.62965660833513 -37.24260206032102 -81.38378823041346 -95.5957477552248 42.10003394127159 -32.900848981913256 -3.4618253245947415 80.3941425911178 14.000649169741536 3.130859217133093 35.32272515622256 -70.63498852009313 -55.675741894172745 -46.30963031805804 77.85118163114359 -2.4331761427571337 81.77746490001053 97.08684280104899 -33.02986907750778 -81.17294505443198 -88.03299147834305 9.367200407274808 -37.92060642305562 90.51191474580747 74.86973427241233 -12.795707334348933 -16.910816613427045 67.763449926335 4.986310297028723 -59.52560899434658 -74.00660925642629 43.521112115919436 67.90914936927774 -74.64330061298598 54.7039806829485 -76.31872322889791 -48.413494506202404 -78.74994728516145 -17.530695223888443 -70.86172120458048 37.56311644156588 38.85021834959929 35.297975854235034 -27.455392514795165 15.00641452765062 -43.47361922153969 18.20902837815079 -86.43194027084682 -17.465917300440765 -57.35656912924241 12.958771563495802 -2.4718446630310353
94.59715993285869 -88.41004983246836 -29.60090026227158 94.13610925608126 66.81777645772982 -45.63293444723193 20.450035987797463 61.878671421587796 -69.14133501178894 -50.972564342609836 17.91586790664222 -85.86658294521425 34.830701083412606 98.23194403397392 -15.564727764757507 -1.5552361539700428 23.667577159969085 0.6022893112566976 81.15499408969396 79.00107431375923 7.4772130543869935 37.47363925117921 27.053165279702867 -3.267106965301636 -42.03531339574123 96.34474995622878 -43.308718257372256 44.46134364445683 87.23031562198307 37.18354802119924 -66.89523951867669 -42.063979848908176 -83.13834382367311 -81.27378966253387 55.826375909724845 -78.09200079630861 -18.74426767935509 16.91817448742981 -7.4759217481459785 -91.81615078420614 -16.40318075350045 6.800871582347213 -90.13316320451568 56.179881622388535 -37.9792493319256 96.69035858136081 38.36835921773425 -79.12182607291334 -32.23478038593646 -8.678313017480164 -12.839437432132357 -67.86170213740505 95.18705050895744 47.5258990824976 -71.3568820555598 63.19911112058193 20.64498891967834 -31.504670022761516 7.955060053111623 15.756527137699521 -78.23270846227453 83.24533240025792 39.58770892007078 -36.46263234032332 -59.3035276525037 -44.73109881475603 5.540084814733248 67.39746504604022 -48.50389393956591 27.251073739285886 -51.63215325060568 39.25861097531299 -60.00001516688764 -20.94450642913563 -53.73859377118744 32.94734971506088 -78.10487753555245 -4.73585058926875 28.135028273640586 -5.368812764674956 26.61647994116511 61.83594152103825 2.6235074766727706 -74.95319255638131 -35.37151518181538 35.96621867532707 -25.490917908285994 -86.93047955050179 17.890126096784257 -61.98808086390108 -97.68243899715384 70.05066270677315 65.16997226213036 -53.913377581273195 30.361000407631593 84.12935705228671 35.808549420711415 16.074945184078146 -84.08266591418992 -33.32588641226721
83.2984169134694 19.090769243537338 -34.12610043497655 -39.40207237951891 68.32255779104173 -9.78423862447255 9.070983902001245 -15.062880772863792 -62.29897895129079 -13.562081920379939 -50.228488349325914 -97.35046622047932 -4.540597905840599 89.29796054922164 -58.657416327825615 54.7638499124547 -72.99924241793255 43.66351146897114 -62.628300585159295 29.063179860412504 10.601142436263615 23.474752792168502 53.28902609055427 93.17747517699141 -45.451123626523035 29.215612584916812 20.601081768778883 -73.07215482491532 -30.16016140754803 23.9033906867393 87.98896575049719 -64.25177789288409 51.64969996431333 0.2658114046406297 23.324415147574413 -85.30020537326388 -9.734415428170479 -92.99325796062179 -11.074451351489785 75.42393984515377 42.205126189591226 -1.586452039597816 75.15620916380433 -49.03842800555307 -43.66198376591244 24.557806589187763 -32.73251092858669 -74.09381125761684 -5.3313438890038185 -44.28181522110614 15.001852344152795 28.208113496473374 -19.558457800974068 14.720737613394007 33.0478266225812 -66.98772631123116 -14.294475104680544 -47.52253125627155 84.82373613639106 -37.27560459619059 -77.11517668783947 93.3828189988121 31.08599766659725 -65.93977259601792 -18.319726399100617 -46.6398198747352 -81.8351155376271 -38.85965576742656 51.10744481846686 -37.994396099891546 3.924108437192885 -19.04922480405733 22.463247876169646 13.015249372387473 95.22036870753286 -72.37099711727033 5.631565097802877 -76.363359282944 -36.30632141609771 -62.63845306422138 -16.506240167331512 -34.83488050294801 -30.79872278472125 -23.707900590309137 42.573809643504944 31.223196337339658 84.70799432860966 -93.41630152523123 -11.078552143755303 -0.5451450185045985 -8.489375534582962 61.46864039440703 7.615965335015318 -31.008851425008757 -16.70492310488862 90.04778536771727 -78.50762085346884 87.81008913857627 -42.363777742341966 -78.27967257119441
-8.397084900637864 93.2247046192519 -19.455896089254466 47.415136142567206 99.1050848392982 -39.24375978520436 26.772366514501627 -19.126408971919844 43.85653720044323 38.327060831306454 52.127111311437716 -50.33873886517277 -23.679531944010222 -67.7954159498114 -0.7606617608095405 -79.19787829381033 -83.28991746419612 53.15761408946142 -89.07651078457874 -1.0352108383675045 57.1922274225243 -53.362806291946875 18.390578096553085 -17.37567847944885 45.429471224595886 46.107473586178315 73.2695854156446 -1.6503079000326153 -28.53133084732147 59.14850877735191 -74.47437210562462 -54.75412049575012 -73.80935540270895 -10.518670549466151 59.806825566016585 34.57662595313968 -53.02692166661389 48.67337060403344 -71.22139159649521 81.28104040857485 -47.10130465570765 83.5998704920896 -89.42526037756657 -23.033282148553155 63.490353003738335 16.382661469967715 80.36672253013617 -37.70571139023811 62.47113436853709 50.660004434987 -94.91843462461651 -25.27870415839959 -48.38643293921321 60.50745503405156 -15.247872964285733 -78.09685804658746 9.400832861672697 -2.4727222646723277 -26.477587389861256 45.87021205457438 -25.29264160355136 -46.328732051708286 62.304508252822785 56.78393400155326 53.517081479476644 -91.9265953173265 -64.48247561210192 2.8185288536517277 85.0054891242799 50.376842209649254 35.54797152926125 -36.088593737688754 -10.432315747776116 -15.361152783015669 -52.482358694500284 35.263165698368084 62.415462219138305 80.56456630307571 59.89194659748193 85.79287867678326 44.59314958201708 -13.626612880846452 -40.73236642282181 31.520852373113712 12.250223939118271 -69.86180340125392 86.82634076935983 -14.44185963020253 56.42180666891156 86.71063554832006 78.00925518563179 46.05383541644409 -90.67650615986396 -35.65033621754958 -92.75457308948943 42.79179008867078 71.90300308110585 -30.08104769714342 69.45701398039736 -77.40609291835216
-20.108924585731728 36.71796879012399 51.09542733620145 -26.426990097002005 29.57878102384717 -26.547435049119144 -8.085649870312466 -97.51022173557699 80.66452523014621 -25.375481877057027 -22.4297971469736 -33.16941287016124 -7.3259547382938734 -95.88861053881865 -15.826436220620081 -49.48025185472156 83.99878399045897 32.545409396245276 -35.091148900814346 -72.47159220481545 -78.60205043682791 -76.92566266071643 -8.797195566178132 -82.39757538210719 -1.5785672055890387 -7.135681231233761 -81.00971044132379 65.36887817670373 -64.78036097856477 -3.2890187382608644 36.56430602199046 -19.06164918349819 53.78282002973796 36.2937993138886 -51.65878986902215 75.89907308467653 -58.8995549049995 -71.85836578219735 37.79260853961023 12.846397925866327 36.676538807351136 -58.55418550385778 -33.39059925544157 31.86811535686391 -31.02625964014591 -97.86558908705432 -71.87332800704087 -48.613705455462195 -44.842193132079736 12.120630154058489 56.180186688720056 -46.29894890296888 -91.19198832198654 12.487137459944194 -0.8489091906324262 55.4430124529668 -84.71122627935588 -66.71106795032142 76.07029734654168 38.51428180076647 79.69412154807418 40.573150171939886 36.6101910839798 61.899687180639916 17.76560093278428 -2.116608599003399 -54.61606686169211 0.12834692341709797 -75.88613944572452 -20.981060336674858 -91.56434939011592 2.3652006610208787 81.39183733360079 -57.01012340447071 -66.62252507496582 35.393592190090715 -52.67154828337672 -9.454095880164104 16.70756856992945 -53.31444617913159 68.27675538079532 47.808196584404726 39.78763721707915 6.8645400680613164 57.24428664800928 -37.9903408379022 35.636470197497374 -13.350552944050293 65.24135950608056 -97.33392780069723 -98.43635106570376 -56.80932804835661 27.43537977719302 6.818317682240263 -46.87698986357552 -82.57813802355614 -75.3942933040832 66.73074639749726 -14.91058215413021 -28.87300452364589
-99.8187904984594 -50.1714709492431 -76.82593889837449 -65.1394913071993 -52.10879246542683 -82.94944005451075 -2.874593382882466 -13.615139236375384 -75.0159475292102 98.53725370772892 51.023492814861385 -40.22977533667414 84.4635952210877 37.06822936964511 -90.32130538884533 -86.17043846668156 -99.62679501243896 -66.75502252397223 -36.11885573402957 -8.519461289407658 -56.62727260419753 17.118224388936127 11.336134351193223 -4.119507801746153 -13.07281192047951 -60.613917587650114 26.53520809117748 -86.70780230851605 -24.418205667981724 89.91929011371019 57.434986564491396 21.593009173825976 96.3587019226253 -17.268656298087095 -99.42127316118734 19.302019109639247 50.40019822742144 99.00220221437195 71.29422906399819 67.84226727738832 74.75868146913294 67.23711896940387 -94.8479320211215 99.93985286220698 -18.606598661580477 4.466479050186251 41.033309037890376 76.26620146335421 17.790415984510105 67.20008239367507 -17.050550631576584 58.343333119213696 -98.93031865864876 -57.60772620114438 16.568056933291658 31.43620259187111 43.446238004851864 17.21128122314164 -58.953816703314054 -18.503717161342763 -83.27993374300706 50.49303825166754 96.77151403762872 -68.14651503615146 -39.826385421365096 70.83588283541232 -35.35274077075201 86.2131354598124 -14.330524143881476 -49.271747328815565 -38.717608672286616 -8.70502508872326 -43.305092895022824 61.07137790303764 -27.318106518266802 88.23305071001829 52.765564141812746 66.17503951774552 -76.56493353757135 56.53794787223498 -85.8916793727331 66.3809837175871 -91.00651728437674 -42.33576293246249 7.923263463596214 75.40968953369176 -54.09293084415594 1.5738961149391884 39.06168408140013 -31.226474107293356 56.26170828726757 7.160218544591018 -29.079319891492304 -6.986465538481127 -20.329957822473105 73.71894192527353 87.17869000815415 12.652707894644905 13.284587272727904 -94.62800001240849
-9.672416269250178 -21.29938753420457 -51.41225448446028 -83.73562012632074 -75.34278658455122 -42.660523065261046 59.92321098569656 -47.806615368342875 -6.888580981424681 -17.625354917526508 -10.713923931250235 -72.3763706331728 8.041680174374719 -64.76601567465289 -14.301929883245876 -17.850564013741902 -35.70779400202136 -31.04092081726509 68.29480189317104 -1.4653914979256655 65.46926025268846 9.705031312728792 72.8322964917958 -25.249778351008942 -9.844276976176928 -52.579151803402866 -17.521311148549287 -61.45352039910949 58.171412252293464 98.65619696052696 -43.50206583030014 -49.29639177554901 2.9448600598887396 80.30442140205628 94.40180154107557 20.268916588734868 6.000899433447543 34.066682901590326 95.1276291557636 -28.324225700009677 -50.97635107841975 -88.37700165600577 -24.525505169354872 55.383279456772414 -13.622324531427026 -0.08805012933792966 86.33886716784997 68.7883609670208 66.02984959013685 -93.07655690437142 5.546869400646372 70.01179200796531 -51.037433537244304 -51.55740390185868 19.272387616760625 33.49451517095602 95.7990101705353 14.634133309540488 5.607951924574678 -46.03896976991608 37.596046086186675 -97.67567815842267 -42.23933463845029 73.49309237387729 -98.57560209776344 -58.08753178474324 -41.750405752118795 -18.439417698275108 -85.17425403758693 -15.362766178852155 -3.857313768287213 22.610962679910145 -69.37662975685141 64.78491942697514 91.16055925779298 16.062092142663943 -3.3926788655010682 -44.06412470554055 -79.72953526102768 -0.16832714959002715 57.42002212269398 70.76671861780602 88.51407434458443 -61.61110236390568 12.910455885473922 24.887020226469843 -31.6548694895788 -8.735130364790294 -5.15930337283865 -67.10215989205932 -89.10787681300445 -6.944269651985508 17.052758476202 42.40758637977049 -72.88335063183462 -48.040902042837374 63.459331212100864 -50.79630235793198 -10.413105171960524 18.12899597475422
-4.45080828065376 94.63540178016058 86.79804113834783 90.45299899218747 -49.945160402106794 6.088668875859014 -35.85583799352399 -2.0707103444293153 -18.011653350402838 -53.40484492549575 26.310149354605542 -71.06169325617611 79.94501370006108 -53.872843479583146 -21.51535740941577 60.70419356099205 1.8848022794555845 72.84894805295977 27.58396537744217 86.97184653488281 -16.95907488557431 77.315173262793 -66.57254854496897 -3.791366996402573 -91.11442915339644 47.783497412595665 -33.279827142978675 88.3603046623902 90.01216630577792 47.79773455501285 91.9179552381317 18.077834169317867 -7.889102694337822 -41.040149968590086 89.35749628407186 23.841763542154666 95.69943040514875 -76.73604342382194 -4.405763175369046 -76.51242529572954 -37.06757993057581 70.55818049794439 -46.454697184320004 -87.6552815114789 86.08427083753733 -10.070922477180929 -60.596309448740236 51.31525924013212 2.1195357240691948 -61.368986441444015 38.151960444259004 95.16844761987016 39.81003079222023 -37.63861822538661 18.398151661662638 -27.197545945338675 -87.69486191435507 93.42605037939413 -20.024024998539147 -45.0277369064173 85.2003725611257 -9.761056104819403 55.38495996916967 -72.8774342049956 24.399948790625174 -54.86572461796548 94.63614883602767 66.40716089578541 -39.74630585322587 89.39432381201439 69.77492542421962 -96.19475688219347 -13.972652999530084 -6.4526397276606815 -7.277478677640175 40.987338586825075 27.124799829910074 21.83369858048539 29.056316858687126 68.95769790985494 -31.532305761277016 94.66455121592782 -34.81903436945572 -1.0347908356859676 65.2181460036015 -79.74663096859851 -59.35336174682995 -32.65680823638506 24.367973184829054 -27.651306629180027 -81.95922032762456 29.267897284246487 -91.94308532790558 -51.201320403274586 -36.2512130047941 -7.497703719253849 -88.75716580576507 -96.23600139197576 56.40160527998725 81.60947746209504
65.9457302952294 41.91062597732119 67.12754168620464 -62.76645438038106 -67.35072164456534 -59.467749973688335 75.36629959398115 19.205397527929208 59.648042005466095 55.35511057497732 -77.99894371979279 -27.137892761414292 -21.616512465734658 -20.255036232138693 -16.9095398962462 43.14350799805794 -12.891780757637108 26.86206921948981 43.820849548924315 -5.679483188552197 66.32481099602069 72.30939321860748 50.512893114575604 64.45077881564603 -7.038671705356705 -53.61785727310766 62.72617949179423 47.3756640260676 73.32871387951471 39.48003920431961 66.71133990819166 73.14192485282797 -86.00351674770097 -2.784647519057671 39.57762178998675 68.51121667308266 82.4591783540736 -2.7187643421077325 -46.296781020547286 -32.10970298238604 -22.970487450955005 -1.550318655209935 -35.60593465207036 97.41672521166822 -89.04941955224609 80.70734570831883 -97.85994404986728 68.29148861509913 -64.86041145193786 -11.030680259759421 12.170222924226294 18.17728863485226 27.075478196665898 -38.66497024073554 22.446958531756295 17.604560436476262 81.84398819712672 60.712194236135105 -29.92570293412659 -27.71825775068055 32.97064824052936 78.10994647518783 39.83466907147886 -36.92162600190536 85.84413794393618 -71.14993365874957 -75.52735460202484 91.4989060737949 -77.59524449478923 60.48990994372585 89.644778757061 66.56979638602394 14.429875547643675 22.003591486607178 -98.21052257627734 -7.3379318031777245 94.51972542903076 -46.76009044940117 82.35532909310561 54.21684313537216 -30.629457760349908 -18.682498499440598 -0.3062219046188801 -87.89373467128397 -29.326281732789795 -16.378330536562657 -7.186077512514871 34.52925347294985 -34.09584251876569 -91.26724465914128 98.80114633793505 -95.03854894291788 -37.6271916073551 86.66827915385596 -28.52112166323903 -87.74973440027205 -17.43064920371269 5.061678750120535 79.07377289434442 -0.8409533581104967
-88.61225824013262 95.40223278920809 12.15011123536307 90.45021657326203 -64.91763249590976 -12.802095127079951 -69.88366516323671 31.228758676568106 -9.498809940490133 11.336566922869778 81.89832708927025 78.30277898080539 57.35241812316707 29.988514969304845 99.22896783217396 56.566609489395034 26.08655871748742 4.75237515624012 -5.389517434904917 38.07745750838413 68.0235572656008 75.38746106683533 49.705709777968735 50.333473919482856 90.91064170931156 -37.67856939283683 -32.30096910179681 52.58720214396732 -51.341500991637346 21.7136057765902 -45.51033075901019 -9.57023874168253 -47.19541099416213 65.57913707474009 83.71440298623497 74.3520274577848 72.64045423411773 4.849036475898799 1.4736406814485576 21.80439428817978 -32.35226134429389 -76.43410175084816 66.68301433524687 3.829800436200159 31.106387319417138 -14.487203455636603 -17.352233576507487 39.98336557847071 64.00185339681826 -24.152738031944864 -39.28762556475349 11.888378194050091 -84.38888757666618 -53.89443527590665 56.916710984234896 -30.71212737317917 -25.127503854718242 57.59888574747265 -46.88241180959012 -0.04904632060109293 -12.15324313378612 -97.01438433897592 -2.875945575240337 -75.3355169667172 -53.837626940929596 -92.81582491576575 50.37023421829579 -90.95880235534642 -79.53873524599695 71.62157671856801 -49.54337709168715 78.05315521698915 14.532561490691037 -6.599949432958525 -22.73029337304409 86.950305473735 -81.87155774136897 2.560426015881049 -23.13616521853818 33.133590770912946 53.90343877339245 -52.06077749730669 -19.09473847562961 -53.51365263829384 75.34210218095262 -30.265182093148184 -10.79026578035436 45.02077452857745 -43.483338138644044 -41.76967757444778 -55.723677527744385 43.35342843243109 -74.64824586014574 -41.71850226387714 10.601056624766741 -29.161539187864378 -5.732476091888358 -50.23945558566116 -92.4973340001832 -52.75762786373082
-57.42021325355849 35.41473138648277 -62.09820251564304 44.87544304527148 -41.76869049255583 -99.12131219982972 -96.47061437433122 -92.62558216278607 98.62908480395936 76.15536864987268 -53.448902760864314 77.91819575828717 -38.193910820444344 -59.411259040476594 -22.914217457174388 55.97144739107148 -26.312608935711722 -20.064981730038525 88.52420715836763 -79.89247258078117 13.400205725264584 -5.544846341270727 -17.586178447629948 -2.3691570858922972 -19.524919161836962 87.18724099135085 -7.311408249801744 -16.74983778310161 40.18473126706118 -20.65060946227632 88.93200549646278 42.806046709888676 -22.808896970461262 27.764357276205587 37.09715927685491 45.621420769403755 21.817826114721512 -57.789786218494754 -75.67064294396364 54.32573511206152 8.863696072642327 54.43177901809639 75.33635720423212 97.02695705611305 -56.73371244431982 29.452307503339995 98.7113151384051 -9.30163381649254 -58.06322301877198 -6.732739086066374 65.38745306576465 87.19364799638268 24.632008174853155 26.330645890602213 93.58028181678014 -90.8299075648779 -14.900067800557153 98.86385992527445 -7.747150349750214 -21.415719035053527 -13.966242580997374 52.027622334681894 12.55153582792397 -88.61755902130818 80.4064232588602 -49.71234496573447 -99.54015175336536 85.95802585870447 -66.49888249733813 73.45702585702628 44.035431262608284 -65.71866550983599 27.85813148716116 -67.05165780990421 -19.692737929561417 -31.922119628972112 -62.105495763369944 -28.592276790054044 95.10389138883309 19.686022662042774 -26.41217690569131 83.4147108169079 9.589842982039045 -22.42334630080927 -72.27612054296908 4.079619156345629 -88.34900336627909 32.78610390469157 1.0027757821601426 -60.30427548679984 47.57830100426804 90.29246061587975 84.90176073287833 -66.13265284039467 -32.72654079591719 -19.313774132264655 -81.42683710494984 46.269396706391774 -11.010605766515596 -58.77112244425595
