2.170971662278774 -15.066865599792848 -52.192106061922196 85.20459502481017 44.747094715696335 -29.063321748195463 -7.121207599249658 37.781713400247554 -22.748544094988787 81.92896255619013 9.01561485766571 -86.36950036330506 -66.47185020098041 -83.40829913103356 -4.120426897673141 44.74385747085705 5.230716554338684 82.25666164778303 25.857425745978887 39.86463637801171 -42.15789005756398 41.20045910730744 -43.11294099482686 42.37598840537527 65.99052973226406 -66.11121277635037 84.4806224766341 12.84619827660454 58.45303528559745 -94.47183965406238 29.184384908102317 -50.53181289078803 27.78690203573322 80.36098604586502 21.356787257635318 90.21505295815558 2.2843541776183685 -60.80213953970164 -75.08604229730334 -89.123884786024 -63.663303921913574 -35.36608078804653 19.239942746358366 -80.23387478082535 -64.45772754976088 -50.98831245978204 10.805984580774535 -40.565872179269746 39.64213825892088 -17.888932244470368 -65.95592100221018 -94.20676704602616 -89.30206315389239 -38.91297828024691 78.26932600055778 75.09224514333093 -20.621092411401904 -1.715217169994304 42.72863136710566 92.52552488146642 41.527522785817695 -24.30196234717161 -44.53616621912349 9.870394677885173 22.701567792548488 -7.089453077224988 68.93894468165428 60.143678255568574 -7.229135887713639 60.67344579073654 32.52145499667617 -47.09789581429269 -43.73691782991707 67.74775871334606 -83.52704476451225 81.70536353953923 7.746850944311575 -7.147306910570734 47.88560130271637 -59.41931414114827 39.93583494837466 -36.842218616518174 -42.52431627042974 -24.81236538356913 -68.41458101676389 9.89743574277145 52.28424210225319 24.954974916529977 16.652410726511008 -87.84969882743437 -9.09349453388242 59.21114435304233 -1.614196154650699 44.07781181083712 72.21997509522578 -61.70110055796793 25.187308907769477 37.214049981474204 51.14427649814402 15.807381651499213
-77.61324286889723 -28.338120470732832 -23.940389043526096 63.01230520391525 72.62789718163418 57.498859407184455 29.707954062611975 29.925003493890756 -22.406921087003838 -7.510838679078631 -55.87569243509358 18.46861123680496 -32.13373541942663 -98.60968592469399 -79.78697111265114 -84.36085032359033 82.71871630776252 30.4727659888037 -89.28715890728584 -76.19425548135983 -77.50843230774723 -66.14660406172166 -48.40340744534903 -12.07088771453843 96.44693409636187 -20.991077473061793 -25.764394466395714 -53.74959194537616 74.37141351890705 71.23938656966615 -75.2817913531837 15.193263790044085 -24.20276277597071 42.00513538853957 40.05678356944088 17.69370058869187 10.982454386803681 -5.703741878256679 -53.69226665458689 4.296893824137868 16.17795871902989 -94.7371178184757 94.63845759560019 94.67222698701545 45.335567370879915 0.5160287716646792 37.23291702547661 42.678711610364104 -88.21133422545104 -54.072118130717506 -0.0527333670213892 -62.286998398840595 51.10151085119071 -53.117164318100826 -68.36810047184845 63.33226508537646 -39.90413225195824 -95.11252919743221 -19.665737781557823 61.67158471747251 -66.26032909085572 -81.70735958074513 -76.76660327914166 17.74390288735968 -23.3520942186165 69.66121682321653 -63.781298834273855 61.80071876205429 16.0476455904478 -85.64892630991679 16.192755665098986 -25.866219512657906 27.367327539626558 -57.1547782040754 12.995281016879517 29.813383007731716 -34.04494649761291 86.64762408437286 57.6940751625726 -87.07046838235992 50.413747125430035 30.637930445136305 -29.648030888565955 -61.33632295926783 19.314698673317494 12.960964170592177 89.17906289945111 -78.70150473249791 -12.603933248480743 -54.84998447299747 -92.70358211003067 -49.899362120874116 34.61226172412091 -18.850982389330056 -10.059330905351715 -70.51166017144439 54.60854477585019 -57.66603608889136 43.686824691005455 52.23200049326073
64.73092472520113 88.81623454819882 -69.35723349064362 86.66007516315034 82.83712331883777 27.909854565571607 80.12907506290608 -20.190527320031478 -12.436539664753425 -44.83525722846642 -85.2799346204116 -85.04071324424471 75.327873528134 -7.475342584788308 10.6991816207765 -63.642265399991516 76.81583612729995 -75.35176124723444 79.62224501034919 -89.74762452113718 86.0101401342128 -63.470937578018095 -76.33991778657709 -19.833137433137395 67.40282894276217 -27.684234980837658 18.968724529882365 6.682132600186463 -31.157975823156647 -6.220236628525043 -93.4147017615939 -54.35331534102639 -6.5199154118468385 60.80052404975683 16.66882630443476 41.98916068518827 49.35598427029794 -75.66209960804807 -14.480948803052058 -43.42737947507611 -88.53865228540307 98.26546463879251 -90.88295909002191 -42.55976200351228 24.901193103852563 48.83517935606616 26.1815722938844 19.90125363983455 43.56757688305976 -5.529181095202304 -96.50705084851592 -36.20280920515293 -7.121747316270884 90.70270700762185 26.3685147011943 -97.02132719506658 7.06833396408571 79.68491202226767 -36.28326954693249 81.2220244318192 9.038059229540394 97.0206666767389 55.40473950744743 -51.6767033151071 -31.960401356014103 -34.75929805667681 97.38491009547121 35.054715018807514 88.2201395597123 81.49332200985864 73.75229358697564 2.3764577351715417 -64.01444190384835 88.69559572099314 -75.56078826253841 -17.78144122079057 40.91821738706628 91.96374112719613 99.5504564717755 -64.9032394988581 75.70201913846458 57.467308994730104 84.75698812840778 55.92195355564499 60.64608723842849 -71.183105411795 -43.56553105900724 94.62302150395533 16.35247981680945 -37.50991146931071 -36.7029051175481 82.39313301127612 -71.19656250459568 -98.97555006291374 75.699997886472 -24.117085874375405 49.911005665007025 -59.59803411015676 20.078715466044272 58.86778769195851
-70.6344581215655 -10.88900398120218 -25.402320547829206 -60.80130430911088 26.201312410739902 86.06197963096551 48.33805461987049 87.99445936911755 32.437868196580155 22.71196671198193 13.762162216143452 16.45114397347784 -23.247825699106485 95.14878348046844 -59.32492185210349 -49.32207602749739 -66.38400552073458 85.41163736298009 95.41170903655566 -91.51588530587513 -4.609482904885539 -60.73354785312737 -36.17373992956905 -30.902882821546314 -5.540270422807765 -91.85305485256879 54.883962733418514 -71.0140306295607 -91.22384074495764 -1.5627437331773706 44.55263691406705 -48.4689021395245 -96.86413461627494 -43.250071277083094 64.50752553925795 -36.471293476951395 -66.51362257207984 -25.672131014389038 97.46746487020687 -57.87911889487665 20.9436500451323 46.726785973367555 90.83684079522945 60.08565159485238 52.749052539132606 -28.073934740997444 -88.03361153990086 90.01353243804209 94.47990835742749 -42.672183058727 -75.91844896893636 -90.4439744057481 10.95135395012386 -21.776081030552234 -23.488297558420996 62.193556474598864 89.60812555391234 -44.250653703280854 -5.919185092543941 -65.99892647247285 70.07343299351876 22.447439199161394 -78.70846434625231 -7.676546733982349 -2.6650171839267074 57.47711935272005 67.14040224371055 40.51582361218698 -38.091114876369005 -23.547135909332823 30.10779630982094 99.28579513476785 83.8153913198972 -81.80567860018222 26.96588735716759 -92.68499644298818 21.568245755090246 30.7897622391784 61.883597804234256 3.1038373495400293 71.47868798420342 -85.51326799613541 -31.752925803854765 16.90706498149504 -20.280299463950158 -4.340891433626609 31.57270040652506 83.52092140135522 50.648228263120586 -44.491972771348266 -58.813258140962965 40.98057327306856 -41.92361869175769 -60.49208345860724 94.4149019554917 64.89237295900773 -22.523975402805434 75.39688848783396 -19.018274366957783 -76.4625980056012
59.076772257492706 13.928667249757524 -7.112914514137884 4.302581432701729 66.82925681463536 30.460649558714096 -26.057542349364525 9.801489061325853 -28.58460165807479 75.7013975722532 -67.43153360665097 -38.91380740955561 -4.151240276653809 97.63726653236233 16.12434004181145 67.86768963842238 57.01216180228252 42.921882829814564 56.25431403520824 71.8222884939895 -62.76152521100782 82.91270625818694 82.217268814877 -13.81584612886435 6.280590306937057 -94.20214007415841 93.39506402062668 -84.7884913611769 -18.979003519802617 83.8437298531741 -10.781222356252044 67.26662317850028 -0.20351671877298827 -21.020384870513993 -99.08174856098925 -6.458482119564096 70.9288233119699 -85.78899939285998 76.22247518807771 -22.422934229208224 -92.25921338254032 -27.497990821689243 52.495449563592985 62.231089275317146 -5.821087751159837 61.19935751051827 14.724230444589352 55.37346865896197 70.76483831026837 -75.59309568869419 -74.59662364099586 -92.21327584540602 62.91257055295077 -84.05972540915661 33.82059080475747 12.226774072251473 20.43964757510426 80.63421573993247 -53.91381215786182 -62.178672774489364 5.347161592907497 27.523892116977834 -23.227063698807 40.76043309928889 81.94535948298616 -35.89762333292492 66.82240639965408 72.28141479096837 54.75508726815184 -45.30578730853676 69.31451983199233 73.50197888807432 14.661556830953074 8.3763602019731 72.10873096530213 -83.73505723223414 69.21273741377237 18.11966873328474 37.499120165467815 83.0765175310247 -14.50612421337587 -95.43973548825046 -4.630669414138993 25.456715483738222 2.957464452418918 75.47161558686622 -72.70296147999943 -43.912898505953194 -93.1864029463124 60.152667198044014 -6.445999686796554 59.81169403656321 -72.20459657118134 -41.482547504312464 -70.0830906083256 -31.563823877681813 45.275853044546665 -78.06694812521802 -57.337889170237986 -68.96269134255266
86.21223757286657 -85.76612997741549 89.4951719686693 -5.422826918828491 -99.64086365825233 -30.608550810658457 22.662273652774417 10.156829657268872 -57.7743423593013 -38.65925561564687 -60.182599224935515 49.939174148719275 -70.3717454798997 -20.32056812711518 -25.84432155350791 30.963176608034445 83.56637255663102 3.5477989459111683 -4.3466601213930005 66.31725599919872 32.55957254863293 -3.036038415626564 42.944105935014306 -16.51824879460453 -45.82337636235905 -79.05473700918392 83.88796025281155 32.37287288001272 82.2969856499854 -13.39347800991058 -98.18238996194583 20.221479268100225 -97.44507152237094 88.00771174989913 93.57321066025969 13.494822663015611 -63.17309322845743 -19.49023256219408 -40.54766119098838 -88.39306436043478 -97.39367577893586 55.84185386594163 -13.534486118162675 64.70314568170883 99.63685468296015 -99.18510288646418 -10.08258067390382 -21.116368556070057 14.338965128009434 77.75799117169703 94.5719484616599 -8.857559308611272 -53.67735853547151 -99.5974193228215 -64.81739466376715 -85.17382850210909 -3.597202933628992 -87.11875980201005 -28.13403773812682 -94.4303873939116 -2.8113105103108893 -23.038279505512932 -33.1563784774779 -92.15239692860995 24.498243118127206 -67.01164074831334 81.15615025851193 52.681160381384814 -12.423739774418976 74.94375836920318 -41.69789705291216 46.6908037604035 9.088452182882278 24.753246803134644 30.67447023683394 43.58177573408872 -68.82661817545106 81.6183079961074 -34.29499141964429 82.44574726390985 -65.90370897130117 83.51342652290086 51.21613430317345 -33.43303374016986 -41.684348425302176 67.09872005265777 -36.272568667450855 2.638178167852459 -82.5056359838795 95.36262673798018 -3.6896299583775374 -65.94991729658014 -60.011150682605965 20.777079077648537 22.683641287407625 -70.09773601567576 -5.435020102195608 -11.545277824868563 -79.49224810121018 -81.16965979389315
48.06651515012916 97.09230700672043 -84.15887536808727 61.47103035538689 -48.934056239757815 9.502134220184814 25.93917343904984 -91.04910359720206 90.03224986934899 51.35722870103689 -66.1470866382484 -99.28835267125307 27.792910753948632 20.08879445452901 -72.27990934289855 81.36959859101128 -22.413485641250233 95.48433193087365 47.54199664366189 77.25527988891704 63.45247881808953 73.7673465556789 60.544950021916065 40.080781264216114 40.917929174855885 -4.958609313397247 83.37999457454706 22.398923726561463 -50.07798186300418 -55.842975921617025 -21.4976133337143 -58.64237061847977 -24.27084701374544 35.157962402320436 40.31077626868793 -54.11289733671059 -61.68513150509736 -79.3534228179125 83.8292013170198 36.54951406356864 -10.861628483047795 16.394762396619143 5.710709642028007 21.840684023656664 5.0019501971387115 13.154836453702671 -53.720210451141504 -31.11517752773652 60.934236447426116 57.634768893596004 -67.11880114301722 96.40343180137342 -53.75352250714498 -43.792617059099534 99.27307225805032 -13.777166340762477 96.7196690357851 20.125923384860542 -7.403698077428061 69.62816383723046 -67.7229194573186 67.69250533660656 -23.462564341434728 3.8292992661733933 -29.750974148571757 -40.39149336407786 13.604480913750123 -79.42860174218595 69.31997503167048 -97.88459588501892 -86.35065496697065 96.9576793896598 65.98686625940806 -39.37888366160993 33.37339903785045 -44.20747201721602 86.50199560548685 46.81732897631659 -17.532815722847843 -37.67641952160512 -97.75721012550076 56.06010625108922 8.937127231712068 -52.75216192596326 87.99593529249984 -15.755175991827585 99.67951850902244 56.109855573124264 -6.511430089609632 98.81817808249176 65.3559799865678 -71.24266760222432 -4.818625990193965 -12.43894707095501 -56.24273145407588 -29.491879623671096 86.78250370823787 -48.31713968215337 -28.663629211538378 53.61726939083249
3.4672391879308435 3.5523937821620564 -94.00346365209609 -32.5599364621782 -53.4768604100849 -98.41095736659213 -56.8728984918851 39.9634001925929 -35.204241497489946 -33.97458381659588 66.97210811380808 73.31824989464874 -24.924789150004727 -4.20540312181339 39.26299750320672 -66.75040061850173 -51.658802727188146 68.13853067472928 19.70748824278843 -73.70093152099521 96.87461241836513 -0.015191783182544327 -25.35440291405888 4.3298820057754455 -11.895650779320292 -35.13916388260189 -76.9075631377397 -46.07160880806633 12.761899615638029 87.32347252765427 74.67523680564068 1.4852810117100432 83.34087780719577 44.88632707371886 -20.606383711995818 64.10352586219017 -46.198160180312684 -43.41707236662962 -81.2712486476126 -61.2335056153058 -80.58620981503239 25.291399015312564 87.09603790351406 -11.688577101635929 -28.667579802286753 -21.620436235790933 51.040468791808934 -12.179423398131874 -10.648774671644375 -15.777848185996774 -29.446911456057606 -81.2535504970002 -79.84426352263398 39.326015289741974 86.35800346234308 74.73711963854632 -17.15241188486098 6.8247609809291845 -38.73610855425249 22.749905079444673 -48.27313038051966 2.241133685002467 -90.0670331905199 -14.02387484870762 37.098487526400845 -48.094820808847 85.94648848688146 -54.301037064817216 83.11805118653646 19.901910284952734 71.63419894697228 -20.99815664952034 39.53356104605351 80.19221807639602 67.7234614667268 -62.56928929640697 -20.22878394166358 -77.39057546695902 -80.30172427423945 93.54081270369178 18.266718259819953 -72.62107736152925 47.58518296994515 -21.186277508955385 -56.14113179557629 -18.492626954605413 32.778842680383036 51.502463788107264 -21.464627067790644 -46.127701063223235 57.37112560473449 -70.67343470223389 67.39703086415352 6.59539998960048 -41.520879915952925 -1.888751921384312 79.72397658424737 66.7854974248136 92.79454241448215 -12.86796027814259
18.505225514097788 -17.42993569524147 -36.10110973205314 -11.182164494078222 72.17633639400154 17.558693808819854 11.109535780363316 75.35632413607607 -77.50926543289034 11.669520825807254 -70.03808360145199 -14.070970811603445 -11.547384581417347 82.91155946615797 5.801413249274432 80.54687038572848 44.468259498720585 96.94814439220815 46.23367297849197 -94.50577049129085 53.96581735359331 16.99438328215159 -30.19086402357196 55.43113239645311 -50.52170283662976 -90.77632443352391 33.14747077147862 18.581285163879755 -24.207506138946286 7.038893133807633 77.35179808244769 -3.461713246039139 84.50693279352265 99.34909421381809 -88.19454087000216 44.529855115299 99.95999802835433 54.04418726025108 17.143814437528548 -64.69694407107667 -2.388944341755831 -52.549232402925725 -25.943499916497444 -69.0659053759652 -27.528247806166874 77.65497608215964 6.266800328875874 87.58360899374665 83.22329648946496 41.65018028669897 -9.816345866779713 94.44469002749338 73.99420832824441 -4.91947043201948 10.121529601160546 -47.32194768569444 47.18456071062195 -48.440846376700186 23.630272878866194 -95.06450080368967 52.826081958018534 -70.76229289027629 79.59238918259578 -89.66469082421594 61.96668942684542 4.966612584040405 35.57689134649752 -81.39367237806087 61.12338499380047 -83.92674630743801 82.20242830567184 -78.40439777524017 -78.52867441208076 -9.442622181683731 -95.22029604298243 76.83784017665155 41.13925674765946 66.6632963590504 -19.265542018890486 13.105709604501243 -44.13270247248005 -29.925995116605407 -83.11381638731372 30.743340219349193 -15.475965711755208 -69.91281512974072 -83.5203356277967 -85.83132525882931 84.53131102750481 -99.119309225574 -80.43800416070553 -61.388386197220555 -79.41982600619218 20.49309261019286 -50.41129042508228 33.21216559396518 51.95887791805214 -48.46245103471074 32.53440149177399 17.204607331478968
-1.4191364959629027 85.68259306738898 -43.23156135782167 -35.78306295617449 98.06564124216769 -98.19704765814149 -40.87893237257907 92.85561765028345 -81.37325181437586 0.5265373677054299 49.72409515549134 10.437170239901008 -18.93943624661199 -96.04913333017907 -34.05358583056426 -23.96694867596527 -10.022917693179537 42.335755676031994 -2.814591787355127 -63.57046350425946 71.47237266018638 -50.4798961763879 -3.0983533721589396 -8.636566845334073 -22.88475865610991 -43.608494415116475 -77.11248316025487 -31.166250013030947 -89.53239896374134 -71.79903711744899 4.3051515919000565 -95.1761467278725 36.865539177250525 56.871650260785 83.48730051261765 -62.837960143443716 -85.66850342584895 1.563717538006813 7.101345965968875 27.079076627963133 -95.70895759132452 -88.53455264312011 -37.24913529608025 -86.12565756049409 70.10502626848921 72.44492213810312 6.323035819532549 -67.34456435803868 -23.03722858637647 -50.93295108265394 11.277955676420675 -15.863205090794025 -90.98680784078472 -67.8904949546795 -27.25100957744104 -25.95501848999156 -93.15732715678445 13.40864342107082 -98.62510516071978 87.4597385106959 70.85703171152446 -42.09090368094706 -8.535425475719933 62.581211328163675 53.91743318901433 17.192517017425885 -23.354451379447184 83.27661747190422 60.364678005048575 37.26772623487918 -68.54214141684567 -64.39527804288427 -43.77451264870969 -35.474837061871824 -22.726949947339392 81.10998392248459 -25.431420827208882 59.722693782530826 22.49700964208776 -62.80811463935487 48.86766399182983 -41.44381304134441 -74.1931782080112 5.151312736341268 -23.533616943526425 82.47044116497048 -1.4633952802692818 41.03095791120711 -2.9162533939214086 -92.87747479559208 93.01333940194598 -50.23079907394901 58.004744231859405 88.08755735096648 -36.54064427984747 -14.457378363524569 55.20188019783262 -72.78550972884945 -12.208798688060526 -81.75279282579527
-46.21731564735248 -53.456400133742136 -11.371420574842816 -96.13420250692673 65.86556451511109 -47.14813356993331 -77.60223219326055 -35.66074385471279 10.688054672400767 62.26296729339214 45.25472997363346 71.87822200077895 -95.1907022866369 -27.335205478957974 4.272439907992037 -7.594575022335988 4.8074892190298755 52.768414733075645 75.14418789229126 -45.946298988179144 -91.28621126518466 44.08904770341417 -32.39396821117356 27.76532488691126 23.55143034527734 28.28361368912917 67.37591943419713 -82.57493954364688 -20.124705439689137 52.94272198155156 -29.792206956149258 92.67256746445238 93.69688137143123 48.64525728825379 -68.4552067209456 19.29254032693906 -67.81123903559718 86.4415881899782 -8.471334728869977 -71.00514274409906 16.737474912804487 -64.08314005797595 -33.4164659807265 -47.83105877697243 26.83414726264577 40.541565577173486 60.75770860598985 -55.92731128529049 9.468295639535754 0.5440033688576733 89.5212805909222 78.58686925557922 -99.60469531779594 46.75372803772072 -19.29489742609978 92.93922616376526 -70.26834602774144 -53.94603336133732 -32.733610215791316 56.356330505096736 13.356112641796074 23.158731525101373 45.21573402143312 -40.640588690476754 -8.099927776554722 62.97094768594906 -5.966393127541082 -54.27668249955504 10.795225643963292 -70.92156206132285 15.299816047052971 44.644783571780664 17.210576616558953 -89.68827111247737 3.5067971933493425 -19.75126461232979 -81.0003483923904 60.94931862193212 -39.61233180105488 -94.88232801171328 -75.57173860909302 29.873592116228878 13.232809307122807 -24.63515040293322 59.95589180852426 4.678359849506336 34.95003203800013 -5.079618738275599 -93.08608408911448 -56.790395166202366 15.263543851433226 73.39521488133462 96.23711865886244 -89.52228448108693 -82.62491782820615 -60.913692233628105 53.08753541127709 53.846656416563434 74.61157807303113 4.514102868099343
15.83627566247982 3.466489139899082 50.91334571380537 31.043835257961803 14.234558340191398 -39.3022592225809 -75.6511243379091 9.623558838925362 53.98595879767811 94.52238266552169 42.37628713110152 11.124644832463332 99.66392843864043 -64.67473694235484 85.12312268804604 -73.75067834648901 41.1257476819234 1.0853594809085365 2.4665040271851097 -95.13008707425574 -65.08542798112089 -5.051968871550372 -64.38895000130415 79.83597427469837 10.398832560727385 -18.389008716562145 7.64010701836672 -56.47185619807635 15.426295221579721 -95.55501146227863 -59.68681577553876 -40.820317753616386 -86.30673632291146 7.613262355992092 -21.76965483473441 -69.00123419552446 -77.61334399112103 43.78547592809255 37.32682298460614 -26.44901535784085 -51.980190258971625 -4.973179578257401 29.262740725530193 50.9584562419094 -14.561060521513312 38.29231910586503 66.7336238995606 -14.109754022471236 89.14057305172034 93.91940231217714 14.08367074679397 41.92264777518355 67.19284014274922 36.260245202307004 92.12512802408125 73.93705572316685 -15.953149798864288 -45.928771005411704 -6.10177305626685 -88.1516432534756 24.862398960569237 -89.95979579147813 -38.81044753062712 -33.52292441918169 -4.298167801778277 61.827718976336826 -99.31178651381698 2.1595137259271695 77.98013280340942 96.24121417017807 -25.585421523519813 82.08913023559523 -2.5000476173592006 -7.041809990274373 71.45775901245224 -76.0272862811579 -14.209147595906984 -67.40164520647882 -68.46250880605358 -69.59004642232354 -28.270683142353036 -98.72833091292479 87.23517450456569 -79.14573094948938 83.03104311927373 49.79619458046952 44.80814577925108 -47.343472641797035 46.136226662053645 -96.9434844584705 67.14991245728802 -21.40440084042146 -9.230920690682964 -54.2947528580513 -28.393307684076802 50.84397208058061 -18.179193321773596 -50.42995459125721 -86.85672826244497 64.98923009301919
-11.705852271195809 55.59656571608576 -16.309132419607792 31.047009187697682 -87.21569759313677 -21.318007563714957 -24.669105061042814 87.44389322402085 -8.480489252701304 30.864147979247264 -44.74175883536902 -77.25172312463462 83.1907508334854 28.230842824529162 64.70623332936353 87.54316781380416 39.287832583890804 32.114390537236545 75.55742300574263 26.440363900585908 -27.342785670852507 -79.0759202362969 -30.56716862299342 -33.931781978851006 58.844954063108844 75.15451057361011 -50.37227858926536 19.943879062183584 41.62495645697922 60.53941893831808 -71.87841652271496 78.20180350337824 -77.0773598191142 -78.65987803453602 50.930226757618954 71.73251861916478 91.84317011187309 62.289753303643295 -86.97306395960176 -23.157261997994283 84.55093336596232 -9.472213603653586 90.12761194897848 65.07217381745207 5.962947791032434 54.505796884026694 48.79943697272165 53.33495024063009 -82.99130777819472 33.63087471371318 -93.46717460521985 11.189281538890455 97.02823960391001 -58.072069214378885 74.0337803967058 -91.9236312720322 -8.54107329219454 1.5223802306427245 -56.608379681234865 21.41144111538742 -30.2690577462225 31.183620618860687 39.44548210447641 5.138741392761915 78.46958756400065 -66.24946707480296 -15.818130974851968 2.6825920625874318 73.62650180984278 24.398974148357524 -39.38482912255441 -41.48305844618436 -21.169627326031133 -40.96602260419242 96.28180471153337 36.72357949190521 -48.261461344614354 66.81353000701523 -86.52145935349253 -15.42940290166402 -52.08505255217135 -58.42882383066148 9.116218304354831 -37.13112099309976 -38.988561113771645 38.99487698744946 43.849801726520326 -12.417682890623055 50.934641875435375 -42.55593822070405 -47.161740716011494 -6.630795761901993 -45.15868750067056 -3.02928166151888 -41.832627656541256 12.481925078875207 -81.2927470338245 -61.76921956629293 68.89020385811097 -30.72783171628599
59.88647374570863 -43.668214270752294 -93.88585192903862 -39.76842030515635 -51.741553089415035 35.956798737419206 -42.041138285796805 48.29764971729168 12.932324409973205 61.615864303873565 90.80866500921618 73.45305036241623 -29.5036046817075 27.749959356452564 76.33105639888544 42.731224651510274 69.56264302215945 -70.35378595647043 -57.188811888058396 -8.951629252152742 -55.25738728451493 22.377507049212227 -8.77821581615008 -43.03099111036583 49.493050066484244 78.31914946285877 -78.15476544900768 13.137830552235144 -17.12344005702721 -43.506571531955515 -66.14889326554322 -36.242591029744055 93.00164734298082 36.34897405428737 39.97962644345333 70.79596722452285 80.56087919087324 -30.12220461269588 17.043351901566425 48.558746890085956 17.210985346527835 -23.692676592540224 -63.28777802444441 97.0082077943699 -3.865622998479097 25.7896501851407 -20.815504376784617 67.33467097149236 49.33640268607172 46.18715828088014 -85.65199402148345 -62.32184254933975 41.57017408631512 68.03648863886673 -28.20993381758059 9.663020080732693 46.18213937172055 -60.91101849556675 94.89925190284268 66.51243580749087 90.7417292360613 -24.785512999254195 85.35952852614301 -19.86891161339493 -1.3954723681875123 -94.09381737932385 -20.019170793759614 50.90211570530877 -53.42267915778465 -78.08454632940398 -7.687576919939644 4.934601443558421 86.03918240015977 82.67427134897883 1.3695409716470124 -20.5527796052329 -47.49857154726209 16.478856655036296 51.88694391616991 -66.86147247740215 28.588238175927557 25.429323073465866 -46.03987142715689 75.03188697110875 -13.838187729221318 15.642150911128041 55.514355496653565 -37.66986726621724 48.78800688922033 98.36360450329036 95.59444026303689 87.67433931055248 -18.53935391014045 -42.69407251211204 76.53640223632664 95.67894452091977 30.91528384146082 -59.32218576738133 -73.67292937794537 -59.64014495327841
-81.97789924320311 3.5489149537549736 -42.41943883812722 94.93003056301384 -2.8107504043199327 23.64880194768078 -30.03962484915715 -57.13883113187575 16.40099412612568 -43.93188414244502 -38.8884279845221 -53.634825739968896 -68.38081884365238 33.86304359364587 90.52656102158144 20.24481944094832 -12.070387116321541 -63.76639425904828 97.33744543365091 6.21402186803715 18.160365312122167 -18.07745650772135 -47.51460107732646 -81.19602935481964 14.698889064273544 85.2834917548941 12.115741824791314 -43.466169287537525 22.74958230600683 -51.57289716772129 34.66374126218645 -6.4549316068529805 32.24672751086794 -68.52549860882297 8.853413918646226 71.10205189357794 -84.8735426083147 -65.91245418726575 -24.935579271732493 46.23936758432558 53.298561035486074 -97.33974360010693 80.21689928851703 42.984557260143106 16.64452633445832 -83.53175591730405 19.06136286701043 4.63025450260308 -9.098357024165551 -60.25808138431417 8.627760862574135 84.42042851114041 23.174577535175928 58.20039056524206 40.47402194980424 36.175410626164705 -99.72597505567124 -95.23034699839745 -9.56057076065997 -63.347652411755575 -91.6175986342287 36.450689962781524 86.92279369251213 32.55068370282342 -79.27132861676212 -27.87285709722289 97.45384669321913 84.76132260534942 26.842432365049135 34.22832082857528 41.107428718284154 7.941689841666701 20.532321068184345 -42.940647158286204 -21.293541777305222 -84.94365793090228 -75.98909124846544 23.811171374817803 24.407871218682487 82.04869643170647 -45.49754075646304 60.9425416104489 70.40134428909056 -40.62407980363294 -93.28043776485566 91.65065098465243 -57.25629864829151 11.039988918483346 89.38811408760856 -12.493393365241715 32.55440728285683 34.41491660710477 -55.016418139894554 -47.06670931314321 -94.2154797232532 -96.8262271386618 -56.468015968499444 78.42811249130926 -71.64746473788983 -7.922117731533575
-59.5685643816332 -75.06356769432895 -1.5138964528117071 -5.657047271270542 -29.802749373392004 62.063887434879746 94.39716691720571 23.366598037049727 -77.45973120861825 -72.87570365636654 96.19390960717331 30.038016495032622 80.86914758480131 88.93799229814158 -54.70691990328187 58.34315083118511 91.97826470069208 98.94305866374776 62.886480468381535 10.484214264509546 -65.7433124546919 -61.65408475469336 42.91204090924566 -21.75290113990846 -18.963010766169134 67.74471494612854 -30.266769181991847 67.993948584659 16.43002560977827 -8.985671792532472 99.52760632957006 80.54533907509648 -71.19351035950203 -82.61716219283058 65.66615612931051 -63.469046522953754 54.820055871012016 -31.230738254600325 33.06569704895 34.67665293199721 65.10742335336522 99.48079743017931 20.776027416772777 68.95859320292149 -21.285148147738724 -1.8219377604181233 85.20328264104643 -33.75597868881246 -88.15348644054615 -45.38955722771496 -56.34971527120223 73.72728887540475 -12.39605490438376 9.046614916580893 19.537178131247643 -55.6199576521532 33.34385859363434 -30.955316780172353 85.61088720407378 -71.25738878273633 -53.080874379930144 -30.799044380152466 -7.35391863389961 36.37212854756575 -31.39742795266804 63.935263369268824 52.891257472860076 -63.288000472592934 -32.21397814243814 32.221987131383514 -76.09482659376371 -16.14150299308355 36.83710826160663 42.463444358444065 -21.843782976670596 63.3462339529346 -9.320683834716718 -62.03900566595193 32.66006765056596 73.58288518334996 -15.788613449935426 -0.5378403887710874 -64.22436314272878 50.01889224243058 -13.780711180954071 74.74247042481716 -67.43073679465621 -46.17168642614538 -98.87875670905856 -67.48147946630161 36.80564112404241 58.57934049662131 27.517202913383983 -73.54106067156481 -63.13923800095189 74.78784293722214 13.738535722951823 -28.18883086235533 88.9845553533637 -30.431778833849222
5.694760873924423 -30.667839986485305 -38.78931876067242 -51.98362499991242 68.4368967156231 -74.90340519901042 54.64048966623011 -74.60922707100008 71.51268660614934 24.997940908886733 14.325466216588765 50.50800203481626 -39.55142955036273 -68.41898630843954 79.22208830314835 75.72758710508131 15.634623682467819 79.39584036052344 -8.947808298937574 -33.70211639905651 58.99212597257906 42.012688362692074 70.86032892273596 -46.62297763853136 25.027322688127526 -54.9014776617996 -46.66227181149425 -16.66529799583185 67.13178019395906 27.35467929060718 -20.034040562116928 88.04336307100667 -47.270070311558385 90.54175481673624 -12.77567392289798 -39.526146547351225 -44.710954947517976 45.94972476296505 -20.818554756754864 -21.47459956643219 6.789095656394764 96.84033835185502 -16.585069581973613 -76.99270597357635 6.175898788138511 39.55688711644106 -89.26133103444023 -19.241356222670248 -92.83647339842376 -3.6588521192067134 76.57530170659433 -36.29069115650678 -5.225164533542824 53.303191832267515 88.76047890218337 -12.21076930254867 -74.14302310494833 17.069927993620723 37.95860793274818 30.80112647485248 76.96654373941806 -8.248142193034496 -57.12795540262883 -58.24949540929249 29.916013424933794 73.76528793960483 -85.20366205561976 -24.108367947803956 25.286690633544623 -76.60418376336604 -62.881641749208896 -63.86944249443307 19.533997561240852 -9.058532531378376 20.935468610079184 -96.89837448659635 -30.50931678840894 -58.2927852661713 69.79895258308571 -92.02510824135639 -10.94734738931777 33.672303812970796 38.930714385296795 -63.076184004450184 74.03092221771445 -7.033549581325275 -95.35746278456823 -40.693613950572605 83.630178169418 -44.71806030453407 9.834555424272168 20.23586057016186 97.98805779162726 -49.69984501352436 29.35577183466222 40.52597831178747 -6.132670584618793 49.45528071510142 37.19690391765579 55.56632747135794
5.742348323031223 -31.27148816964744 75.99228168964603 -32.80467320023173 -8.42696390077218 -15.534123034746656 -6.325751351590526 95.21305955369596 -38.62960676409324 27.299695117756386 29.606095933225134 38.3286810599603 30.805759839270422 -67.84827073514208 21.71874333206914 43.782153332902 -38.993229676628395 -82.93674772700518 -90.3692580721537 1.4736328582249882 89.68220059061113 50.29882831667027 -65.24142509940351 75.7474980218604 42.98241570545795 79.70938838367988 91.82639375104768 -42.31026488310352 42.86736478802723 -6.749497250675375 -89.51609537176387 -50.49833446401699 -62.75662587931847 34.69837472776638 18.13217274311205 -51.74148439796746 -54.92545268586348 -0.026841935271875172 -62.38512006228136 32.469581855795326 95.71494339805429 71.87443439463667 98.27918882534107 -21.87426103239953 -50.92642029416703 92.41525458449124 -89.1635156587931 50.22218933200412 49.49440327204212 90.64038551324506 10.75941944779322 -31.032291188996112 -14.221907288218844 34.76079739544241 32.21264386152964 76.27885443063843 -44.05768460486521 -58.48332912844554 -73.69892081772494 49.80883040836477 -11.818803170990464 -89.90546720139191 -19.069212138857466 -15.970439200798452 43.820916254189655 51.33612157184811 7.955175211838821 -54.613657418304506 35.97014666489335 89.08813746449863 20.290249101518512 -57.6639252963375 -67.01878819396782 -67.74613510252368 61.9346112040661 -58.60371156635657 18.623959606095525 -38.31262124883716 -32.80752181761257 97.85908765046588 -45.06983068196118 11.38611817166823 28.017654354833667 -37.12273663710612 -37.41101570084406 24.605698906539814 -42.38996535609427 -89.8658367048076 83.59016736975664 94.4651092301479 -98.54986180176253 -36.91553940436778 -74.65836891445932 11.238485396795326 -32.054936000469866 69.43686147037022 77.03760809406407 -99.98721059904491 -60.916858735957426 34.56549388824837
24.28383900770774 -90.12613583947382 -11.9061686879119 -49.73500757563909 -0.38025011796682406 -32.768488468361184 74.05808258502665 -90.43024393311185 -55.96160879434253 24.983696627764274 65.37009651958644 65.39773392644858 -38.471695626952496 -12.811297089194355 -56.35537706353191 -39.61970189191359 89.03092470781519 -39.06859438536039 42.04012892591962 22.133088575026875 -88.19415960991735 -26.938630563567173 38.79723306488606 87.46363507371174 -73.94588457504472 -19.57649110225678 96.94277950995044 5.671885086437939 37.13636943054277 -62.95009594273433 2.1393674660462096 -37.257247828389104 -15.643141725320447 88.76303362598836 67.89539433774726 -91.44407954830709 -50.46996494172416 -1.0423017291250574 10.060822711127543 62.027011796516376 29.515291577334438 29.459462766725295 -80.95028797353103 -79.04644113275788 -30.501393094664948 32.32262958283442 -23.641312918599525 -31.372970140769965 -87.0186913371346 82.44645325837209 -83.93467262701628 74.72154435826198 -67.4955034983237 -50.288253474894496 92.5175879561082 60.51153599769174 5.115237017344555 8.4364077208229 40.0361741778421 -44.78513051353998 76.10969815276411 80.17541402232467 27.262135189940096 75.56185875702809 2.9192517842619736 96.73725878075396 44.11764624612408 86.60006658273628 21.835979265529758 10.838779778088366 -5.413866884449291 -96.93805656274081 92.07853282761377 23.821561817606593 15.916140495960136 -32.58636214872975 1.4377378892235413 -67.8738708018154 52.58533890523779 -75.40811531337117 72.66632715758266 -17.801449746483414 -63.6359230274157 -84.29692830486009 1.5097970598067434 39.76616769130058 36.89148677804212 84.09661381724135 84.45537617788779 73.94659826027362 -58.2355863251762 92.89808932135756 94.43508748281369 32.33041995258185 45.69308973423597 -45.27652725490368 -69.78297805992987 -53.447368544917786 30.170739200563816 27.594065871196378
13.586741319557376 3.494560050186962 47.429607996122 92.28328079651897 0.44020013155207494 -24.60597577251029 -76.77884650043282 69.55308498833332 20.91624615239303 35.81386750938185 88.61538102276984 -27.046049840173808 -54.25208092593432 -14.112087546509272 -67.60298799277672 92.2621944372784 -96.21879269536218 11.866184468515854 -71.3078417421115 41.78724674166051 9.097694826109517 10.39240572772961 -80.71823883948433 -55.03077480930798 -42.639088406080084 61.30796767223751 -55.447393045117806 -52.096217419079395 60.605794935697105 -10.538557742157593 -53.905353670825605 -86.8620988195504 92.80911614470813 -87.31107167523527 -31.909730910428664 7.253779150121602 -55.899147954159886 -54.08044923867621 -73.47449487993052 48.97758239606463 -56.154070240214374 -1.4667307291294804 30.69671907056636 15.422843457809549 -90.4839295877938 -91.16443925146054 -67.61402931546439 23.258835418671907 75.07560103597615 -84.8483292177241 16.660927436569438 33.99464466315047 90.53740196887472 -91.86616130911263 -26.11533792985952 98.8142065232339 10.804182088510245 -53.06280254654476 67.79408094433913 -42.21523255322346 -99.15549826481835 13.075022839003836 -39.4624793633306 -90.75888628124036 -31.680392194519186 31.38406241900239 -67.21525163759338 -56.50357188249955 -58.72536932284203 -17.81090328795527 60.836802998187096 -90.11210247282958 54.45888674668083 -94.90578575738712 -80.0515582112642 1.6500306932537825 50.71048751472432 54.266231946656376 59.80827470995155 -88.87516630100444 57.61823932661849 18.017869275893645 -56.8068204374107 57.60651849362864 53.47753442450292 42.472403779138915 99.69508446460017 -86.6001337323159 85.37725720776123 -34.252931358268654 -69.76788563401234 -20.72117259301993 -72.46205820775057 -91.74567404217518 43.82474848644608 -84.05068361817412 -84.10051816274466 -98.90924531580971 -12.298731275729153 -58.254591627065125
-21.89634054030381 29.295228863713533 -75.04621001585814 -95.29729750942306 19.047174525104182 29.99694762751477 -43.555218196214774 -61.84465949241385 -55.99950840980761 94.7437741221315 -83.52027442963983 -89.01122895668789 64.61925757552402 52.63633518132929 1.5599351890397912 77.31356506769828 81.1470841652312 11.324379316565086 83.68062879104772 -29.276459764133108 13.576405205772232 -16.534199149977 93.37944811746308 -84.99572994367242 -2.6416945545405497 -96.17271330362011 -35.0625688600567 94.93855250389359 -13.543092828011567 25.79679413906915 36.208639540661636 -3.1786719775645196 -70.0120823525908 14.337318679320063 78.10139050345927 -18.963667601414215 37.15172634062151 -10.847491559631777 -35.93795066074313 49.48893004466882 45.718435781847745 -90.27769355836585 42.83076055150039 -52.21184357855753 94.09008541694502 -92.79825922172068 2.840245046184876 -17.41415245971227 -50.215818530164505 -76.29036039157036 77.78181226793558 11.558480571891792 41.06416951637502 -82.26723304069942 59.2040719185764 -24.187858037198737 -62.91761233678086 97.28776043591486 -46.85220239643277 -7.0978393011689604 74.68992934408394 56.38170306124525 34.41100891001034 -20.032119671616243 -66.69133753027188 -10.610925825654178 -51.38779580033213 20.19131967278642 42.751485642203335 47.690615497740964 86.79032979391545 62.79170648218226 73.73150544759258 70.54750921707819 -74.37888476044398 69.95533956409625 -15.815975494089841 -6.611871070539706 -99.08262997279893 -26.012426083392597 -21.405039193997453 -61.54596984084073 -76.2602550592662 44.21621678240234 22.737664107953975 -6.932690678523485 -56.85193324580959 85.79217698035072 -66.46676171567111 1.350327438857434 -24.387206105164182 52.172746655361635 7.327851517438603 -98.0704901088692 -14.009327367180319 23.606684390594793 63.97082765729482 -59.48088034413359 -62.527570965080855 -53.11048294979579
43.00649564480517 -88.46013872159759 -49.255660158363355 49.52178076331012 -29.312249730860643 -43.50415319405572 6.420787016246308 -24.335300887525165 67.27121058371944 33.787176740450576 8.226832964320167 35.37535085765754 -88.91772818879802 -89.2398559331538 -11.785334530931848 38.91704499752055 -45.54771931275867 42.4749252327166 -45.193281037730635 -48.49396943030779 -54.21683096102727 13.636125581330475 2.023096845232004 93.84954143737215 -95.70128554390666 -75.70945649216962 -79.54050649987343 78.05253111076291 24.817959445872845 20.243489653479855 35.66461092643354 -86.5527448729099 -98.97444942143463 -93.88609051515218 27.454750103193632 82.39982375964024 90.58199722840985 48.17817045654317 -78.00903336278135 -74.9751734180707 -29.435134516216806 54.822631276806476 88.36351545691448 64.77177280799032 -34.50352019013678 78.16461913527786 22.142278052636797 85.6443619174832 12.649550520409747 -82.34955521636243 67.47272810017631 -68.11526684934364 43.22448412368445 -25.587485884634802 -64.93800580593324 -75.18642260196896 -69.62530249489309 -73.8759954516322 -54.50199592779252 -52.945665869447865 -1.2230357163583818 -6.485087554249574 91.83814936606197 -29.915844062789247 -44.00380979212748 -97.21131089823172 75.02952862233639 9.685758322235145 43.98625953638896 77.03392529470153 -36.141034057397704 -25.675935178368874 -46.602520326724004 9.792510223457015 45.23038782906647 -96.57525917879082 -49.26846976596222 -81.6589429911462 45.89092608784844 18.963710086622385 -47.01031751083322 11.047375731476052 -43.14716917970489 -36.45726765424939 24.469513735348315 -89.91096557056851 79.36560835028465 -81.573931078905 64.9402750383613 -97.91287709420726 -83.91109799867675 -28.31807575464704 -34.25530971699804 -13.033389905699579 -14.842159345509828 -46.058752906589675 59.31780571856444 64.40690237944565 -63.74198619777669 79.51399432030033
-82.07982611735333 71.84396011252929 -74.72465212407667 76.46113154749608 -14.87431409832763 -30.51694159022027 6.634800586412524 -75.04375349409864 66.5007681349328 -35.47209828205324 91.90547452068327 51.34512331157609 41.64500779338189 52.882540541000765 -25.131931499215824 50.52967318931738 -86.07635508445563 -40.04262579204478 -33.60127194040854 97.48432360641644 51.782897137265905 71.31007347809054 82.66963307137075 -14.034421023600885 -78.8319896804604 -53.81219668057062 8.622756116368976 37.66317640831585 -82.0192007767784 36.61975928540181 99.02759453997905 -28.69082972624257 -6.400027596015761 99.39775068847362 58.608580734342155 48.43600018186686 90.94058914609423 58.94768685730642 41.47178018467142 40.02513906227904 -73.12256588456283 77.83622233534592 -79.54271678985842 -78.11491775847006 98.09316313188128 72.12860549318944 -7.823900019627345 -34.10049826323973 -2.4013283920150315 5.599169107835351 -21.070049607609633 -85.02373804090269 47.887841255775555 12.505467685376942 95.78666732570883 -55.61826993079788 -65.97182865354657 96.03795907166287 97.19792466801411 -72.51601770218075 -98.63092604117298 -87.63281360448467 -21.249727278079106 -18.78905736719942 84.17964726185798 54.92442283866433 29.20714185305735 -32.45848301415934 -44.07804316060293 88.46248499250206 -27.735660671431646 74.06595307645964 26.355601973231387 58.79022229306196 -89.68144681116254 18.442767994665914 24.511100537857857 49.453785511953726 7.022350125770018 16.764365528947508 18.123798230146136 -3.0324931382812252 83.53119172184458 -9.39588062609758 -80.09447687248084 40.693069447814935 11.828375521585798 -69.54133647394893 93.96740630447326 -85.56367625486396 -23.337771472980023 31.79554701665475 90.75919641155645 86.64772901549586 -79.46571715099432 -53.991581909123276 -30.38545159465407 30.177897682115912 43.4382452286284 -90.5262132351617
31.408454821236518 -21.550877988792266 -41.96832967956223 -95.76150280501284 24.635920282538166 -14.113096786625533 23.74829829525771 -11.555490133410956 54.01686713254779 -36.17534084851117 15.73073928103095 -20.13782436795168 94.00648231561141 -98.25551333077331 39.67826201975163 27.17054826519538 88.9280193417595 -29.746059011848473 44.05519868889601 64.58356959171579 32.87837353200115 -71.00435871861379 41.22708713087587 -19.695370847861923 -96.58238781015326 93.32692988299459 67.737727251797 19.274567064062936 47.25624914702104 3.520204742855441 -50.00696043521997 -85.8344827984958 44.363516462187164 -30.55154056934279 61.22362298498936 -41.32156044692139 14.912122609878509 15.11601982779473 2.475474439274379 70.6351263660199 -6.858191467187652 -68.1646322904003 -7.34022078302155 -39.68537594102983 -77.78397621264581 -63.17400561352604 95.90875896094437 -11.050593712422213 -16.320081100211752 90.66117843541198 -44.87055315391515 16.48573172222079 75.94128427997555 20.306457463651356 -47.57075122044998 -21.462160078163777 17.708854399466148 -16.203063765242547 91.44600249206397 56.39999511579731 54.11780011024862 90.60585019427455 74.4214210810274 38.39523279433135 -76.32185155725107 42.4942803212094 -38.07329986870131 -35.58977425080904 9.215284318750477 68.71350593443296 -18.56023792411267 25.615173470988267 -0.3844604177948696 51.182453746872994 -76.40421390288404 41.032225656180685 -82.0010681029818 71.85631335043163 -53.161674571590645 -87.34833407764656 -88.26636241803998 16.452503141034455 64.0634976611532 64.4059735264866 92.43265353792717 70.54893414961464 37.96846621829542 0.09778575693455593 -74.51398415941401 9.329910553546213 69.16304512303373 34.598642011634865 45.59467959415187 -77.68488225884056 -99.47040506698002 -37.009425486077376 -38.80392926678675 24.024286980563446 31.401297471377205 -4.549479616694512
-40.10059096614995 69.548425316535 42.461745022390915 22.612433011118995 40.11418501549099 -28.58551723427729 -4.838434625490848 69.34083211362898 -64.63663169891542 71.70580676873081 -27.241903082764154 -15.387793598923196 57.68466144527372 -25.264059033031614 -0.255094171892182 77.17372432088419 96.85891431972365 -57.365862444552974 -61.635861159238644 -63.355977725332416 -23.13102979725292 96.67443548871816 -79.17560662858843 6.949942648128072 -67.67280953354953 99.18604839324527 -24.89812236002875 96.16666335053009 38.81461956892687 6.5456367752885 -92.06366965936932 97.79120583789017 81.50521961669799 -86.37731836362357 -5.701370259706096 -65.40936515961508 -98.59807803854024 46.02512752096888 -18.8479300072852 -40.61685276436864 -43.06183571466764 57.464802656998216 -56.6029922169037 -53.873423924505445 -85.2395607506575 -9.364130322149421 38.52358955148944 -45.151369260500715 32.77188882487937 -70.12230507952259 -63.75031414834646 -17.66529209424172 23.539996303685996 -50.6547839148616 48.958695174929176 75.27471343237295 -80.26344274541259 -28.958053947459916 81.83987683096899 7.343014906388888 -81.11309869564846 52.500818129891826 64.66461752005688 95.3485787036631 -93.73224623170759 51.633309758362714 50.58280219924552 -10.738559721376603 -84.11978399584254 -3.0579247748900826 43.60378453033863 37.33076317160257 -12.304845803544012 -80.06785200730437 63.93093692430941 59.942768457010374 18.410002069964776 -88.63506734538373 -19.701477623473835 -23.56093444380943 10.417346086048894 74.72896099565804 -44.18367440418371 -12.462907291719532 -60.447257709688174 47.24352947416821 -35.479144424787506 94.31870281231633 -23.3448593142072 -79.54743927549693 -49.37468968983918 -81.93045252737119 -56.70624142923047 62.9872115040684 -72.11213301243502 -49.47169086573475 28.296101783726755 34.165098659314594 19.533262308250215 -4.488854691820052
14.77025281555531 99.38966582553269 83.7024488571669 -57.41209399556606 -60.214809730824825 45.12832863342476 18.98779860723026 65.59945413732976 14.909592727150695 40.96055452777449 -33.09288546344729 -90.87308547776185 -78.99313902253569 -8.002137388473571 -5.513664288968727 -83.4927386572252 83.74211977700153 53.17743793566362 -89.4675571255223 -45.23170546568836 22.35792349022165 -93.59064170857859 61.713147826559776 15.848413562839411 17.01482348735854 59.44050217551893 27.063376378547474 -39.684709583867715 47.30075868663292 40.39898921268136 38.3884892067187 -75.29149779086757 76.38816043131649 -5.9855191365516305 -55.518736902632156 -45.5203584476056 -85.79732686458483 -75.95703878797605 -26.58725722751589 -49.289848544211054 -19.09110848508773 78.51151433883737 50.660716685309154 -85.65582027536678 76.74770647158184 -46.100926846770186 -27.49435233284916 87.38201694021876 -9.01934747568373 -17.957888936075122 53.50754646401364 -77.52264117492837 -54.30289125789744 -50.43057445579073 -60.1888601571219 5.259884192043458 -85.33545333023989 -24.66178582161227 -47.13238430183642 -61.12043081308916 22.608210824249326 -70.52121626986278 -11.840931456062663 -8.490611921425113 -32.87487090775589 51.318475071800975 15.608447611417148 -95.2448567349319 72.03959249342532 -60.930297422378054 66.03320463533495 -66.89894492269899 45.80301768932577 79.87942798694252 67.32949294705577 98.96400870130597 90.75627353925694 -78.11749429572963 97.74248166865763 43.54914043998542 73.2546384569984 0.6386391083623266 -28.641869019095978 -47.160306468982526 55.337949509295186 -72.24088579494236 -61.385980959520325 -89.97089070365733 -62.480516077018166 -73.62629421712133 60.072322194333594 -4.233914226024993 -59.006184214009515 -73.93421054185922 -51.645857234334215 -61.05319792578907 43.95692134774927 -44.80646237656809 82.18891770616966 -54.77227094865693
37.08227839587403 45.56134012922348 -74.5756288466789 48.09888852415068 -4.6323393191436395 -79.46381759229362 -63.078710880705046 -18.95340658016771 0.3880777778090021 -75.54489841193852 47.08533397075797 0.9094806689654575 17.57528985004022 -16.232584879559724 -1.633513774892137 -38.504304764221885 -59.84145538782983 -91.33702395809382 32.61747552038571 73.72624059239863 3.148772975972335 -48.17526040473561 89.42094349620155 -45.26230525021639 11.010300635568626 -24.295649072221764 77.20330654697784 33.11279169178178 -51.469808471759904 55.91796015582693 -70.05693509376529 29.590058664596313 -21.83482270840456 -31.85541218647255 71.90079241414679 77.92507390664255 -78.37743434317352 -36.92539090732525 3.7181478929194895 -51.26752898808058 93.78934935151963 -14.087076900254544 12.63346790131554 -17.706493129144405 -39.574314887309406 18.485229004245156 78.1847798731742 -81.86681762756002 -39.26404868799989 72.60024218498498 15.556575034926823 -61.6801953877417 -33.63196888313513 -46.72149265410488 -6.564916444299712 -28.514221045597395 4.362495595493982 -86.19678608789553 -28.954487438466757 42.26950376113061 77.92468884149088 46.94452684275706 -75.3105121323775 85.87299023357602 93.63625437919984 -36.59965922081578 -55.58026628512518 -96.85618261749936 79.4828918534026 66.92891732203918 -32.01547661393916 -8.725854339413061 -60.915329400435425 -12.440697657365092 27.103303146516026 -11.048268269799607 -26.65435993417391 49.35785669218245 -78.5362345688718 22.069658899693508 81.78790078924033 79.098711069031 30.288121030312908 62.338743310644276 -40.091362940242426 16.547779503052283 67.29355030022137 12.103618719703576 -87.89136298831464 14.546341023839403 -59.002132780360085 85.63009199673394 88.4769959890194 32.11108117167018 31.163726456292437 -26.125525296517523 -86.71528891814756 75.31412218823985 17.467905298007167 -97.72973441833457
-64.7595473556609 89.22428438909606 -42.58812281250896 10.138517023491616 6.510383800000724 61.4940583966123 52.66517786934412 -66.71962294038653 -55.01693422777301 -96.77239487348945 8.320152244069206 -62.13554987794237 14.297560230895812 82.87184738194634 -19.203905329958218 -21.696109241042464 82.63334254740832 -71.2906733683046 36.19962665913158 -18.376641518079268 87.39540751599424 -11.877569342128254 31.277021985923938 -91.32552936991796 -41.71881328031088 78.48162922527675 79.59577235720849 -14.460812695736493 -5.959872356460323 -56.87630631216108 16.081056622387948 -51.95433301416359 -0.21274715455194837 0.5763273638145847 -43.4585706942888 85.08388689478161 -34.331102119751904 -11.856550923982724 93.93403173694875 -23.35385136589818 48.34358260423818 31.200153550400216 34.53282336658117 84.67898951839891 -3.7846520632820386 -71.67145086589674 -93.17289680003087 39.8690088320279 29.502547511383227 -38.81424891436467 65.80574928552741 47.05175755323887 -76.19844970249498 22.195479755568087 -32.18306445856014 -55.813825870804855 35.860228234744255 3.791633260603504 50.41270477420176 -10.589346272065981 16.494941031202103 19.074325012670613 74.89855463763314 -83.25643370205566 16.587342478087976 26.067766546949443 -25.01701007739952 -2.1270428205421297 -60.307543026125934 0.4859696430003595 -30.90702611105236 -86.47348400985348 -10.78378763721102 -35.66370195837246 -22.395269782463757 17.79195460947392 -28.697792633400994 9.469633028702006 57.04005929815864 85.30111287112277 -1.7319840445581178 31.341783257569972 18.3081776609244 -97.68212827718823 -14.53659401600693 -66.36239490541189 21.54130150144165 30.862250549099684 -66.3987777470459 -60.41928646594907 -70.6682620272882 49.03838651485671 -76.7955466872611 -36.627414972898094 95.06436489611363 98.2398747564651 -88.58977970791705 3.570049328430798 -31.930197841408997 -56.857545747441286
34.29952127040593 -34.294567668608764 -25.37478593001616 12.619474792499275 -39.42264138053493 32.603920002574796 15.896747354080773 -33.301647379097716 56.03926765164621 -18.426489538507624 15.625772520435333 -48.2462612936122 55.282153417870944 -75.49711168093103 48.12782872470919 12.478762550118105 42.27556713060463 -93.92791950127113 55.78563666562928 -42.64966690598024 8.127491348338452 90.6359170241594 40.92912906172171 61.45961674503809 -7.098720381512052 82.34152622013534 -69.0212895868907 -16.27638596694345 -48.009515898329624 -55.479363091743615 9.061366179768427 -71.47239173687909 15.027949367073433 -46.2753812387034 -70.81856527107222 59.179500975487485 58.92072238447014 -59.09888758707431 62.63268666802762 -11.6624955593104 25.63169205839715 -28.10791643283281 8.13802513150354 51.97300085632452 -0.9840869509829702 -47.82056707705236 42.56012717057433 -54.80982861551238 37.91323360806888 -52.91452444165572 93.2895387637416 8.286715007497918 29.86104266926958 41.34202993081212 71.21216603255175 71.14130339166061 37.60380926286621 -67.85701552960641 65.90543090100022 69.53823534402247 -89.80198478454938 -17.71995593786835 46.45367209952951 -79.40134201695086 64.07590588455466 29.609772753543524 -66.4657719466912 8.079990974545154 -97.73502856385137 51.028961712653796 -1.3693535012963451 -80.16094212367253 50.60914196456545 -69.87755144259206 22.085836334310628 28.507819317021188 45.64527494517367 -81.65623443148 -82.33734653391204 -50.12839866675971 -23.021998480615878 -39.78585496322544 -81.61133239479814 -90.03717024152806 -80.41517512586452 -5.858399368962907 82.99195723201069 -46.077620297285485 -29.62033163801692 -90.51135089606454 53.572457988236806 -20.91149148344529 -45.73821128481186 -3.159989178986592 47.9163891978846 45.69013282205739 -15.265827469804975 -8.07449260805329 -52.10897978388942 6.624139732259039
-11.878370525303723 36.86334581176396 -55.524580322871685 56.86622628846885 -90.25297556898757 50.388770324884234 -64.50654159525138 41.60508411039487 -3.2534035937519263 -82.00907143095833 43.18723021030837 16.84309872825807 0.5957146804347531 66.01449829929157 -24.02562453735635 97.08589961654405 73.24181674841813 -93.75827068869107 -62.850322693159995 -4.794883412653775 -46.29147127867632 -16.778163646972956 70.52393922420129 -93.33477622243056 -58.79417315470141 -25.271808995265417 -80.30369140224558 75.11842176123002 26.882518443134003 10.499512451816685 81.12690124497013 -69.19718459961592 6.81942475685922 -77.16966222703178 -79.37208736657166 93.94734877583096 79.04130802469095 -54.22954967561597 -49.1028940646753 -57.75890699312492 85.9256628860604 -5.426597876083392 45.12722099322818 -0.12030473544911047 31.332465244039952 -1.9057598415124204 3.0049396767812198 23.819949714550233 -70.94586678867192 -64.9210683740732 -66.16201922867879 -0.38783862739410324 34.03228286976693 72.41070556001483 -57.51099827246249 45.45260404542401 52.30061988798249 -19.479404463002425 63.30208983641103 -64.89229608872782 -96.52051604225676 -77.16308612489811 17.95413927003817 -6.683059694873236 97.4184520137299 19.56471811431986 44.74389794043981 -97.88930777479735 8.34121080657981 -95.74122219757344 -15.73071444665213 -83.1580162550879 -59.11010346329295 39.20707234469782 9.340832623495743 93.6329322185199 -21.948986485937013 -13.83885022086237 94.5372139691199 -19.485658258063964 89.07283586146283 93.43383652049914 -96.50449968573392 -45.90897278839539 -27.581936772372813 -89.37056396954146 5.96454697105446 -22.367782622443926 -2.0535853866538787 20.208794355766216 -44.90816110615514 64.69801695497412 25.086884524741947 22.95768147911039 -77.06768902308434 -11.174060143221354 -61.43768459996317 -40.84085877915638 -88.01115712643244 2.4096789509396928
-97.85824291478475 31.496497698792894 42.78785303474629 68.98363181527537 79.20637962443894 -17.478716210467283 -23.151004548036553 46.05212508387774 -55.873392566399204 -21.307515119520943 -13.640435191876435 -34.05087380535592 -47.108434140241926 12.614879131826655 88.54750890618874 -66.5080221595218 63.97618904224856 4.824653389373637 34.31039248748931 85.24082621676902 -43.79517816478382 -29.792984323243815 -34.87998999648765 -28.853439501317297 37.2443218928191 68.54800355308103 41.27805376193149 85.62155435696519 60.56338393466453 -75.51334886997047 -69.98099312357286 65.91914491547021 -83.45124514156674 36.6564312480119 5.769925532187642 13.826392751123478 97.48367206977636 -82.53661284717481 98.52220875815274 14.823699716116806 -12.562211062427593 -77.04721580617249 -78.5026080696924 -69.31111939938415 -68.12455691545831 -71.06904346353653 77.8296870115546 -18.599953524453028 53.70025776226285 9.866719015053093 63.88760114359033 79.38590187949532 33.415311027008215 -75.32074938426547 -92.59777851527105 -68.5414698088039 62.71398320671639 40.13599612936554 -13.547261782437744 -56.74311237867202 -10.08445221367873 -24.786138351522126 -43.10866048603066 16.573922624093612 -79.97144713709308 72.19978543369118 -74.2931459174768 -86.01411194225773 55.379634777070066 -19.29546089274163 33.84060605906919 16.593976730366705 22.889147488054988 -60.82033789969372 -10.382864720891277 -45.66978430540156 51.577241388741186 15.785648647281448 -16.763981876988993 -43.71883412583366 -85.23911942943208 19.334444029394263 26.738813977993175 77.73815078980405 13.535877969767824 24.239804411466707 -17.396417260501494 91.36938662852054 16.715872382845262 3.2381817362981025 76.6514955247446 43.38331589594219 -86.23265783332256 -42.29526224617268 76.35979788438391 29.347991922342175 -82.91315025754717 31.182462545733358 -61.55696908180608 32.408543614534494
-91.52297285634813 -95.56386590174695 -58.57956079485056 85.37359388053801 37.57197544678678 60.00664428775386 -0.7807358306407508 -13.345921564009316 -67.4656635106056 25.977298958605274 -74.10564630854407 3.3812430169067653 -64.3281594175605 -4.051716537218326 49.896153317384176 54.001382005897625 -28.696166202058677 62.38878267408862 -77.43989062158843 15.854541023560216 -63.26751090938354 22.217111550093676 95.21768715909462 -98.69046819533371 0.7578564335636742 75.23724048882582 39.8104463135881 54.66219774901373 21.049805462272573 49.95083891465646 16.405629981175935 -72.05702919670524 -45.40345292906957 -20.607988649914773 42.11510465924289 -82.79542674583946 6.97868645786572 -35.37557819102358 36.87586037156581 49.6117316829305 24.255914739671127 -32.742301598867 36.64568502076608 83.74171843286689 75.47732579515343 -76.06766117780936 -8.36241439595733 45.70712951925046 28.081837466527446 95.17762163718734 47.6978381740239 20.67433399417085 -62.61891501176942 -17.284287801482947 96.77071825376385 -52.721217181832955 -85.47822640532186 -39.79065136629132 72.35848610610535 26.69118941956519 47.31730238862917 -19.08836117315306 -30.843602428976254 63.542404531719 -27.340116717228028 32.58795914929797 -95.43139003727461 11.449897079604156 -62.334477393187896 70.31855826527288 -12.57924592663349 -49.06446557899946 -2.0798993408939026 -42.24592413085131 10.049699356186608 19.72428267508613 34.46256895730721 58.91690297187134 37.88194838696975 37.86833977565183 -17.9838636618384 -95.76215842241508 -55.295477454519215 -11.07361543990966 79.62002686770862 -86.35002214601973 56.57198149420378 61.86418866558688 72.12069732840561 3.2932167008659263 -82.17508070766934 -22.94680793525501 -72.32130137411181 86.63734499273579 26.970401772123992 8.854172942009512 35.505197657871946 48.01877390968255 50.92872622364078 -76.66387278090292
26.58014941893127 -21.42290888834289 -45.10312907527203 51.70121575479146 19.955239304055 -50.07862680264059 68.18734174566231 -77.54507346679719 -85.63155899700547 59.44924938345537 21.14068663634525 -36.818098000616 -63.92487787274563 -50.72140674783587 -8.563311777209748 -15.233876293032893 89.51121269052135 25.349199238840313 9.627425645216036 40.85104204289175 -31.47715327456308 61.56973611071203 86.7700689160385 -76.08704908285473 56.35836340136936 -74.12453503631295 -96.07576960677129 -22.24855839387054 14.881458152836771 40.58828594924938 -50.595862428420666 -87.71447789719969 42.947300225647666 54.631721960320505 6.6377264251412385 -37.91130592021199 -74.19736112816227 -98.59466591058887 58.09214419717395 -77.06590501027193 -47.05451583436427 55.87204277933981 91.74259013763185 87.63432800552405 -25.686074860667162 83.166809438592 -13.805126512838143 -97.48573915724828 18.852812146364514 -53.45238956115572 -36.931560624384076 -97.92396545918771 10.590672710333308 29.0095568258549 -64.22419177572692 96.57211151118338 -75.88195861870805 -98.12490304709836 29.563063625959984 59.15019777073769 -12.038642647950653 30.122369609913505 -46.940654765519916 -23.596325774390465 -92.38414856897903 16.522733826432898 13.505137100863323 49.92749541905707 71.77823586725899 89.07708104625485 87.53726356545778 -28.505403310505457 -14.680079858531798 94.37416700281716 -10.967206589036408 -22.657960234043344 -75.25535108426627 -53.78220363718695 -90.50596801674087 62.972002445756885 64.08785910979228 -41.220814934405546 -5.004287376515066 -54.576150046126436 78.35811358955584 -26.905765116008325 72.74298471409645 69.23615681947899 37.36626991869937 90.5207741844977 -43.14253447948511 -42.902790283164016 24.458171665146878 -45.19340206505929 67.94660433973857 98.86180531966076 -83.5156113860208 -25.55516701369396 -97.26232573406404 -59.49213778570655
-54.09356880703977 47.20487013232608 -88.38872616764215 38.07377052874358 -6.7181751969269214 -86.58003397647678 -7.348956199435918 -95.27702065418421 90.15890980919812 95.61223817752736 -19.209935529168504 -33.82502319277867 -67.24098070024303 73.75554360611534 0.9869592139802847 -79.54551543911694 -54.27715796382267 -59.7476939361331 40.04782589458654 -11.146238027161587 -7.651460806466076 -77.52506485218531 2.805330508937658 67.50190688223111 26.342987662258395 -82.44648293405672 24.764248048269934 38.317832654350894 46.18839270411635 11.421276220003733 29.82619797334806 -22.743448534528127 -79.74881200944417 -57.22978453409815 -10.82575940594623 -18.440688023667605 38.53286693058564 33.800274444643605 99.68968402624122 -45.47919113456853 -80.25501822875631 53.1852935184952 64.66432091337111 -32.586134118842295 87.43510543731674 11.900768905474152 56.92107604814677 -14.114424641531429 87.42188421599221 93.60295080919065 89.05072864875436 60.252761085266116 48.74041525998234 -20.137874082973426 40.04444099784649 79.64743923987473 48.845167985051944 99.1677275375445 -60.84196448053729 -50.6088288303683 -7.208983501778306 66.96655846014588 -82.45676176697177 10.639378647166993 -94.21065876918323 14.72036947420321 -6.9968075594951245 -5.798361280581176 -79.0476849161927 68.02916921173073 77.60768043829202 -86.58791429679886 68.2361530859094 32.610983606342614 76.67898978481932 70.52478418861992 -25.713445704316044 -26.41828642374948 -97.662318800759 -71.42198050640542 -9.42304567159438 28.35721607974739 -56.812802460010325 -22.081040224076105 -76.59789622999816 98.04459842217909 -8.162204868850395 4.603308891915333 -52.29305207757675 -31.028956559711872 -54.11083382392348 32.49526156443403 -48.8921534514088 38.357494061769955 1.5157903776851214 -69.87779208111672 50.92936584393263 -93.5724557327761 -62.86908917113006 47.334352322951446
-5.746088923284816 55.41356481519571 13.671475619812881 -68.31476750786108 -81.90607245888052 -64.0354170091022 2.7062174042704896 79.47861848911916 9.292809582836739 78.6508811353008 -91.02674666081589 -83.52035880491093 -22.4442994818544 18.660782331304574 -83.08202429577365 -76.31582270381337 -70.43219125537543 73.62397073312371 5.954482727673096 -93.17123368189313 -89.50777359659804 2.7500444182943653 47.48498980713421 -89.12296087233558 -83.47199833866233 57.64635339108153 19.49972972063081 83.8507310715919 46.950264511062755 -78.6589380430932 64.67227399255728 9.480559384817383 31.301181097041308 84.05814757168775 81.5318323280822 -48.1133885870082 -15.084918121541293 13.479231304752332 37.97410148370054 -62.73592440168694 75.13976011927105 3.7437053366655704 83.21513352042473 0.6708175165572641 -29.60453531983096 -15.027849010602125 -61.007908658041934 46.260257307309274 8.370437754277987 -2.037335018732705 4.542761455697104 80.16070685715601 30.106487573687417 -29.807408170577816 33.34280508415671 28.935451191362716 81.85234310932893 39.31275676035577 7.1003554092527565 -25.541482704700087 33.50827819698742 66.91840730320936 55.14079642485851 -70.31259930224695 94.12755321108105 -34.44766747378853 67.0968584079447 86.26141159197542 27.260433602552965 -16.273416030691806 -8.152690635668364 41.99076813036311 63.5267339385681 -96.52991398418649 0.19065594171954103 94.7090223144767 -80.6218821098488 58.02722555179051 48.10976658454297 -78.24971678012923 -15.622684097097036 -92.26771971843446 8.36689741086802 -26.473874722851704 22.965642989649737 -2.175234022161405 89.77339393060606 24.942925310385363 58.70836287477897 91.66046356805845 72.71236661233348 79.50487010138261 64.68017968983915 -33.533544945895315 -67.8483964942636 -41.370812942395375 30.65082244390112 -37.53415666956252 -23.42970866322986 -32.71564440371124
6.575648781337279 2.8917254082375905 -91.80736402485846 -64.95962476191224 94.07694893360076 0.7332699962837381 47.30606543451029 27.252772732397787 -69.65707062946551 78.18737653713399 -32.843805208471395 -2.5830267449686204 -42.94432643330768 -11.615787321163012 83.73701189290045 -78.03805270103507 47.16454944868826 44.233602574907394 -63.08312188791432 -90.07130726872366 78.38954111302954 -17.723252094104396 -56.954012092225966 95.87788919965166 -12.177880164457335 -31.4647339125776 -0.5571824058293657 -37.124128813274226 80.63220581111281 9.602245251474884 36.68071998676626 -52.508648027854335 -85.02364315142961 16.15797911681389 -45.77563461398575 88.22201592087714 -38.84914355517337 11.158583431540862 -15.643593041957189 70.31523914976731 51.91474158571526 -33.69408663841469 15.820346613225311 87.41154942593292 89.90186011576941 10.633359570139362 -40.38740070090165 -34.651675884176726 -53.12366787869951 -77.03953908749193 6.217070237573964 81.3300728118418 -5.04999995780544 -35.58506081850436 -2.7182343634096497 -31.818235349221837 80.40729955368121 14.870450840692826 -10.095184618804993 -71.07349533043772 4.137641766783034 -49.07255612958645 64.18702757088656 58.67894994791803 -79.79367416289121 -9.102045033605407 -93.02509199927601 -7.6687975161021456 -3.657428297888842 69.59933345260902 97.55112502880888 -75.73221041615162 -97.56965428763802 -55.520300055628645 67.60766985592122 -3.2496384791603106 91.22208295423323 -76.37259264420821 -81.95266557738637 -38.83723907748118 -1.4761787115724871 32.11796191530951 -47.531899617630735 0.5724246182496842 73.85026149922373 -83.92533642501058 92.08391196936296 86.95048293424142 4.6431518178596605 -74.97562371080446 0.13030408435422203 -35.72835593379398 2.0183706821593574 54.54292829664328 67.10479142731148 -32.715370460167364 -90.94648661220293 -75.44669964962753 72.38120962911586 -31.507766161732746
-40.492727881602164 64.21309633977978 -44.91718817486936 48.9593933007466 18.310360832397876 46.2020116755113 -59.99887512445643 27.02814617636875 51.61013430682641 75.1288434837561 -65.36841818521091 -16.951119414600996 89.79192715668489 -92.67599061671126 43.40437721102384 6.942500458705595 -34.11174305907436 -75.22540509372482 24.648574778784266 35.75191403759612 -47.55926637545591 88.63543484862205 -91.06289861488897 -6.383245857980228 24.22377076841991 -30.096050315579333 35.62156261368881 61.30032983131281 -60.496612311740414 89.77016521091161 -62.628769071192906 17.253104115342822 74.37530202691164 -28.81487442103314 -41.49787372831777 -63.72286209812559 27.564105369600327 -39.51479858485003 83.06606047500443 -55.28619874117802 83.94139771528998 -0.17840071146825665 -62.231702047204294 -67.44047106120921 -76.88479830568991 26.07125292851589 38.37973961199111 -61.81249289449309 -48.33563384187667 11.511562691985674 23.236929362101534 59.352478912130636 5.4229207748658155 -5.151747768508159 -38.695412825102295 -5.091223569370399 45.450887382782014 7.777886329577825 10.188966759670919 -38.866640400329324 39.369000960095406 -74.13772426465141 87.53226600785419 -35.39022866932238 1.1722367984724542 90.49482482333366 -86.05277250501284 -46.80459921526921 -7.8299897539248775 -20.297990021359325 -63.28311544046448 -93.91172057947308 -8.336942023692558 68.5657661343468 -1.3452544339330927 58.21987555071706 -30.911839307075084 -31.390929873070178 42.783650510697555 21.745454141369905 -56.47719121981809 48.319844269158864 -68.60429662992142 1.7062681158580517 -27.091413554366085 16.802783905810188 85.00377957910288 76.44369908988412 85.05513744523171 -43.47987744009454 -26.75771647922251 -47.64506257646322 36.73128584512236 -62.57309635937067 -62.65813094215859 84.36184864958793 58.26930399385114 5.026353158990247 2.204798096879074 -32.95468554959031
-22.96780309850695 -52.45536917112064 16.699299896092484 -73.38363623901296 -94.56750628691077 -67.0607569470184 -64.64394290168107 53.17896332934731 5.532543059040009 -54.452576192367694 20.9300238179638 63.28046696723965 -31.319713105719416 -62.017463963153176 63.40615002378166 28.083255327227903 64.23640072065609 -47.27032182885902 -44.368245276683794 -91.23375430654859 -75.11870140419592 -89.57547543684194 -5.974902161837676 -36.632812810923234 -27.054064622668477 59.30113875464781 62.616806947817025 62.37125584143661 -31.58789562423476 -80.43898280494162 -86.17800454787536 37.83665868413641 -55.015778152133386 60.22833356048213 -80.60177042010552 7.972320316806389 -27.744810401139517 -78.53750924568361 -98.51278663732832 -21.53038106571627 33.563721622279445 10.959276264612242 61.12322546526124 7.656134727467375 -28.920482381464126 -36.497899341517126 -43.50440762302335 52.22695605781939 79.73982263564571 -56.90063022801275 25.399496123387436 35.1525839642656 18.65366148169565 -2.434354571448182 32.70419242625496 20.346091604941535 -25.61856216585541 24.36380306850141 -16.38315297350637 -8.395916769915516 -38.307580103638884 50.37709359715507 -99.64106018820364 -14.616741269012252 9.789158563525518 18.145088437731545 40.8614471551158 -71.53901459965283 -78.5854655551522 78.02552590541796 24.4050720067237 67.78469951237722 -25.75891009174657 -91.81076329714479 -91.11646429841262 -29.69219468902415 81.73238750306692 -79.01398244929311 53.66497698654581 -59.17991680454677 -84.68502358598914 92.18670211065958 -69.4510348004219 -58.30673486654339 53.708318677731086 46.332388278245276 -49.78859436403966 41.91391355281908 26.644428457586883 -61.69066194632482 23.121884252235375 5.553510787617881 74.62447300475276 -81.81129117002372 -16.73742856111329 -61.72852135223614 -18.498145592771635 18.69534916160758 -31.983138507260463 -92.80839538247967
4.547382309628063 -36.94821844249325 -96.31105583916198 -64.06020269977873 -38.00317494633336 -51.48196507137084 -33.549272687559736 72.98539853277646 30.27731348117237 89.00601991448735 -29.18699839291854 -66.27099587427196 -15.586763547863882 33.2479296046894 26.081436264660354 28.250312118812047 8.5177388809323 83.42242339851876 -87.63045252723363 -62.89275194312363 -42.329766735242515 40.18321469557543 -62.04549092689684 -39.994801109933405 -78.94140066166099 47.17835541875499 37.35703347014726 -20.242506338411715 -20.17385569447221 3.4365109566771395 -30.92283399371196 39.66889331875694 -20.717329944181202 -10.289386210624983 85.26160350674525 -44.17129981387473 -54.35260296841167 -3.794346616831973 -35.42441270066064 27.118021846892205 29.770929399056882 -34.76342325235228 -25.130886931601793 84.12271308187016 16.510070240267183 -94.14026179645938 59.6069901572603 25.46550787545641 74.21469504518728 -11.70222564679328 -96.2489227877543 45.03754645643747 -65.38917213868878 5.3605415270624235 -35.89193017782806 -24.502522412541893 68.16493771585687 -37.09767042081553 44.73860919551734 -32.1588603990601 -46.275349506923334 38.069680321487226 98.18098003024221 64.94568543457905 -72.46928877826839 -13.918400732861258 -54.64686220693344 -73.89954330495345 -96.55138260167864 94.58717866299565 -18.760701341303104 80.19555712314926 -9.45956341303247 40.13834828592283 -31.303232445835263 78.421269048809 -56.007334779292584 25.971276413423567 -81.12377829705153 83.1383404546063 -42.05665467494424 -12.244105802008747 -8.569548122758988 -73.70251767550022 -87.14673099724027 34.50365284138749 -82.37912934096428 40.94238674423883 24.14908631603798 90.15888864833784 -29.598943148726107 40.66547975117362 -30.865927051894218 86.49313197293631 4.271379944239513 87.0697293067822 -44.74122095575601 42.936302014488746 -51.15352880748061 -80.16891766699645
55.13078443610962 -69.85712342417952 30.36513427302276 -41.58552958166355 -39.02368534011678 68.85839010195551 -17.087893707689574 -76.50508352107292 -81.44331259349215 38.03802018248129 24.572352479346478 82.25204869310079 -54.96233693609296 -98.9319331067451 -36.9162778882479 46.08798476430641 7.080734218565837 -75.07895826740287 3.200807546305626 -20.43440503510037 44.57534452794829 -99.73001820878254 -5.257606163087814 -43.126069096236264 -43.02912186108958 -85.67462923365154 78.72878865315374 -35.11545190470966 -80.08429024080343 -24.732009815257697 34.31765440104084 -48.41832916781807 -67.9920574759548 55.28366983174175 30.750743102488315 85.0307738662454 92.76283123256877 9.699574717767717 76.64884491866007 94.15445295999021 -16.63437806142811 -69.25285538716248 74.18865748347227 -17.684526369201194 -2.5145843778759485 31.12416734553034 17.015472000010206 80.63857984235662 7.610003682004034 43.82982369648053 -24.88152155306041 -92.94447992581087 -93.06258239590565 -18.61117373417487 -56.382231688946604 16.484993569108582 85.20524122885234 -51.40813348483142 -83.81837094658704 -86.15904375824583 29.485905745800636 28.50273214173194 -79.59321965850549 -19.72245015773268 -84.04938987438983 -46.479417702918525 43.05576675844648 25.080318172819034 9.099909968684301 -12.79443161943739 90.85980634795311 15.720185383284942 -87.75438093684294 -20.22040356030577 -63.82388744057626 79.80252434922849 -69.26326859147056 -18.647860011890444 -1.1451320603003978 -44.35307637609527 78.73526822881595 -63.33941385818251 32.71414512652828 71.50072792425797 -94.24709832491294 54.837268047053186 -59.83715573805269 -11.88043933355172 5.828661906022333 13.605399136904197 41.84472517080354 38.26923814534314 -9.877756708925432 -91.59922578783637 20.778900112616157 -97.50061913287631 31.925364756447237 14.833279478694237 -32.47848337758418 38.63428971696578
