22.419715649386 -32.099510021907 16.872767047884 -34.509742272239 -17.30319196947 -59.311218950428 38.902508303561 -22.737261769793 69.882827288242 58.934560114567 63.686484012918 24.236001569043 21.436904468116 70.240249292394 -84.580304257922 87.735641178269 -21.009990459043 23.15235991445 -53.055824575032 -65.982089465686 62.687505376354 -52.694550797526 25.284325659956 -1.5702252876904 38.411534191162 53.307990839802 -66.802601912156 44.435109992856 88.180110610975 15.957332284357 -61.40867926125 -40.453497003639 -29.047467968789 27.942536076347 75.613098597936 -34.881294552817 76.442752547834 -46.155413567167 -8.2554718392633 -11.822925241863 -78.693785340976 48.065014748487 -81.882207736776 34.790664609804 -33.329315850802 51.81103921659 72.556429057734 82.048245254848 -32.284824617937 52.332582849893
-11.084201014161 -39.095864583912 -80.97000134662 57.751460691182 -13.020088322229 6.9317615217151 34.715736727914 52.617011960926 -23.182287816336 -19.679037061356 -18.310066653549 51.118189583765 78.222318406615 88.821590090023 86.087122752362 -0.54946489149472 -82.71840209861 48.468963496513 -49.023560475714 0.79177676394238 -58.173921952098 25.723813785657 -89.711076369779 23.118241494125 -26.314678285783 26.09250163878 60.850683116726 63.941314439284 -82.359444901018 -80.759737751282 -42.51818948973 -53.5401410594 43.994926931513 -44.549197834137 -1.8575237603332 31.848929013872 65.075729344658 46.27385647834 -86.785451981294 75.247231572661 -80.562635429375 -50.517947533596 -84.480823343062 -52.441142523365 86.113659666828 -78.214095960088 69.676013282143 70.016002124792 -6.5826565544328 -37.729910045167
32.805147192181 16.518072623177 -47.863507937338 15.643742005147 -8.9495082038006 -32.155017822115 -47.393375341999 -14.924187404815 -11.690910698887 3.5500689116832 -10.222776171309 -42.051468748681 84.618283741702 -68.783977151186 81.312331729185 34.729277102387 -1.4475322415148 57.793565207811 87.351940284013 80.185435124254 41.839428074798 51.494739560135 36.113179610824 2.4231182186849 -24.112520028896 -16.074611500817 -61.738364407081 8.3342559590724 -20.275419985823 -87.794264191048 51.299333410845 -45.744255570809 29.880361999016 54.907451478099 -38.268622250317 55.606828526796 0.65277479058066 -59.14698739939 57.555765896083 -69.908847383667 -70.011574243626 76.923567447451 -56.262249812475 33.390941549579 -7.5139573114408 44.290594995428 84.832813230877 -82.897148960246 28.638299237317 -44.348111105744
54.784396358744 -70.765800411168 36.392565041919 66.388777330074 77.018372699243 -57.394310455285 -54.181954647392 -85.313454666355 -76.682413892 -48.493496862 -49.280829409187 57.837967010205 -42.958101998443 -87.035334105217 87.639600570905 38.941190356354 21.015955967745 -3.777449619159 -77.203752426649 -66.482217054015 21.943780087461 42.070068276331 85.107627652795 49.457170111239 -20.879954331672 -3.9701057145625 -37.290893056661 67.727592574205 54.942436241185 11.409857142109 1.1750922114988 60.081314031963 55.703881999812 51.034520317086 -5.7371243875639 36.602223326836 -77.768160484614 -69.488273049823 -17.949607803861 75.391999376159 31.905348212115 13.223648437562 -56.252225068276 64.655247866133 -71.642872953832 16.941289669811 88.029062627574 84.188189172192 78.901229189015 -52.264045250456
76.881540749148 -83.317747378226 -54.798512045273 15.329408206189 54.375129484493 87.097873400267 23.107404362074 87.335962808819 -0.379874914415 -88.307050009855 2.1432420568905 14.250357695181 -89.084687580756 -2.8645314630118 -15.698036109867 -68.888945564062 9.9970842271989 83.77614929026 -74.868819660172 64.856096582625 -48.017898055243 0.97287934326084 10.497791313466 18.5612901325 -41.838563022485 -3.9199609053517 -27.998372556907 -73.95581076284 57.326280761374 82.903849971753 -34.752516080385 52.336075532408 -64.208786003777 -21.166425578571 -26.103860795953 55.204970807569 -51.264698267137 -68.44857481964 -34.866508411958 -87.359218144319 81.376545844179 -2.5295760338643 25.401036576028 26.570386256089 -13.333093307391 45.0802386814 -87.444921072745 80.898818093549 23.759701394439 -75.370168830477
32.363466758805 56.871210908149 63.14332354894 -37.823799965564 -50.885407839739 -40.909527669356 -23.346522332822 63.312755781535 86.426152790905 4.9007501750173 21.394197617647 6.1528002426289 51.759544646198 17.73027951125 75.168319082687 -88.635868808319 -5.6044057833268 -1.9651206607937 -52.59784294688 19.653331596655 -81.197284416782 88.319553418747 74.540469331052 13.255227641102 -77.663162616569 66.132878195538 88.745850192085 25.116036675829 2.4160592043574 46.531474894027 80.668267608368 -64.251012208945 -23.509265611882 3.5420133930159 82.866233042113 -83.522620174434 -42.799305663912 -30.437173487258 86.582823671691 51.745979894606 44.539690117483 -31.54692953055 65.848380362191 62.438765555517 2.4605317896793 -17.571239111042 49.671702838291 -77.311731999497 14.034633474082 -12.579246145551
43.671248222552 -36.243702014713 -43.3866019003 50.329787280129 -66.666866835903 2.147155412283 19.079172679897 -20.927978972251 74.712647238778 -34.635971841583 -51.615490547132 65.810548390924 62.652441486317 82.449681488933 -2.1886484366536 -75.503773900742 47.021648933216 45.066861129761 88.865823707142 -46.010605246472 45.080171652673 -9.7881332303361 30.724424648737 -42.968560347021 -40.346691751485 -87.665192530595 -20.195042723681 56.131044094255 -36.508039940481 20.438229864504 -64.499953979874 -71.173731216616 -83.808313331816 32.742776012719 1.8135697646875 50.634815443245 57.35293268159 -12.61174930567 -76.158438845924 -83.191878203078 47.316031967763 -66.914018575099 47.606903322884 -34.756875971774 22.4880766376 59.158251953174 -22.60677962179 40.066866405428 22.128966126685 -43.441257183405
79.320755466958 28.225223972503 19.417419283916 16.938425816384 10.709788635252 78.879672160155 -86.962702133217 33.884312106361 26.299847049536 48.769646765468 71.389663208725 59.505703216699 75.220401034171 24.29153318535 45.184641748846 33.467084174942 71.41840069255 85.522725803905 -30.869330509466 -38.34393799525 66.102212941673 -56.874017872327 -14.997148227435 37.44985730553 19.250251014125 -23.395396783813 -66.101672535999 -69.496190003557 13.028218078077 -80.202188156452 -20.412246232695 -56.730512457967 70.161094118726 9.8881481278986 23.990290307258 72.564825126193 40.692948573608 32.137648948619 7.3734001130643 -3.0457563027281 35.233019483639 80.55205782097 64.801895838846 83.644911626384 -70.480429337771 -80.882017099986 83.623243379119 -4.3958509846291 -30.393598860357 35.741129877646
-41.513452410338 65.140532469856 89.233635260138 58.963806940073 -39.120355771719 -13.098484180904 -26.569658421723 25.918214973255 -62.20866921038 -62.628684459293 73.364870308058 47.927715891211 -25.055672777248 -64.604130224403 43.734862654257 -57.678406517773 -33.19396298046 -39.796589594607 -25.120254658433 -7.314302670317 32.702318820483 87.992473574831 42.62122066954 72.998443134393 -19.060364614321 -67.633429488161 -89.509981676494 21.433244760973 40.623168882584 10.704236350818 66.16026222084 -28.504975861581 -22.14242615432 -3.2100757441227 70.317108504805 -23.461501776055 -89.585214259163 21.085019345044 -78.413740876625 -18.410041740576 -48.224584502543 79.037459726023 -67.010148958577 42.106074426801 79.451965089464 42.456308557141 11.539674440445 17.955138726164 73.971051864153 16.722623780064
-63.489322726424 -50.270160346611 61.091963199527 18.646064598972 82.951708001282 6.5077936379612 43.521042211753 -39.427263108239 74.785613328457 67.651872411019 67.987229847711 28.73609182316 -83.061272051627 -67.664354356538 14.412273659267 41.639296166182 54.5411041649 15.349828173109 -56.215755380121 33.676294269455 32.643392612529 39.867689925861 -73.437984657869 -84.889044941848 50.393861251306 69.569415272699 -59.22379747693 6.6177790072456 -41.769234594737 -35.499108665542 79.512695602076 -48.964899867549 -57.279049016962 -37.822594323454 21.388066756801 -68.794700391991 75.281253852252 -27.352828504588 -5.5181009002434 37.423382314464 -55.759570035772 86.20907162608 89.350846781547 26.088524768417 33.951887188018 61.829570923442 49.48785782782 -56.664727749721 -38.198568778484 -13.19725349687
-45.81372100948 -70.152903936758 -68.372452409408 70.371356276349 5.7856056918867 -57.270984178387 -41.199061486516 84.00886311141 4.3193280125551 -36.315049388626 79.58851988078 56.339121415154 87.884819392369 -67.778366827209 -39.812883332036 -9.2364608112769 -25.753533935644 55.14040976761 -84.0518304365 -64.76620592931 -13.744506271631 -46.583600409772 -35.092690356071 -66.913427776111 84.42219749833 35.047605128385 36.782219636261 78.007786283082 -14.94816523523 53.160550773137 -17.628129197901 -8.9866637020575 -78.058285724303 58.642302545328 -42.437879741797 59.399027031276 57.945212211166 62.250962031791 -25.073713756605 -34.348657093514 -43.067994297738 40.249869687499 -84.79678506983 42.875790945166 -29.341572888021 -35.266594212108 82.244638582781 -7.4778223921695 -64.378135483173 30.093420365124
-37.816732579408 31.760086111667 18.217866228501 -58.326466715779 72.311729269185 -50.745359825257 -11.328099598029 -27.396395254692 -8.0669648297907 -56.21009316832 -79.145317039069 -59.930529203712 60.98826568092 56.723139664564 40.259488701025 36.970176337569 -82.181542286204 -38.903075241863 62.34997859852 -12.834999392695 -5.4401457029487 -67.493189380639 61.146600041368 47.007842155671 -69.053454309039 64.06015717597 -71.716076922991 60.285130649121 -78.933294471984 65.146945310859 13.504351372299 -74.975800835836 14.765933618627 57.204151616953 -52.966868712114 -73.654434784367 -3.2446685820475 -47.448043473124 -22.660689182292 -66.042523799843 -4.8314460527912 80.693763270091 -69.642251389306 -78.263075285767 -40.33585051429 -18.404848230699 -48.541529244939 15.183694718631 -79.563239590139 -16.422405632543
81.94559009474 -7.6960320106362 -77.032591766936 77.884999741053 16.17633385719 56.957347556531 -26.210327106752 -85.797655411272 -76.993177154159 52.4491609132 -3.3285680784315 -77.163965150538 -81.888896330383 13.019913564527 -25.676774575654 44.689652161133 86.056093990849 53.785443426091 -85.864454159986 -73.015296872042 -0.13605428067595 -47.965863263519 65.355905911824 58.978554930793 -36.3126459228 53.161157517919 5.9861211003146 -78.655255286095 -12.931377541601 88.116766501892 3.3972577653549 -42.562160334626 -89.811185213162 -55.597928106171 45.388864450596 20.370859380629 68.988014248216 -19.92877811476 1.4715907477951 62.420012994315 64.242813143289 -80.14481815569 -26.263262883406 41.799400767079 4.4527681104853 77.518742336024 -5.3059403562652 10.160312399911 43.779594053044 88.985841489852
52.02556554412 72.399576397727 75.26580585626 -79.931684931249 55.268976041974 45.410427187554 -6.0073294390205 -33.904034608853 58.874561341574 -22.071270826919 -22.120339450986 23.528360138459 -57.681756311126 47.965583660243 70.149486226257 37.950698829649 43.657912302035 -10.021817374137 52.62459034369 -17.650963371386 72.020545462413 12.097621223032 1.1278887688294 61.317248252752 -47.780668448372 24.351122044987 -23.571729774127 -84.317801153091 22.567880530353 12.380238380387 76.238580397772 75.71210112939 76.621834083509 45.48120083087 -3.2745283142598 -76.417917989548 62.47570096505 -8.1462270194467 -66.025918249453 -57.752286611565 -33.606112146953 -82.991514154097 29.227646366829 0.67132310577841 -18.794485833933 0.90317456836802 -1.0922653488878 -2.5049336302258 70.108824786724 68.92583965456
-69.740440795098 -51.374691723718 -62.402688448732 14.650341640145 -76.173101938555 23.659479984872 30.163836261126 -44.102670125282 -60.631316089557 -70.370019046234 -58.273201338396 0.948853884805 -27.542892547875 59.786303545939 42.56018390771 -83.134941362515 -86.454288523109 -70.87481914425 48.606575129433 72.575460019589 50.465083366314 49.289735164131 19.941655357438 64.376511760701 -26.346288599722 14.608165118834 24.523049807727 25.111016535008 58.753747356294 -73.785137328601 -66.066079373409 67.163469211653 -34.534947658623 76.233038012913 55.135142784799 67.080377293983 10.096634742759 -35.509765425743 57.28615674096 -2.3628214660941 20.037582689828 -9.4448118307652 32.13781030277 4.6494336871774 28.49759827939 -49.28841652474 38.537865118045 31.894200210628 45.431917726906 -84.665193098891
-72.76292142176 -19.430831152224 61.311616975155 13.656914181864 5.1597605494821 66.096353072462 6.2051154567278 -78.35608476865 -29.558972901698 54.08453933785 87.91265855679 76.165297937751 37.331916122299 87.424399261095 25.776644891139 23.351250333109 49.671004890448 3.9848261321111 13.230277263125 35.485685615615 -51.750554394935 54.411308607644 22.771573934303 -80.558654288462 -77.648400899077 -33.965727535088 18.634551765309 -60.604917862598 43.397174196499 32.506786427383 -65.77315252796 -73.127085218546 -75.034164064889 -25.33229624796 24.342106814214 65.262533045493 75.316520816441 75.969359324425 -38.785395301675 -85.539568105654 43.263852522267 -52.580299342392 50.393077107993 22.869986680916 -85.424777010742 -59.180761325294 -64.294528411667 -86.983217888084 -46.666897431853 -77.711043266477
59.98035448371 5.1565822833534 -26.128273938906 -61.408719117628 -30.521735952586 -2.3748752085681 72.99672657465 4.9398939099319 8.4829658813693 -17.909247625545 89.298000550913 67.269377784087 41.991123203912 -12.393300425591 13.229979481672 -45.993050713732 -44.495504058267 -67.265678275854 -18.769450270053 3.0457606450033 33.036121452505 -67.090343580128 -14.50221873959 17.259755601351 1.6590588778309 84.195155725742 44.915295471939 13.224709115608 17.153911397686 41.475350805761 86.27154127816 1.1370654608945 -30.820311910599 -68.047062493457 -68.517978073137 55.199736145502 71.337619121689 -74.141486057943 -67.871627842155 63.310003641913 -28.39419948467 40.82828523029 4.1805255471375 80.279910040599 -29.143969096653 -32.066427062542 -39.251353293063 67.004487378229 45.549921399366 -4.6117798280264
16.202873367358 79.640401567243 -73.569776138093 -35.577408733027 -55.879716728481 -55.460259419925 51.597005953183 -51.880381752454 83.924568488734 53.203467565269 -75.849269363655 -21.950921957199 -1.3255044173381 -87.758960862489 -71.260301578791 44.874610570579 -64.840098762486 85.452786620024 59.651711508411 81.731777265846 55.327040784281 34.999913430082 -17.741655599751 31.563223396847 60.661786721665 3.5804560697657 -73.948807088961 -58.590765952806 -89.924250082428 12.727189213934 72.346334691854 3.4755352297575 35.648344331 24.057019143046 50.532382768313 -65.067231737978 2.685193815426 -82.332023371948 36.704059816986 34.864473306679 31.8812222827 12.288460249481 -44.213158839692 86.740232491015 -2.5565785077521 60.794452634104 24.174153403456 80.109212450288 -75.42068080596 61.126990705594
-0.82940432516762 -88.188121820718 -31.273373929033 -66.740963411149 -34.175097275575 8.2880494617349 -61.429353732207 -63.171962959631 36.261534910601 -83.079977105409 -56.793488621884 -46.648807726767 26.68073920191 -21.832477897248 4.2315302313571 16.986165388437 33.781303318552 46.559045856664 -3.227631670382 0.7444177341434 -47.082794252377 -82.481603308277 -78.495381685619 -23.432148255748 -33.806354771437 36.904508386348 76.962915320084 38.017323407968 43.9194104228 48.56591196146 11.722710748506 -27.415281742788 16.267694660067 10.194911632587 -50.186163332624 -56.327372474442 -10.705320682674 -75.864598833292 -80.739971769086 38.324618088591 41.004738739528 24.788274542774 -1.3205403890552 63.684583190616 34.954373025365 -32.188569327019 -34.321351695888 41.640310954488 49.537460075156 -1.7393396854164
-61.078941681525 52.398736160673 -11.613616235612 23.184055563126 -21.559732559642 63.096124762284 10.465187996609 12.482518133473 -56.011216920746 56.856681542411 37.452034175173 28.413735901764 74.729898378158 50.20916488322 37.060804985799 59.993782263644 70.653356240338 68.034993106227 -10.149216047914 -50.868171529673 37.798184694175 47.007997439401 -50.346716565574 18.039697436397 -21.135278426608 -40.802267078933 18.835212660148 9.0828527381245 40.486296387837 -10.202209674284 -48.7790052687 -64.861953202995 -69.504821855752 -85.200962966172 19.9396879381 78.753929438148 75.556516194377 -1.6465856716818 27.401535169497 -12.143475143499 46.387377453082 -35.107711910156 26.701449775885 1.0812186302927 37.965082716336 87.095076661209 41.181555413786 -56.896546733137 28.668636488084 -7.3051370835001
-65.498478011593 -15.01608419431 -64.223597661895 -43.557790833223 -50.557948364733 88.525141270557 8.9232299120773 41.285915208353 51.991486156513 76.23246462957 -68.165539100446 -88.635005718302 -74.480637559151 -28.344064033504 58.889783720216 70.491575033685 -30.396636006493 5.0052453163582 -12.006898445887 52.944012470071 29.645553347409 57.161055003662 51.539352034148 85.321022515088 89.984014559688 53.329254496349 -49.548907956582 -14.186118649783 -49.168676714579 42.593385160043 77.224447396312 47.206739208947 -47.277934705977 -77.653447475563 86.275549437943 -9.9307888078899 -78.664484891445 4.5899406775986 5.2088701072103 -9.2060231941131 -78.038441611277 -1.226463725955 13.846773409718 25.073289761208 26.910251231851 -48.064747473115 -52.266423772769 -77.639725029543 -5.7289260365592 -57.861684037855
51.514113914694 77.331707705683 -4.0320248002238 24.576916487886 72.425356348418 30.738418038097 -52.838683100674 63.728134355227 77.083736665359 78.472246836016 85.050699509017 -53.813482208234 -19.138994883601 -83.850499442454 24.311982400877 77.383814363995 38.586497611701 72.444445635769 10.846559886105 79.257759579535 23.578240289282 -38.381796300921 46.182328855829 1.6043497066715 -78.555153358226 -84.613520001353 4.5178635542251 16.429052237132 66.346236672351 37.021414734664 66.749194563466 -49.970931846431 29.421113922284 74.054531659802 -0.13062656379536 -14.928599308782 28.105994276395 21.5198253009 -62.251324108277 -55.098427411181 -86.633949671694 34.843912625554 -36.785112724055 10.754256410728 3.0898884365803 43.94825015966 -50.930803818996 2.6017434838963 81.910646175126 88.710698619014
21.117269881397 -7.5388588389171 43.340594730048 -24.878111949177 36.501141372179 3.4577478844089 20.869310601005 -52.898283375551 21.194743375637 73.717515136986 52.745795403624 -34.464646109906 -42.501987022505 -42.598861831864 27.549214220593 9.5697305750444 -51.759892924753 35.295578369384 -26.940626494644 43.006474533878 -36.256079396745 -34.668970707732 16.01832620733 -65.509106705848 53.145953661499 -30.4194033543 0.32875431045828 -46.693822413879 -36.665129372837 45.131103704601 -87.446588710572 -75.594695434426 -46.978418815335 60.061449278487 40.950817701448 -45.633401187365 36.779563980808 48.274018541846 -72.959766322754 -49.357262142514 -14.310722474132 -17.482182844143 19.591048290296 59.571395855938 -74.337360693713 -60.619682446875 72.480832639417 55.261257016279 -68.616201586579 -64.39138945972
-19.402160993458 -0.38431318465098 -4.8155833820701 -55.673070933609 -71.055993071902 12.156273393432 -40.559668155553 -86.452647249244 32.44940433072 -54.010040023434 50.216986678598 3.3461489958042 -54.969238361239 20.539584372785 -12.494433838113 -14.295392398814 35.830534783726 56.869577871919 44.557366606056 53.367002470942 -4.3789443853807 85.841745136842 -27.26250039822 49.717347929688 -9.7594980466952 -76.313764210504 17.393168890621 -66.757247744638 -61.943213480246 -73.842741480624 43.622205252941 -73.298368554447 85.623192526929 -64.715171106333 -20.404367944818 -15.197166146886 -76.479248501878 -12.720306260696 42.40991310497 -64.778512310131 68.919806783014 -50.658712039342 6.2344240375057 78.944390044132 85.79163083429 -31.816676910449 75.143748936956 39.689915416299 2.9707997756539 15.626993088093
67.257208628374 29.799298343701 -49.651192361666 -58.7624544689 0.95213497707596 -70.756887055085 -67.634816519716 36.045257539686 73.810338975993 68.490371436577 64.294172500018 -17.363399520508 36.895098560634 9.4989291251156 42.33435015309 6.8864492410162 -81.573677297184 -69.86248679947 -77.983406578679 30.844408973017 -33.092644474079 -80.85322930435 60.530300901786 -53.005569129258 32.537671832195 -56.305276760066 59.620504354838 -28.773694447766 -54.705135705675 -53.749417515384 71.495326243022 38.185416406536 30.151557558993 -89.318351618151 -56.347870755602 -37.638597003439 -61.483306076377 -3.1629877301107 83.707145621567 -69.53935150225 42.814211939465 -24.110815970798 -72.427395106077 84.995254813577 -18.85336482428 55.468200318921 -38.490155401837 -12.816885513935 -81.058273157681 13.793746518146
15.419858297001 -28.395646550564 61.833979038603 13.773550011264 84.799988211064 -75.122270311458 -11.417830428721 -7.2694414651591 4.9386388408168 -76.446839662303 0.5213296680442 19.119185754104 -13.374291499509 21.569671873548 -0.29520643901083 24.116473072013 27.036348987546 50.389406309555 8.0535332339864 -10.268568537956 36.945474918121 -80.049414636554 -22.710103746969 51.21950294486 65.214038846315 -84.5440565363 -4.1587097667164 62.339982855877 50.127443239455 1.06755407443 61.867459231074 -80.101308346855 -42.100330545576 74.933531250873 23.919882963731 -59.361144537149 -20.55872528421 -89.762137207513 38.693560870102 -78.145851600529 75.588946592629 -81.433214094912 22.323047419963 -86.86272238978 74.580822978252 44.318562119687 -38.670380307994 62.972232111576 -24.797605714326 -13.998926855234
2.3217196381932 17.169497357726 -43.03956138323 -64.691768048216 -34.118163902229 27.46974731599 67.456058804686 -75.466608124146 -5.1426032709645 -25.424609519998 68.702787327933 -35.390972375005 50.568030780785 -3.2466003396591 31.349712511432 -3.4280133728641 -31.086954714515 58.597349216735 -78.874031942855 -73.6429290029 -83.51158644452 -9.4963617118176 -51.21982718178 -4.9857468882089 -84.028383198666 -34.302727628103 -18.134513624568 84.649870436485 4.8789478885025 -58.722000948162 -41.732848274982 38.313614174797 71.025158366035 2.2304452146538 88.223601750889 43.361356006569 -81.48090680876 -50.464460461667 -60.479521816008 -88.417171209879 -59.341439895422 8.5784396154077 7.7668770194965 41.285347900542 61.154873176762 -69.940884183565 -48.502831715505 14.746491471021 -57.131546101191 40.025097279328
64.206316036772 -76.269080667233 -8.1859171003223 34.993457162151 53.766897688921 19.658069383205 -80.645341316203 46.878737492686 -12.990994184046 3.749936104488 -0.53481823731101 38.688236270253 -18.748515141709 73.258546588435 70.375286397977 63.552534398509 -32.34788305707 61.794707283929 76.58566449873 20.218111091027 15.773030421649 -13.451235490152 -40.014225408404 -89.055237109411 -20.591407285562 74.358417124834 -51.564295679154 75.723168866863 -35.684404592691 38.81008365034 -65.040371806269 -75.312196667158 26.221937347935 11.625819844867 34.06399774881 -62.221031803476 0.75100201303988 -11.114996378665 25.359176853416 -12.812414964588 -63.894625185042 72.976528276826 -54.119765527982 26.728953323707 -61.003471000388 -65.577133577853 85.999126696225 37.264466612999 79.565829689923 80.789583220639
-7.6103587887465 24.205051527008 24.2685609315 85.813136538921 -70.44314305328 0.88016247706975 52.93058180408 -30.724379175702 -20.893941502479 56.129219229031 -85.941755643905 -37.528316756865 15.556460837807 20.019338087484 25.414361724283 -26.131730170295 89.166575386584 -40.222421985399 -10.328229784067 -47.370106958137 51.144996815188 61.444525299059 -86.346428245228 43.214801420155 -12.217964123188 60.449778505867 -7.1986538763702 73.767909012953 -11.545462440087 -17.997332393583 -82.164587373389 -65.570111632115 -48.161616115402 -82.481404448416 -61.092825790008 -61.24528951885 -60.1773199671 16.553354028901 -80.118040424356 -23.986985160484 53.251288517454 -84.820335957382 -5.6605249189027 -49.100088732299 34.225638512548 -73.180867684599 -48.199777331417 -46.619678873459 -48.450333134528 81.567942788629
-32.44616269734 -59.38694371662 77.590380926276 45.422578673529 12.216361270426 78.497910444982 -71.290874366906 31.363725661229 -72.078853245902 -81.334074533489 10.580895899493 -57.936661905139 -52.610831435473 56.172732302948 -86.266818768476 82.97106338366 -82.421800417178 78.903056367398 69.828717226159 19.823685094032 -4.8797490111867 76.796609882059 40.601858306915 -66.204431866014 -80.778268242107 -17.015527699622 63.227021544552 34.447881727487 -5.2871101271211 -68.282760171333 -81.241001690802 45.663104232656 72.981002370686 -65.312480754597 2.0655247537133 2.8038964870004 -76.445049118433 -56.087716237701 -44.485938046304 -47.448291178335 1.9549008590466 15.29658099172 -89.486317853784 -12.302816076757 6.8847490217387 14.40758136733 -4.1228735278639 37.738571742204 -63.912704150465 -48.519490816963
21.385144658722 -8.0655132895325 2.4757353690416 83.285782990064 42.636795997133 -4.2930831170538 64.287389701075 34.09294351438 -75.172047723508 85.118351478628 -19.93823033723 81.451589213436 -23.624236260387 -29.479229770855 81.5553917927 -28.638399725607 52.542231314271 -83.327917105179 49.797796196063 17.249704463517 -58.627623258586 -17.62357976265 -41.324602343531 -73.976872835379 -70.124612225213 -25.85005133225 -76.39285673206 23.054266159848 -22.904704551212 61.319494318677 -87.613126336896 -21.043016522784 17.318056631264 -48.061072241913 -31.650819255292 -82.215506430632 70.457448473861 18.108373199197 48.051200845128 83.4538454407 -57.725567894728 -81.624740520115 -9.0385101767915 86.501132249817 -22.186110131374 -7.3796599855135 51.046954834494 -77.952626087914 -21.515819963963 12.188760610773
78.378890893541 -20.228372654786 -24.447035300644 -59.761723554323 -4.8045256304468 -46.135676435233 3.8931636754009 71.716871196663 73.201699211381 -39.846546470837 15.828286888653 -22.122096615764 -62.5598715274 6.6083986889643 -24.339670312091 86.152396409906 59.942985285671 -76.137574604287 60.309559503254 11.105037027766 -80.156169292845 76.066738996315 34.81020483734 43.669812419787 33.98538740586 64.544822680301 -88.568873418386 46.925488467769 -60.938518062168 -15.874443789943 -9.1345132928034 -26.588409446507 9.8063399414731 -70.664453848444 -44.855826880926 17.207840469867 -3.9411069042969 43.966381200884 3.4412977740318 -4.3420136270064 -79.24768063577 -51.383435833146 -81.487036981142 68.823807796223 -2.0317952599434 -51.461272070727 -13.447138153524 -29.804228276145 84.957161864166 -53.276890044506
-10.852094149534 -10.255701529278 -7.1782577632787 15.11423622769 -33.923423566063 -77.56981129872 -62.065419139642 -13.413199601024 -51.980061667616 -66.295690975772 41.752929133101 -33.193029828248 71.771894606011 69.76776603937 -38.016057418267 15.043992999954 19.43196519426 36.193548048327 9.7771302599022 -28.123881870331 -61.853292143268 -2.0744231261395 67.291906874302 -71.016881678109 45.541600354155 -89.214252921824 -80.531173625209 66.546534494236 1.1091570152483 88.115287659104 -46.172016727041 -66.585377997321 9.952849706619 -32.543892505086 -15.646603046714 -53.696405272224 51.563195333085 -4.7547343382153 -3.3836452359194 -18.65581352032 -7.3494960931573 62.413366667343 81.564733520287 79.082256816572 56.339675128578 -50.031881660597 11.885712444706 34.714918832822 -75.919535717564 -3.3795127194079
-4.6367605043282 -42.052910849044 -1.4116829410178 -15.090519650177 22.73835465589 74.115548548615 -54.807041424721 -4.0823682342337 -51.053593321269 -74.632188997936 -38.335651667214 86.558395126555 -40.855238592199 -78.049314814118 38.365569141765 -27.67128738116 21.406341909359 81.021445064512 39.63085306078 -26.145130315833 -17.929760029433 -48.913611400808 -23.162718972615 -71.199630246604 22.187622827785 33.235922903685 -62.687734878023 79.642673245076 55.681681977688 -56.078378977465 -15.543522298823 -66.96177752585 6.8365166643061 20.230491721184 -45.679650116906 -20.148921387589 21.879922249996 72.246301330235 64.185333820901 76.068624067465 80.713914121223 22.883912664847 23.342436676799 -32.307071311327 56.929171075252 58.098030537111 -62.544594877945 33.529714646055 66.842487928563 53.513314033837
34.425600922197 53.502320446838 -39.359150619305 85.446809640703 -67.684816864616 -10.460539111788 87.429546696219 -27.308554138409 62.726623044221 88.787629066812 23.109813626672 74.328601039248 25.35107893395 -24.288497819114 -35.982082250487 -53.89260758343 14.467862571144 11.050759769987 -36.962948747292 20.813916703336 82.397571429199 -46.956363767706 84.598217218168 -7.0418957403742 1.1972914601334 41.996638831879 61.454001775483 -64.143441036013 -65.707784012225 57.755474126098 48.176341610892 -62.150817702353 13.133844621478 -67.7391159349 -57.288614707054 45.152059478561 -5.7256787978515 -18.318624751354 -78.145953479543 60.90927671927 -68.820908465282 -8.7050622448268 -12.101354125094 33.545798870565 54.288506673216 -49.731760321658 -23.493742101226 73.296990430629 0.65408435711488 89.039334255741
89.667373285585 54.270262565591 27.891758367243 9.9322739680717 6.7445950782011 -8.0670906036495 46.658291488852 -21.457067931275 -23.739501438842 78.093029841196 -1.8306838603418 -89.227265171796 -37.331890754643 -11.350169756056 -58.894636492852 21.192911132287 77.111988939604 77.528744925955 -1.6114399840295 -85.871524733217 -24.925488599535 -39.393817742142 -15.541347313108 26.252819768677 -58.064464316713 -86.050551860751 -66.437890220862 52.700411969845 -51.960000310509 40.655197874847 -88.698670605203 76.172409755759 26.674312830097 -46.055988840107 14.302386641469 -20.681423019885 58.525385541055 25.124609219813 -53.363707419472 47.951314063107 -65.773432286695 5.7105065086644 -84.193681784013 52.598370626895 52.621132168352 16.635568399111 6.9607467472024 64.483753924583 -77.206569779432 -4.5097787954482
81.909063470182 -62.127568559008 -34.715857311408 -79.510727578688 0.40765167253271 13.612873114563 -14.151305135682 -4.2994829331229 63.592030644999 71.818499202915 22.25857533434 66.161656797907 20.325554297184 2.1248098610641 47.757797406193 -6.9195639199012 65.164235108618 -59.691650046473 64.569632413173 36.872439649027 55.734643405223 -58.100891175006 -29.048144986927 -40.698420798736 -51.202612038839 19.079973522679 -84.870397751215 -67.060844038015 -53.436766111325 -19.754470312906 7.5204548008979 -0.30357446263153 -68.699415110705 8.9934408671508 18.272562371914 -26.552635516769 -4.8801093180964 -51.380540064407 -13.578980449438 -19.703712615348 57.565819743549 -39.155792064077 47.714455184955 78.687888660698 -9.3243860551595 56.332169571656 43.81581127131 12.499446518175 -67.795705100741 63.686068582071
-78.134384268428 -0.6904857089456 63.325685267846 -11.757174158708 63.693015208417 -2.2336547614349 40.478720558351 -77.725491109633 -52.813769723219 -28.174721312222 -73.263879457348 8.9707425382342 -82.290554165483 -84.077826803934 -6.1263999813718 87.429244289671 -37.924604333459 85.694506572319 -4.7923879964471 66.174235029176 33.463858148763 77.678425451806 40.393339169631 34.290760747229 -73.23791733023 -14.181920829908 -39.147340237589 -85.050682540695 80.74624104887 61.967342058715 -67.221495227418 75.254555237033 2.2831879834673 86.887719608153 -73.067328004758 -30.090161107786 -52.037072397404 -45.169273968928 -49.533239897008 -37.611801323979 -47.258819818222 11.113129803006 38.427655101218 82.931162591086 44.94024984987 -20.301001854759 -30.136826397081 52.313903408725 -9.0793573517938 21.941666419214
-66.695142353869 10.56783869397 -85.965085609714 63.645547171801 47.845012655407 53.170225522189 23.596754978136 33.76678665393 33.884192276165 58.942931965221 87.925255335115 10.599156207741 63.90159326378 18.133510478947 11.785675546579 59.285753445957 19.784921938276 7.5698437186353 84.178288586382 51.797190614989 -70.67560376246 -66.038330808452 59.568142529698 -71.468438998561 -36.697160524904 -34.7482898956 75.950551385635 61.750267938348 -67.755031466051 40.106855870177 -63.204717683512 61.162937529727 -50.230334845407 -70.55370243303 -64.465810770122 -84.151232011401 27.599598595977 40.861165078629 56.486516446162 58.008451611593 60.766304205152 54.635081019751 -89.245152333617 -81.011132905796 -20.933053821952 -86.83055303756 69.679272403388 -58.344438999001 71.483702905725 -53.563381699562
87.002606355997 56.421536122016 80.3318381037 22.7089971605 73.692177751815 62.327927665114 73.208591832995 62.790715974444 -24.263941582023 -84.952605826167 -49.340432273102 42.867165058436 -66.483881272499 -82.00538349753 -47.283877657748 67.102355075047 -50.161570591699 8.5007943487065 71.451991462912 -69.269070510619 -39.222420282388 29.555993539439 34.571911624593 -46.253648452329 -7.0809097912148 16.993924869292 16.457845712789 17.702456374817 -30.624241675196 -28.051345025308 9.7097862069724 -74.837404466423 89.10503957752 9.1284387821179 61.265826874005 -32.645130178986 -73.677463632408 87.69117918822 -63.764289892511 81.274763721886 82.030295321852 70.645651014337 1.8396943330377 -48.778306712765 -76.071815792514 34.637093193835 25.643125097178 -36.252492000253 39.145706183827 -23.917868666399
4.6792361610957 -70.10749467182 78.932016839289 -1.5564232216981 -54.458652453607 -1.1708593284619 -11.245712199292 -59.105067957125 71.887153730855 64.912126151325 -30.179343860382 35.974506505879 74.59507363179 -33.03529590073 -3.0891155716912 -89.097238552152 11.23818431199 75.918636396634 -41.790324456802 34.656096573422 85.311595233022 86.173644539214 -5.6247809089987 -7.27776715929 23.952731607671 -37.732314933853 45.875052885576 -37.759072517962 -86.979444495241 22.190258753841 -35.566499995517 -79.29116601184 4.9994743159752 82.83065412196 5.1469145683957 44.734539762802 -58.841894150512 20.363190416579 -7.2826563580966 -43.662272082133 -88.676300505803 74.131399699852 39.658658247867 83.640435536011 -69.897989567665 -56.24072798521 -12.341222581091 -68.404109822976 -57.601103334867 -35.155843284699
11.518630670358 -75.058757897988 21.093255633064 -31.901375908946 -8.2298832969793 32.21078902839 43.302315254044 -37.511363156866 -19.694448349801 -0.53827553188745 -82.513609712341 71.829759019407 17.834765619933 74.460627321728 28.34534611414 -63.650409110052 71.39661606402 64.473570458852 -53.278274407879 59.239607290728 79.488086859706 -22.463908557123 1.7804867001642 19.576851515664 79.010350398952 68.183908403271 64.834029486861 -86.657152356922 -55.366110485859 -45.813941611345 -13.368016059797 -71.202025158874 -54.105469480392 56.279156902855 -57.489700741011 83.196934905738 30.565834785029 54.576937728249 23.594739666197 51.585863809066 -64.396913756098 -26.599925185956 -28.274530187091 -10.828153218433 54.313674390083 86.190954740084 -68.34423246978 -28.725669796457 -23.865672573647 59.098347710007
83.635183415721 -0.74187649593084 42.253948328234 73.811085450373 33.561408207608 -89.648180486106 4.938578432516 89.029374971513 -28.590493070922 55.742812856802 31.938130251388 -47.943024372428 4.9597657816157 29.028604992718 1.0141222345261 -66.038184846584 -16.541888980527 4.3883740380692 85.533595906962 56.162469804144 89.553018769641 -21.700489062272 8.9777538035362 63.502210595284 37.798878072174 -64.02387878196 51.965823448982 -8.3688751506109 23.204048068726 50.426907673319 89.279991401256 32.145798641312 59.761710225256 79.355511601579 -82.705053815054 44.482078519692 66.901538212423 17.750504274083 50.787196822477 26.072227461582 -4.1149204027474 69.811132070064 -33.406856455789 -66.140865690177 69.186444272362 -8.7929047564905 -3.2996794023028 3.6122259684897 61.685104681993 -34.940776299724
-33.404991850429 -34.256460899233 70.771904171626 64.022152879813 -31.436740906242 82.162712775162 -19.421663684651 62.770974069883 59.314900474135 20.45769631482 -16.403332263177 -13.668064783723 37.071827950829 -71.43040129028 -45.287075311576 -70.256509360962 -69.658804116539 60.806134306463 54.322097705753 68.423730079034 43.867143026762 13.720425737896 60.911580957982 64.212517817087 14.608500619176 32.6539562973 9.2725131174688 -6.5398293615577 57.129888020366 4.792775952969 18.845949327859 -36.07879751246 -77.296980529852 64.682773380795 -55.429468557441 58.49219105247 -21.049907941035 51.200524893037 -11.752578905815 35.662793017938 -54.029861871539 3.5632563514939 1.5652703357188 -0.95674057586825 63.85195559784 -72.444290959921 -48.330576581278 -50.261827589867 37.754009361326 -78.725031244832
-17.887502925403 -48.233213020862 2.650500641872 -46.020363089182 11.773416230638 51.512084272172 -37.199814664881 -47.800825073476 10.762829598458 41.694173344111 72.747815467212 -33.531852227458 47.124358039194 49.390601060261 16.601990154933 51.780022356307 -48.791265792685 -57.562504042815 23.669277163019 9.0453908667039 29.633702856965 31.919584391672 -54.15746742926 20.119594290813 -60.954870030822 21.748970067307 67.137593294064 62.22336557214 23.803200549696 22.447024158678 68.414316179098 -21.201426803979 42.647553948015 -0.95461349408181 -42.945734720139 52.447584037156 -10.30293963145 -24.771588566048 9.5434809586244 -66.880705627133 -26.348408267667 8.6958067595206 6.2851685317185 -21.979693734955 76.821418958724 -46.473207869169 -4.3122252303011 2.2194333021215 -35.127060737079 57.739247670135
38.876998835718 -51.0695766883 63.652195095452 88.324218159619 69.016792535111 -46.762918477187 15.720702441841 -51.928592173716 -74.541449868789 -81.709935067839 82.510850949405 72.778695450903 -13.073456895188 -45.924082932935 5.5564568283673 31.818395219598 75.678880900185 48.909050568681 -48.819999668721 80.416637585055 46.935095369818 62.463820863807 -5.4483714562155 1.3142232666776 -59.775089206473 72.74632425289 -64.212119057931 40.446027139133 -59.60630997228 -38.904090117429 60.461289650562 -2.0106314951946 71.676223071295 89.199336958303 -46.253985251463 -26.955910084297 15.841511804633 -76.449307111548 52.353002962524 -45.562486637099 66.329367875828 63.136759607604 -68.530941021202 -15.109057184736 27.748839018715 75.16018355482 -20.828676689599 18.800711737507 84.845827382983 -60.098964817308
-21.808458722115 59.476639631921 32.942748173674 88.17602642346 47.533281947142 84.5203849676 -86.4477641361 11.842081711443 67.586552205667 69.894990865422 84.99880855815 59.698375357638 -37.454305143771 -24.658723879441 10.934804960393 51.361066165309 50.103946249795 -22.711269383335 -54.848759153862 -35.912120812273 70.516750428568 48.450137339034 53.079307028529 57.400843559007 23.508909475281 -8.8063241737619 -47.507673017331 -13.262172964136 12.47636053741 -17.757776100551 -44.030518850896 -34.670107771373 -54.096244142152 -42.277075563126 -81.713829654422 -53.771656885387 -80.155307453531 -27.577084946881 50.623213684935 43.327192382375 32.609898455021 -62.759385377285 85.791125267668 5.4448281300757 13.472501239136 47.233162438023 41.100376642321 48.516740754217 19.429490776994 87.294082474754
-27.820786463767 -17.063433549958 -2.5308160367496 -20.775832226173 44.729204601509 -20.628189441219 -14.291475954854 76.939865110801 32.244561179899 -11.63944217164 5.4601123868008 -37.583569768457 47.276913461897 -4.5326303409446 -44.666959827346 39.169251063969 66.938759465966 73.602548153333 66.007707415887 3.3989864456865 25.97599513526 -55.53801473021 78.037112745634 -34.307095306901 39.229822398622 38.258715058981 68.370051183653 53.973383197424 -75.672610909533 0.56694379579005 46.864845016531 -60.412213245478 -39.878280921378 45.249048319404 -67.72435775228 -68.904914935415 -13.32449044465 -59.768445388559 -28.762847295172 0.28798509888682 65.209606179855 -11.098495001774 8.3065051345781 -67.342336972053 -71.515505158929 -11.045890598871 -61.472084072235 -12.071954330651 -15.155701548748 -85.448559015957
-32.4107473121 3.0580607131536 -54.970550760134 -35.107189685451 -5.7725754589168 -71.335310372597 -49.341919226943 78.335408321221 -29.135014466829 17.59372985337 8.9840516874799 50.524540343638 49.0379346807 48.157142662122 8.257827745569 -18.728863202378 68.446716208183 -51.992221757486 -29.399289849435 -14.589624002216 38.041219693768 -44.765043856029 -79.776508638309 -20.795475742699 79.828135452079 -81.21030812615 -40.753773840961 -32.057325593001 -3.3136209946678 -73.424240701981 -87.339172035535 -80.840313143532 -65.08485222269 20.631863919065 -37.410760190797 -58.533570678282 -33.901299471035 80.235870885937 -19.787477625044 -28.525502084968 22.458767282919 8.0970799096758 -55.627112622904 -61.728394769955 47.936967859228 19.062269002374 49.845103626201 27.516985500059 -9.4467941953906 -75.796220865511
-29.034092309369 -79.220800510005 23.826414115626 -61.360945054718 -66.5519081216 -58.882272961278 89.03853595495 -82.995836196241 57.262513206689 -10.37059286093 60.213081597716 -55.467537909596 83.127520675256 34.771018207379 55.738794312847 29.163798135096 73.671670585733 43.501542204472 5.2889340082531 -62.179110469551 -46.040945829996 68.704714185875 -39.284223671291 -50.481617427911 33.666827881674 78.794688399031 21.428496899802 -0.11344153949419 36.148961604673 74.071629311635 -40.036372526964 -63.380077096412 -86.82753103832 68.96872620721 -87.172573277118 -37.591241928989 58.33714451828 -65.004209496352 49.720478868985 -43.420651266024 56.605377736654 80.240947223012 62.094407764756 -65.0896127363 -50.084654548018 -81.622204596243 -0.79713612001636 -25.84739203162 -59.213064800424 64.437702179907
30.789928790744 3.9999877194595 -59.030290349414 54.622464276872 87.959190443534 31.265374186246 49.60391687798 8.0280649622111 73.667444106277 -40.655348560961 87.72560636559 30.25119106967 -5.057564175896 54.183535991216 47.407559722384 -70.89238290469 71.443441200315 -42.485520817298 -29.04855437043 -53.300801726095 42.294516457364 24.369831190745 -48.416954708814 30.08727421327 13.990563732464 -7.9428040297102 70.093830054615 82.869326844975 -83.724424435296 -43.619876510047 -72.881156784521 3.1870776848452 -7.7912668811931 1.4573699265553 86.57861301655 -13.16284624813 3.7119401079494 -73.244127774607 -16.383641226754 65.891184506238 -47.159303643698 54.830629354266 70.909248840493 -57.932110213135 83.631983731277 -80.853213684027 -89.058395477869 3.9788653669159 66.686399532707 12.270766239494
-35.708013100021 89.821558970499 3.730850708011 55.970386183086 -84.929544207884 54.991076343969 27.846848467152 -74.71580399612 32.498951408816 34.037401995149 55.260789432258 24.919864312199 2.3994862198853 -77.716966225338 22.341617196283 63.215107832945 83.064365082103 10.860054115114 57.524543702845 -25.754227571143 49.770533950488 -37.522236799591 75.859563638438 17.875642038711 13.578785050255 -67.712004128243 -22.055074912426 -4.8533570973437 -51.535288583953 -10.173040021018 -34.430367282413 -11.271423572069 -21.341267324528 -56.231219023152 62.89306612187 -77.878667448334 -89.555651472674 79.433775935951 67.667024602812 43.997782275338 20.256240968862 11.533130536016 -61.405021224985 -35.074701118679 75.20979263021 -5.6776339162776 -52.629275232208 -11.368609632676 22.10596105934 -25.414632168197
-63.943424023296 41.470435143566 47.140920388166 53.478086769085 -1.1979477150322 -25.119827872525 43.119467573402 -50.028114816866 -27.08534559331 -71.118109018154 -87.969283611365 42.942554667832 -57.849338737195 54.54877876343 77.468999409985 41.700070112398 35.661919148582 86.716704674681 9.929489456137 -62.157290199779 -33.168977924586 55.70265916581 -7.0066697950478 77.858635344134 40.761266536897 11.776896744885 17.034452673544 -39.593290733462 65.812518697005 -18.529845094624 -4.5346478963982 52.236961721331 -79.976661863758 30.92548020379 74.576301043806 78.935120095722 -2.607834106727 60.248323863392 14.586465898162 -49.63508959077 -36.589776263191 72.549272439146 -82.38818583755 -47.939911324192 -40.561478292276 -15.687727884047 48.367674894095 -48.520463219222 25.995579989972 -66.928326520197
89.381250348876 -24.020737522489 -39.388239165866 -1.2622493387583 64.862609725775 -54.686300049979 -67.772040216296 34.839051232417 -47.502204503978 14.838071968932 -85.238973399429 -24.034710469611 -30.604351966921 86.854835544916 -12.601963574092 35.551679284496 -19.36796646846 4.0768636567433 62.907933400357 -0.60427490999501 4.2343804508231 32.536301087823 38.676830867597 -22.518416617216 -84.239146974752 -36.09631844225 -62.945727237094 53.666336166153 -58.154886914849 84.489182851684 -52.109911519767 -60.216993496535 87.937119739069 -12.090576804489 66.381623754337 10.051645111477 -2.8017788988673 16.080332382791 -15.328464392959 -61.261604179211 -26.860742255401 -16.374646553547 -5.2972890687962 -76.271205068693 -88.281304493969 -75.740962548628 -78.986375241261 17.225319098446 55.276352785704 32.806897172526
-51.837642469578 44.979025590763 -88.305044237642 9.3448329839939 -1.869839395595 -37.511754521114 -14.530971922469 -4.1300204902385 77.426104673124 -85.19078328137 80.234129142751 65.608167591675 -75.786334764723 -67.969695831471 -29.231967569649 -79.588444998721 81.596350558874 -19.480552094088 65.78913098917 -76.762363172216 -35.511639295088 -5.4456124720677 68.598996200817 -82.501999137776 -35.592380725877 -88.234938050012 35.244676272982 -35.608866798338 83.317818135091 1.9894194042996 -24.526617843657 -69.965061268776 47.388535939607 25.558244360091 -6.6719874116196 -24.866396370391 -81.965830376862 -1.6582248165336 4.684453871026 51.198967833763 -42.399339065037 -11.100261451569 37.700829145691 38.770142468347 69.915076732943 -24.085450157504 -74.621563260324 14.093803706695 9.6961186272432 31.740349417191
56.158994039647 70.575526148713 0.94963575591554 -78.468706991776 -74.700781331761 60.805493554955 -45.637443329065 0.20655860833963 -86.673547703065 56.794917524312 -41.943049435963 39.011972444749 -70.695915797795 44.041014057597 -41.531995510987 -84.139927604461 20.51906269593 -71.755666789722 1.3871091611018 57.783030584431 44.286551454486 1.5677064669027 59.028962314971 1.130269618705 -76.540580406004 64.642876831856 30.686415489407 77.311840206845 41.615450913877 -15.875151697462 19.919305069709 -8.8984990617145 -56.225956994038 -37.019161527721 2.8299954197142 74.112038239262 62.390876073959 27.12330704945 68.019947071492 43.852309310545 -25.115054003985 8.1095329466052 -60.75961883441 19.976568190716 13.09595012826 71.358955904542 -52.704305843261 -61.54151509259 80.636317939164 -36.196737216811
20.879877512098 -15.58466888777 -42.521294977185 -19.408406739356 15.832318722833 13.431352435237 -68.24480832048 -17.401762741762 45.656023694765 -45.058353357773 41.365064271738 -58.619567896425 38.324050629037 63.215194613381 -48.505035910905 -40.09366855241 -81.536818815845 31.821714094778 -36.568678038019 -48.113000890393 -7.927469043256 20.133025543293 69.125089320793 5.3550584663 -17.683323373231 69.535524612638 12.710360534541 85.951298338832 -52.818176113376 -58.926708050359 32.166168090368 88.011024176543 -0.72333634093009 0.95973028140408 -13.045301584336 -9.1295523777948 -85.564027220986 -46.166158453481 -31.266404552375 54.345176356894 73.086551270417 82.908837128437 55.217376103918 -44.25459088434 -77.641735251817 -22.174180602552 -70.208834196158 -74.15289275414 36.747426941648 20.898173583559
-20.094180616859 -22.756589907354 -20.833969276035 -87.913167597926 -13.838298249308 -1.999342720515 7.3865409339445 -2.7040035241606 -20.678333735636 -51.064280639395 -54.310080644806 61.557883763514 -71.422658070403 -69.742910308586 -30.057754522496 31.855799977471 -15.579549351993 28.943586104132 3.1623317197446 -59.317754855736 -35.972387590479 14.318690756921 30.304301809793 68.727836824344 44.937805722789 46.993984105464 78.110024916758 -48.140529700197 -39.095897201903 -46.829084286274 10.394625855258 20.701843639598 23.201688870707 -74.63928963331 -37.862699628675 52.05012476566 5.7096516737871 -28.382043155565 -79.259387706731 -75.478939333976 6.453614663929 3.1557995059601 66.220904656324 -58.847036422338 -76.800867086209 1.7305690789729 -89.305974732657 -54.271816740076 -83.79565160903 -31.138851470268
17.782973136099 -39.394473530645 15.984553354927 -75.172626274398 -74.914996706227 80.00377808921 -31.432869998072 -45.163251581962 73.359622482208 24.902744938186 41.593304469029 76.50135439145 66.327647562477 40.195976185728 -52.15735799371 -1.0926187276923 -50.241872622001 -8.8335511647909 86.962665848906 5.6054298517797 71.207730639227 -80.9505491668 35.737375202868 -17.29029839572 8.6019535976288 15.202474723312 37.987340085889 79.279537483116 86.934042220508 -73.911743324996 2.5240077945034 -24.169621361541 -53.753798005723 -25.290685628374 -55.660861962922 68.743939519053 65.931126513371 88.97904414449 -45.492602771264 14.2373961847 -39.71300103542 10.836974813255 -61.896079239966 -38.189876081805 69.348981927339 -23.829257306383 -6.178059694032 43.36777101027 88.501201624862 3.5446631458303
-4.6638291753932 44.50829349807 -53.129027666144 -44.709853150034 85.661696675958 -49.876647317467 -29.269824577369 -78.876210305913 13.141785029131 -66.79665096679 44.853057718629 1.7797630321116 56.794488055405 58.124352331075 -11.792799693087 -66.474611804162 -29.579275565036 -53.037693643702 33.048823978287 10.772594700459 77.756038178729 -48.537177686568 -17.089487515886 32.004046506172 9.8709426254728 -53.604527471847 -16.919421644501 30.523015989871 23.765993151664 -52.340670791315 -13.934599356032 9.1462065582067 55.174245039384 -41.455304170017 41.978528516061 57.90714922119 37.665289596657 -69.485630084515 -47.749346150011 10.71208757799 -61.806716854415 -56.442717713732 58.998769631062 -10.594656550583 77.104103012332 -62.835861196321 15.833833605465 -51.457573595974 -5.2931917477867 53.436555712221
40.374224361504 -64.129423160005 -59.743143868896 13.782091560656 -67.726698166124 -19.881475063511 -11.495312169329 -9.1905737207467 32.264920655709 -45.404596723623 8.5583457162721 -89.446247071024 14.589804045426 -78.559348309062 -76.351828315723 82.52469365867 -21.731501015458 29.024409872775 41.460554384993 -25.996666499214 29.761511728102 -45.592923058198 -62.324115132948 -19.924890414698 -54.912583131809 -0.43376438018508 -27.565056714216 -6.7082549192591 61.016971650949 -78.594968796883 67.426270552039 79.287062322893 -19.259185050354 -23.475099810175 75.809245069987 48.701220894616 -42.129688733964 -39.527790665424 68.745970419405 77.467741703002 -52.515014237991 8.4641242407144 -47.206675483946 -51.136246984244 -51.103087933244 41.898796938381 -61.901251179288 -55.979299163467 32.26448081527 88.417911491895
88.98305542261 -74.057817263923 -21.509428357007 26.784824391725 79.552843947923 17.15473069601 -74.60992762582 -12.158716420217 53.924856125482 0.63857940016123 9.3708507724514 -40.030207497021 22.124391959677 68.840547880073 -8.488610093117 -4.644377684039 -83.620248309899 80.769735888465 40.133700369579 26.427018927205 81.194421590272 7.3773569366533 -30.949342828234 5.5865985100403 9.0233381070519 46.842838044271 -74.536121813811 -31.308619862065 63.270466940443 12.240860653313 -34.850513834204 -58.633755681266 -63.949219789982 80.728670520919 30.834717904825 -82.746113313368 20.673168283772 -23.852132521014 -43.422993298679 51.300459315715 45.911506602434 -31.807104284776 2.745354662124 -42.367715632317 -75.375803304665 -67.671693767198 -49.864646886283 -33.060726505806 45.641591402479 -71.75952499275
-36.159241351761 -24.11870063784 49.433930938269 66.968476576503 -55.256312930485 11.088987535382 33.277680870748 -34.261182858527 -16.797017957418 -74.624753599853 47.740134960272 58.50503997378 35.749001426335 33.097016357013 75.072870885382 -21.395189488443 29.18651761605 39.290753848737 26.860586816959 34.726277817353 10.822484795607 -76.415498578024 -24.511964303986 -34.202540004756 -28.93948264178 -40.36906003239 -61.396742225243 35.364648136173 57.692037173233 30.762670749071 -63.408181869991 -71.932050803952 48.901555700929 -45.599381561422 13.821452632861 61.839993960142 51.036652962539 -61.760466641157 85.888723823511 26.087816263728 73.682994075566 -72.757167171439 22.453204037759 -66.167624005221 -3.4820832101419 -22.306370330621 6.4628215003133 -60.297949094073 -87.658293904067 -33.463724454129
15.460605775402 72.694711305281 -13.873257561852 76.342438255077 3.4518037202414 44.898805253517 -70.674488638067 -31.534766763971 -58.275746048774 15.472712424515 -79.715861030341 -79.132448272008 -58.463582071326 59.176934916109 28.390235420169 -46.962751422668 -9.9187134439525 -70.832630554424 -2.4501457254529 68.60230379873 -76.908790437203 -79.370142225094 -45.48065894418 59.986380280592 35.523975253568 70.492532079882 -64.921764715796 78.788743425168 -70.638835403134 -87.676408656978 58.310526162106 25.388771690081 7.3256367636372 12.737918772036 16.913831113976 20.154161624361 9.4535413177327 23.869598503881 -76.157305244853 -87.746514178421 24.818751378762 0.52847611770423 -12.555926061158 80.190702459213 -57.186678596344 -76.810267339257 -53.851362427724 -1.2317393790304 67.386502359708 63.803063357852
-48.814037576353 81.586156761615 -65.833754335469 -47.559706106032 50.538801523123 -67.155453879728 -3.6001144066161 -16.600436944665 30.595807641913 79.898745777048 -89.038749275772 38.120094006167 -26.022610035531 16.231918729534 51.449539489186 84.356573065007 -67.976006933694 -83.380701573633 24.932168823222 -35.063143053584 -10.733860800185 19.257045304631 -68.036815385887 -74.359683722035 -76.086527207862 -22.594045720706 -37.444931258501 5.7071125749342 79.388920861568 62.027011449741 -67.297807677323 -23.260799617095 89.219779839864 -0.93727779923806 45.958129050284 69.439488328832 13.874901330218 26.212876579988 -19.260487599171 0.63344988236399 -14.196302148824 -68.764165282954 -23.227969209576 -32.377524483438 -52.847893363227 44.320744441832 -39.890223800287 -66.185698927895 24.494136226291 -69.755190884647
-10.709767485844 22.862279974466 -73.470942180287 -62.120183624132 77.172178315712 58.299787767078 -63.450637837459 86.912762241064 -49.028189858289 -13.467580562367 83.088074616264 31.864457400608 -24.599829994345 -70.285425278332 5.5148233536106 -24.379141849897 -49.505831073032 -36.517070979149 4.5220057748427 22.503971025998 40.884001966374 -19.749877162359 -59.228405600598 -54.393166309277 -1.1432347081289 -41.062762728523 -46.102725411384 89.395076977066 -45.170158094958 72.981373191263 -65.720592548635 -35.576833393494 40.258257030273 -35.88042068273 88.915281143366 46.145084713014 24.918396721701 -19.629069025854 30.121060921171 12.366976258739 27.963793434525 75.650002166516 70.609429433709 -81.308613508656 88.486846673008 -19.337421203575 -66.44834528393 35.507577539247 85.057419027625 25.420608292913
-71.184590091924 42.720425621128 -43.836166930106 7.2057318717744 45.735760972229 -85.47014844972 54.494852257581 -44.209095279858 -66.510089640609 15.254623134896 -43.1840759959 -5.1555467482705 -6.3387752152447 -39.556965311048 -35.920739536244 -89.544367398684 -67.476069582979 6.0636361891131 31.098013408233 46.879151456406 68.27991960496 1.0102460777034 36.24151780897 -43.350659672724 54.138109808435 -7.9617839600147 -25.940226879837 28.338912474303 24.816356091811 77.887047678454 -58.938027073331 89.143816300604 -54.585604659578 -79.242534061094 89.131003155696 5.541547504939 -26.589444364413 49.230498365481 -79.603438562816 -55.685608505367 -88.333568814544 55.13739059598 -35.592839183168 23.552696542727 2.9713519740464 10.185656731106 -41.821541487783 -64.974030257328 49.357280897357 -66.140540285909
28.801616412875 -3.0913432103995 45.151645624927 -54.933155592804 8.845785806828 54.914876602331 -50.888008174621 -20.346989435054 60.840161306521 80.107007120956 67.531553438012 -1.4106891792082 -81.444200747311 5.1927042566571 -57.248253358569 -83.69298306267 -56.12685041329 19.118000826222 59.052195914489 -60.366939285783 73.721610806995 -61.831094845208 50.914363187039 32.675274429375 18.927253928458 -88.283462407505 87.614793431287 75.781717788067 -4.7797324904562 -37.643258693588 60.585996098414 -44.021176141858 53.164714475936 -79.281774524813 -58.442598148853 -1.9699899551376 -45.241919873075 -76.920130630302 -32.141346641945 25.690180683881 6.8145728791468 -11.666940978047 77.050643781506 -3.8427278984134 5.9854526079751 35.143027830007 32.794095346561 60.728196437531 -56.339014257618 -29.107283523099
-65.699014575332 11.387573647033 67.180768539005 -24.016925071944 -80.642693616537 -29.690254557186 72.367443490157 -32.922533514947 -44.616405424333 10.306703916279 -25.490046795276 0.28415673710728 11.282829800243 -72.369994781714 46.118181363324 -41.22785536136 35.506093698415 -82.031171949751 -37.871765156167 -12.332465563216 47.09641095903 -85.765182664082 -50.10620316938 -36.83083326673 -16.408887400795 -8.6960500878246 3.5633370564401 47.732764171064 -13.898537723254 -70.897407614643 34.613494399201 -65.702990626952 -78.472561739582 -43.062933565622 42.883409550735 10.895696664223 19.298319781099 23.507859409056 35.12762342402 7.1715930813321 -40.406210800818 -84.397230846152 24.808856105567 32.611230966868 6.6829567367802 -70.354923831425 12.891020659357 -61.349438367715 -22.778354579167 81.660874876038
11.977648359428 84.486494013761 -11.911716457282 -4.466854962962 -61.228248060479 -17.435980227403 1.499266226811 -42.201646089165 78.008168744607 -42.813404649784 -65.734164596264 -56.913340962348 -75.909934410728 73.82781502702 -80.668784732407 -86.661184884083 -44.964762445055 78.419781859829 -15.283293806055 -84.980352498772 -62.496920310311 -66.75720636553 84.554366579295 -27.771758914076 -59.473842642918 -71.842028075568 81.113814849017 -12.087452512525 -12.904513858518 57.58661086414 -10.296038188237 -16.185012100441 82.341380024977 48.071299874 -67.873647323839 -52.401237418033 47.98894924927 -22.229321224347 43.158182142253 25.599352143139 -79.732427041045 74.638140331887 43.071134323526 -56.982650029472 42.003387991977 -67.810329995071 27.414749645058 -42.010846661337 -49.834773567598 64.737628341802
-71.00138356539 -78.192758512893 -64.50874630547 -72.556741272678 19.255877480407 76.370585483837 0.35394461215996 -3.6447554868339 -38.383053004246 51.283312967531 -61.352349692006 70.684481200012 43.034925676689 -10.644876967593 58.234743495777 65.356702659216 -33.87531579806 2.2294261141272 70.777439095386 53.852820446322 15.71351293568 -68.571522876782 28.490250283379 -52.752202680428 84.489732325776 85.069229698419 23.933303915481 18.930455822702 -30.208359537253 -64.042539090732 -61.517124908766 78.68934633602 22.115130677149 76.809600917048 65.435523477179 6.1263370446113 -49.963702251555 -5.1068947733357 85.230885447657 61.717463232395 -45.017628111741 73.984853304197 -56.267073785436 77.172601222321 -73.878404636598 37.769781132702 52.218026454065 -68.095438629902 83.764619241558 -43.97429290336
-76.26379467373 -44.912509973017 -89.374906609436 -24.45686945304 -45.950665055738 -75.443618717757 -28.921261245938 -49.674601710953 -73.892477372861 42.455248047832 -20.796020551946 14.606855412219 69.705249337672 -16.129515366278 52.252752560499 -12.408317849477 -11.231522182646 86.267469535685 -4.998644503962 -10.331559764029 -36.756538830421 13.824961819297 -42.591308814032 -17.672600190626 74.757145127437 -28.269793617148 -82.920359279818 70.89987794026 -14.467934947011 74.985638864582 12.466776983392 -76.724723560976 74.631355489921 -64.254438641183 80.894142788581 -1.5291084890122 -85.745038418698 -12.207850401006 78.061392303162 -42.73568251528 -82.314166396129 -36.632554771452 59.85760800957 63.675156148554 -36.180478543857 37.891165468007 59.509964613701 32.578184012543 -12.782613615633 -47.652962061285
-55.485011625121 -55.099884650663 51.111956708885 53.918705412555 -20.776629370328 -84.457982924884 -20.997867430828 -51.767901031556 56.90790943334 -70.648533672453 71.230815818761 0.37394686105159 15.569780686483 65.99465792741 38.71550859077 19.312313793909 -34.356153489407 -74.032711415728 -49.170190517806 -55.355817375441 -53.757946613644 -22.40547559322 -49.827277631605 -47.464505368563 -67.631633748243 -43.265328138239 -2.7033581415993 58.12813738863 52.029971392973 -73.641123114015 21.743242231611 1.7626933916537 61.603240513733 -72.074447643096 45.022019860321 29.243289391793 40.368818313653 26.926027250262 -36.631801361187 -33.245379794901 -11.752868204886 67.885421068058 40.79631344221 -28.791008321582 0.57603590742785 23.85176863746 69.936830163827 -65.545113016845 53.705756913599 -84.954896548233
-23.879767483763 -7.5008999410938 58.714332278874 33.985553242751 -78.67319434205 -3.1315602764168 -73.850241010103 48.896405632309 -8.9450063053093 16.646052751414 1.3552261087875 -0.7824681616363 -46.195710650923 70.033430879913 44.783821702962 -6.216691277873 -61.918173450935 -18.635838241419 -36.589632233795 -40.17552131017 57.321975236454 -31.613769500926 -63.922872448891 -76.898235025233 -60.229521550219 -62.246222102335 35.067306571747 -81.531382288394 -57.272792183704 60.16427052415 87.361952674347 -37.144120430826 88.344894579427 69.905936533037 -61.862612437168 13.304980395852 18.167742123575 33.04778349117 -79.389309814725 87.269478010986 61.670190868305 -1.6887403112109 83.945808113378 47.615504137569 38.816362488129 40.014969857095 77.305048685229 -74.546174612407 -54.460952614654 -59.823404432977
-60.446386251416 53.362203564461 -80.897885661177 1.9216044464168 25.764222870712 58.452204283415 14.496283508917 24.28192336047 -24.192202556302 -9.321788808016 87.486941094576 -1.4454526308519 24.760666834356 -68.769874859767 -14.864437041913 -49.111823972284 17.656960716049 37.12571112553 -68.021548040364 0.72374150204169 40.478781621034 36.601133682583 58.69576149434 69.841097781995 19.407001511112 -27.359573699517 55.36561941902 -56.342577169873 -22.794643106672 -52.471374532684 -12.013220857221 42.518054719605 0.20676324561423 45.472872578276 -51.549339553757 84.613157874636 -18.856327474597 -56.33297406729 31.209329793209 -78.832652856077 45.451049072409 -32.495872522729 44.68799180272 -15.323563543822 45.127315098622 80.982308758522 -16.643361644468 -51.098428860801 -54.457569375173 -23.301087610263
-54.312569548865 -50.074643047281 -78.671892563854 21.823511799267 -62.868862552338 -45.00041086563 -63.751042474695 50.057572462123 -15.52345517726 -66.0707523038 84.398013700166 -19.426165090409 86.692453793098 39.189263239402 -51.573817451468 -34.561292129188 20.308200123214 -16.161374585857 64.553090567713 2.2135870724865 32.603237209517 76.540229819448 48.161596681951 -58.973406409563 -83.708273019604 60.797641236667 29.960490874457 -86.100524059957 32.480195361584 -86.923533328368 65.174366558475 59.32674987669 -62.260149339528 -38.548902283997 36.248057327666 65.396025891716 28.782400793064 6.1858506926355 -9.6683358311044 45.679138246684 44.479362568906 -84.84125250614 67.924325056312 -23.066513095081 -7.883382567203 3.9964370490996 -70.224766989037 10.062825204257 -5.2422595970354 -59.985814681324
79.927254798511 67.871302620403 -39.886098825463 50.12296973131 86.453875401441 -68.723134017198 80.15223984907 84.761050802552 86.387545150141 66.186702261433 -67.968270058769 51.589870340236 76.630155988829 22.923144196104 32.873779660159 10.772706019825 61.366543225729 73.369683149005 -48.859128400632 5.651518536321 -73.190945878842 1.8190680454898 -42.007366967159 84.742242666364 -86.929755417251 -40.715252960024 12.792758001055 -8.8043959991694 -6.0769771415719 39.079394433557 -26.321991786296 43.469288732715 -2.774044034873 51.482609145291 22.978101648788 -61.958817295462 79.245705025364 -67.489016641342 -4.1122441916169 68.398623882849 -62.73452386251 -41.500945474894 44.612099820541 31.532910331453 -26.893030753338 87.244947181694 -41.899081790946 -8.2324933655953 -22.953811432092 32.356657216001
1.4443665053541 -76.58646581993 -28.687125645688 -36.593366160684 45.206812196092 -72.580172035825 -85.790911381586 59.474576214879 -3.3275073679804 80.129416847215 54.694648300869 0.083809930201014 -42.694505210697 -19.225011028616 -23.153707407086 12.012234715378 -8.5422861850327 50.689383138818 -81.999048033414 47.804663971351 32.030977580049 38.512310468872 -16.110263403642 -61.929562819774 -87.229036007576 70.115245088503 50.607434315353 -87.531301795205 79.955737148757 -78.680406886619 76.51262502133 -60.035093801982 31.446446611272 82.203392954687 85.180820012927 6.9097906071886 -36.063344518569 -46.080319906517 28.782372913666 -43.140593001911 54.781602270082 -25.613299545129 -42.128809948356 57.432861564384 58.893771743195 -25.53313862312 84.713263448756 67.837589767553 -86.204423871926 5.4676322412271
-57.61964569539 -21.985529280141 89.19073598931 -17.368598918368 -89.859383482938 89.095812249638 83.456786362358 17.97311074606 42.461825549062 52.639203770669 -5.8149001111799 -86.192722416285 28.34959758605 -29.662780199346 66.786754121397 8.7399020820054 84.538691957116 1.2490026209025 64.880726983606 -32.528561836337 69.788368269991 -15.504605512403 4.1420551337142 37.30661073259 -54.392443811441 -58.37130677624 40.823089367383 73.125568063694 -57.353680310734 30.573241049153 -87.45404664047 -66.889315871295 81.390410585597 -88.796884745127 -50.531998368052 51.079086244884 -88.961136567263 84.181891756039 87.235497103651 -66.6043581421 5.3668201824981 0.85761277476618 -11.494465372903 30.082031920071 36.776587058728 7.0765023616424 3.0017802537911 4.5766399386871 -75.090406704994 -53.534297704542
81.674894992604 -13.698044007088 5.2308494464209 -81.027196425701 61.312613669172 32.27294993658 -36.086305118808 87.789792719356 -56.7213957667 -21.162660622747 -18.270764472556 83.850671079768 -65.56972782052 0.88927027809679 -31.730071121277 14.563487207233 -6.9969756018474 -62.713659216001 -23.766546472216 35.325059980717 -1.9144983671696 -78.19475464601 71.268782947478 -80.744617285798 -30.726791559404 48.627954342189 -48.832083300164 10.019372725762 -15.452117585245 -13.800952472507 82.219890033024 70.44571237902 86.607239991512 -79.815055230359 58.458248579234 87.105701058958 28.960296578549 -16.365518012139 37.418111473887 -43.557092598563 -16.981635643424 28.473630319645 -88.002219336945 -42.975446120095 -36.036690075199 53.632733416558 34.587928488304 42.183891585097 -12.943316685662 23.379336112028
-20.372368019794 -28.246436521585 -59.225498318157 -53.852759172532 -80.090932417302 -70.9376390301 -61.089295991161 71.277748656162 -34.085172451796 -66.169969708759 -28.950881682482 -4.6972101167954 18.613158140784 49.557560852049 17.899920138842 40.763390755639 -37.738022393482 66.124571004451 31.612033394258 47.123818044932 -42.42879720329 -4.3011058738812 77.166786902163 19.866674404556 -68.600281242377 62.15930193288 2.0175817325769 67.982885986786 -89.005511270612 51.011156439866 24.803633572987 80.970138380186 48.825804001236 -58.525746095479 -21.739898558832 -76.797340424399 36.12227201318 65.118652592847 -54.471680127613 67.330343506626 -74.093240656164 81.104293443335 64.370458061162 -58.042122642808 27.622369604972 27.96073101222 -65.153584693956 21.83455969729 72.545195346228 2.0255237944806
-81.290649026598 42.347576893865 86.772727960067 -67.976987084799 -76.962724793691 55.67534747013 10.995301971906 7.9454949496521 -45.358337540163 -45.32059924349 -28.678756787423 63.302903266456 70.086216459398 65.24451618875 -52.816636082709 -14.887236397034 32.528337768949 63.004444512508 -24.046220564677 -20.00350716022 -9.1749648018948 -63.457076350819 -74.547276313827 -76.453304914506 69.429245904749 -89.86317240468 24.031397501832 -16.412116339485 51.501526885416 -35.210542781812 76.879590722969 53.47287766159 83.749453968056 -64.847417191261 88.292519823118 -21.655512982379 29.937875384067 -77.09834203553 -35.296796486195 84.635047996976 73.396673685177 -50.993564449199 -32.283678523509 84.794159823825 -74.820979998064 -27.971557110954 52.503777849097 71.916527772847 58.549264401516 -44.238339934105
63.928879164611 -61.452588687181 -57.555371622259 58.804582770011 -47.968199095662 2.1973844230158 84.913952337556 82.026975232911 33.693335793426 -0.02617985405648 85.8814768259 -79.632185762701 -82.342122362459 -60.418964134193 11.181730119266 27.44978385717 14.842681014041 -52.3441905336 -18.439275387318 -9.2069328252797 -6.4795426010584 -11.66386061684 -68.539168301048 -72.899537755466 25.88859806922 22.92643040227 15.03702997346 -66.714594919412 -16.368462237905 23.653962122186 18.466173012073 -44.384835335756 30.32002210087 87.339746684194 -29.775844774057 61.44799200565 10.645985511829 43.190050288871 -51.937064116166 -45.734292418412 30.705523686631 -28.394288347379 -75.25527112459 57.770313545176 84.12946150446 -7.4383068415419 88.399268688395 -7.3335335108118 79.444032868528 -9.4232162892953
39.948336185451 43.761071659633 -12.525542794624 -25.426860519585 -75.287483707324 29.098608254046 55.372716944888 79.859243133771 46.982543533058 88.437163632341 -15.15167919487 77.602161112644 -22.544556721532 36.9338753823 -60.404721820056 -9.4121354366756 -25.384012860095 -29.963319855389 -39.218012673009 75.624723093702 68.170397965394 25.465824507466 -73.064959734739 -32.323505590753 35.336138789024 -79.09738506198 -75.859981815805 41.328072570329 -55.317461291657 48.420683185364 81.940846715443 -63.457934834776 -84.636304838145 56.706200840878 31.607954546442 56.320748062191 -66.380931224517 -63.784100183209 -74.477194965533 56.035366803794 -53.475491672322 -4.7519060043726 73.474237177019 0.19432561009292 -6.1413444349537 25.529714119339 47.64323017648 -74.416165254841 -44.281913905442 40.348289833004
6.3785727469353 -20.679994939339 28.01090959768 32.452907937078 -75.914545347513 82.882579250817 -31.74218635868 -88.373893433076 50.29209709645 80.73974884548 89.058667050666 -19.113991926847 -2.6935009169243 85.652359791643 -10.792879851383 -40.804080409467 -89.90103983783 -62.075030073565 -79.528110925259 -32.435312031514 -31.11457694968 -28.302807652736 11.726610393273 8.2424241390614 -89.837572227786 -11.131538820104 74.613591906068 88.600090204465 15.727734947888 18.017263089457 71.333148681453 14.431372408934 70.936504227556 -65.937113971431 33.984497231223 -81.823781199861 -75.227860316985 -71.493734664283 -46.776904508735 -81.827818600625 61.667406083657 58.796849219995 81.825723690489 -68.275614316662 -20.282642631796 31.028182923683 80.579570964915 -11.971897603565 11.734236372033 -1.2967629820453
11.304517623751 -78.574571623587 -57.006200393603 -79.150437706726 43.917613506977 88.657320156647 -80.999542100523 -58.111485473535 -37.663201953936 44.629464751914 -83.60413104926 -18.55102058323 70.492809597014 -24.710477951008 76.924102859469 60.358209769459 -44.569601448898 4.6326223922449 45.825835036389 82.640141452725 60.896546086189 -12.952353820487 -35.545029518102 69.324473041058 60.763251073962 78.545103636779 -3.388140795956 80.848063887594 0.93627150541391 -41.673291678589 77.931064659284 -20.304917266048 23.641751565987 -15.867052127868 -85.137412348778 -28.340103234129 14.266819007287 3.2636483219804 -32.659793303852 -7.6515376883162 -51.562057472036 -67.234839166772 54.220874105618 49.114793058089 44.343727182742 -42.779837935646 33.557293830899 1.5017754473335 8.6796674716423 -10.773290660002
-23.584980597718 68.919569313708 -35.733592182115 18.645629145057 49.899207816295 48.512139690441 85.338354247807 -89.68251492673 -4.9196079004852 -18.562899595092 -62.146666680477 71.48666794901 -60.138380310129 -79.220371346654 -38.080451241842 -80.100794992711 -66.776839244565 70.970491239413 69.53658470825 26.309534887394 -57.15543091845 -29.845398893816 0.42366571791159 -5.8866824472649 80.622862609555 -20.371619887882 43.007663855066 -53.244035286559 18.523169750053 -43.977371192059 -88.076480638616 37.494344449397 64.461133684211 -65.630221707596 -57.627875042685 2.5833288333576 -88.058150242478 -16.705196136474 4.6419899971468 3.2407896819086 -71.006993458911 -2.0761088391717 82.817010877201 -49.05859034489 89.924173361384 27.158444518215 80.738337750408 -42.695037785042 -69.075343017558 70.395195750025
63.933223300298 43.250309504451 58.286415596107 5.6211274028727 -61.112386325266 -1.685245292203 16.390177336618 34.636005955328 65.739432114237 41.050538284516 -72.128894077717 28.942015541848 89.540296013001 5.0929808305594 32.902467990674 -42.72839827762 45.349465528867 15.613255906241 -38.180921363512 25.861843352855 -54.701325202322 -44.139295204633 -15.141729938079 72.212824566682 -30.906812734364 51.166571357499 10.986436047464 32.875670954107 68.009832003971 35.614416464123 -76.093821088958 -69.572565781945 10.344759710788 66.509955200967 35.888220204159 -83.800201095573 89.528068516712 17.525634780072 29.851197164793 -57.023917988425 38.900856636986 -60.584057985034 26.608067331556 -89.610753547183 44.062944480186 -73.064649651099 37.094821523034 -49.391534171901 -22.759393108341 -53.550776929157
-3.5479180018784 -37.235478509746 27.138735980206 -33.796022699622 12.030116112007 -52.095423482648 -44.678140992363 31.399575392414 -39.398082552876 -55.39087727181 -22.382197366679 73.935730752992 -21.574691507989 -75.721223575448 83.327265898639 -68.471855589158 -1.5187329026644 -62.18643006192 -7.194225833411 47.297562753458 -73.905373568562 -66.303817914633 -33.43461542839 -48.424226474104 62.252027907448 36.663878579904 35.326053547481 -67.171522062811 -21.024810521767 -37.442192375153 -71.808049435722 45.696414527878 -74.497940956377 -83.648120784653 -3.4824295185553 16.433817190847 -82.395898895784 4.0785787881861 71.886966373772 -54.35354043565 -73.410134297262 62.25317443285 37.333280183685 19.557237416205 -8.5359351230255 59.580692043925 25.770151151864 -41.522327764743 -51.360958072058 -66.169007286758
-69.23213371908 -2.5607421674065 59.137384441047 -11.378821424237 3.6989330529708 -62.101701306097 19.677677907822 24.707672207685 3.5721626933238 18.657262259759 65.353038833281 17.394196825398 65.622395573937 -57.527789924879 15.747461794714 -64.541398204093 -18.758956134207 -7.6657331687231 -11.038270154149 30.772881903056 -15.129008002861 59.965514070276 -86.804267751768 -63.228413743027 -52.877681380436 -63.668776812986 44.671131058932 -8.7356754393786 31.393986626898 82.336396594596 -27.943125557635 -49.976690063162 -7.5894464297087 60.001626975335 -49.94734452742 49.741307653547 76.912044498294 -11.227865526733 -39.466588473788 9.9722919688736 -47.82160233236 20.319631067698 55.309299008101 45.034586865197 -73.046928111601 -10.057669276442 -88.427905887113 -27.147638790955 -1.478629279388 25.163158964869
-40.976013633121 -63.469564330984 45.459053090112 -80.422852886738 -74.781398058812 50.289891951796 -54.047525425554 -28.490615809351 -68.780414622668 8.886762584658 13.040002720781 80.242393758627 1.3642503230962 21.35734064983 -39.692496276291 -58.539452929006 -53.719512832033 -32.148802994608 9.1258040543005 42.650096069065 3.6346674564775 24.904471283541 -12.839771095008 18.499875699617 -6.1599111750961 67.160648344263 -12.988294416977 85.681321703141 23.076731305308 34.760325181846 -57.880104950245 51.225351621308 -78.24175207636 -71.249959862422 -18.991859222285 -81.245365253662 -42.013918319052 -22.100246985363 -88.052170077316 -31.500579287319 32.160392309409 19.997690708652 1.5365306989346 -80.465189917698 57.018756016846 77.1425361716 16.431179373009 -57.800884521919 43.016504268833 -43.910606222836
87.016056656451 82.75978478831 84.916254786779 77.209528239149 41.518773635562 -51.352851407187 -15.710878457988 24.189200129877 -11.683521104409 22.189284575463 10.055285094169 -89.910468145508 41.331984415211 -63.086274848228 -42.169534946647 -43.838791205711 62.110835597683 42.167261759994 -73.608095008778 71.986237212107 -75.57004666708 -67.924935373352 79.249723892574 61.82499876872 -36.814393496705 -50.417673076739 5.4141525449456 31.563432665715 -38.77323113924 -38.966876244785 52.60391424483 64.988267014905 -27.229276140411 -61.401356145044 -29.134616941153 0.58517766953466 89.845437099796 -10.753888592956 19.278093294385 -16.486166951684 -37.019551162905 49.913959233921 -48.818283487416 -7.8713163790569 72.660931929158 52.923620557986 65.737752375567 -48.420351820023 -28.432255761204 57.114656022607
-22.25657988151 27.673429343022 75.015940340309 34.65725211706 79.931921674304 -43.83587465848 26.375684515153 -20.732655788222 -37.908471444667 -31.825214937511 -20.671734653597 29.828237094449 -87.937973961798 -53.79105922957 -66.967447630498 52.450094267914 74.797788840917 -81.08626484596 54.311978159588 -43.234983069558 15.440335218504 13.220981978068 -42.721362079568 -61.782907382929 -7.7467398646567 -86.542907511482 -3.027740554347 -73.541541497372 -7.3066521433889 72.796068940106 -75.026340181464 -62.951616527736 -40.027321070416 73.831630358389 80.867706648407 -32.211566051453 -47.075699182892 69.965161745505 -51.586297551633 64.270987461541 13.297662501929 -35.645519793938 -39.538503374795 89.204017177776 -20.305827841392 71.254964153598 -20.729144563119 47.841092107395 87.932629114157 -9.6729628194439
49.85733771769 -42.119532071533 84.71794847106 60.054627408199 73.38644735167 60.280637243733 84.655158163878 -67.150263164412 37.946580284739 7.6655051601763 -60.989576940011 89.625530691047 38.567522951708 -56.06732989485 -22.84644041805 26.10314214731 -60.85177764463 -12.494571004406 -70.51415961604 -17.887462102 -34.104824916665 5.3925798182407 74.122541034938 -78.040970539019 -65.187421670845 62.484315320127 28.815576694141 32.351536275 -57.237099627928 66.825718330942 -22.042951909994 -18.479008703621 40.031450104334 -7.3435683096894 73.207196204642 84.446764505383 76.033016963829 79.791240268878 -28.865817279967 -37.230564824941 51.701442187284 -11.816950978846 -9.3684815846991 -64.684531117341 -80.281819535184 -21.674430470456 25.972463496359 -22.838542590236 -9.0252357203981 -64.955477697605
1.2467896647707 -18.439591712922 -27.946740454238 -80.008268740085 -53.28011130792 65.6151080714 10.685984046532 32.752646606055 21.597669875472 -1.1848892083064 10.057108624905 50.962491829658 62.291619883383 16.559759503754 -79.703384593444 -69.781031517338 19.303611130593 24.809182653645 26.429688877295 58.53248009872 51.864425445554 18.795864134915 -68.252355475563 23.351918785142 16.700056167281 -12.931994479874 -82.126221165089 -62.396524497966 -85.033559020982 25.568517964233 7.2284458604626 54.078260576823 -62.498427424064 17.495775148451 -79.001940371517 14.656128843625 6.112785335801 -40.517290831183 59.011136320332 -58.876401867462 34.596370377929 -45.779391373591 -5.8377940018569 -73.359990058991 -74.360461154993 61.302315335678 65.492787936562 59.056006014778 -50.529400186565 58.366017306398
78.724486245195 -54.558345522532 -16.701769560865 7.1616742835028 -66.156169147203 36.247844849727 24.051452940139 -84.350716861667 18.620831502224 -73.2373455587 -35.879425479261 5.2072062106981 -2.4228863378037 20.977396972947 72.842906342492 -9.0351564732765 -8.1029374848951 83.749606971572 52.56297712297 -59.73576518539 -83.59520678444 -30.143190152619 -85.271025629705 -19.116224375962 -59.167719542507 -47.304344372749 -73.727341015112 -2.950466826603 -21.401800270971 59.413771029546 -49.085642099776 54.091795243694 89.092108527756 48.627269708067 51.870834761024 -28.102235675172 86.114290704301 35.869947299702 8.9727604611967 -88.899116715326 70.943393552006 82.184363964225 80.236490904712 88.163405083539 -47.532351637109 69.665832467308 16.126437026534 10.821331727491 -34.592672149231 58.421673345069
-53.362664007 82.092660744984 -10.134314810266 -14.946486828784 30.670627996824 -23.918072854972 42.242096037542 19.705510994737 -48.944475108888 -74.593411620102 44.254647717832 24.66408311289 18.844952468131 -61.379169178195 -27.867282914227 -18.720401978543 -12.20471714791 31.829435891302 82.658490144671 -13.900920124232 77.60446180148 -60.613137924315 -23.947119925854 -24.385480581855 -89.788310638801 -65.12518551819 53.664450709505 6.5198451542407 17.383662025157 60.121144710718 -58.979060743017 -36.320083823506 32.975923859943 -70.298902498391 -74.381236783825 -85.553992465154 68.838909661683 -42.438292339281 19.611386242599 -19.510860732602 -84.029588348198 -41.46579061764 16.739916557709 -0.94817962546905 84.762979283476 18.089058619245 6.3770247879892 27.48362159062 66.301133938288 52.822130307527
-24.460263901311 83.66165602891 -60.732917378196 -28.036136497912 20.280698036637 -11.042710410826 62.514048033586 -3.4024270818254 45.785629035917 -87.482115971723 -10.843488523488 84.759862711816 -24.310191973392 -52.327867258654 -33.207169782133 -25.574227120876 -11.179799569748 52.314429537904 -5.9460610386589 0.76791821078909 47.340558299006 9.8470313180119 -2.8175568880185 67.501731856308 -70.265847925801 73.643971162463 -31.142393687233 -34.77643837352 -32.582737066931 -12.782420275349 -61.863783368751 11.526476174492 78.039481453183 80.39079890034 -13.555347265163 -86.995938069372 45.086869057909 60.237839108377 65.098419698812 67.090474975729 61.467406011006 -52.943215893307 60.490271993242 -35.636540441142 17.596649849887 62.480520248165 -55.303554129718 -45.361065991703 -36.100281002558 -3.4687524104413
-51.522843295947 7.7850693257691 29.501038014297 20.685460103175 -37.184156980594 39.243304313648 -71.288824236456 89.345876508114 20.845548545159 62.062655755378 34.282496891565 34.931791769354 -19.518962010345 18.50917031785 53.607008356464 -75.59595853139 1.8943777063419 34.560650599427 -29.3319366367 87.486463231404 -45.095057042505 35.511777803364 56.596346411447 -30.160746082893 -37.919703944544 -69.366510147553 23.093171417493 -61.651361744141 -45.626311813677 -39.12476751197 31.101411571381 37.043349739906 -65.153684624111 47.871399416286 -49.996007621294 2.8719296704503 -89.349757875103 -82.084044709314 88.233880891811 63.83652897445 2.1535494013565 -38.253820776937 -76.532759112786 24.157246784461 -53.865601652499 -0.58315293307069 -42.349444269366 12.960322418196 11.671498974421 -88.39822983078
-74.581330230787 26.221214172491 -81.670878046112 1.7773856826932 30.06531635492 5.7264711309123 -61.921916912962 30.921022361786 -17.70920144242 37.765383065946 43.381971379476 -58.057919529982 51.283590127466 -7.9040381945207 -1.1285488391059 -66.214590413707 7.9601800857567 -82.565618905395 19.583184047106 70.952682426764 -5.2234363544937 38.995472403508 -68.778325347318 -49.016822657984 24.722057023807 48.765950587368 -37.542544261264 -3.4143391282676 80.821248724446 -75.987380877922 43.061775971203 -82.979778336997 81.552159017342 42.105771231641 -51.198818786118 27.939800827743 -6.8731504830888 -5.1590972523687 -7.5307924789737 -8.016348892274 70.410081625692 -81.091945281862 0.14767418038799 53.049716765146 -20.331749928855 -16.302358337916 24.992157282064 80.345217366157 -21.961070154791 80.594991343847
