72.0560927893869 -11.113703697910893 93.23645996528708 34.46254860309463 -45.867983221705956 -64.2271852628471 25.69888989146878 2.2058631449463064 26.412070454794858 -32.08426868595579 13.716562078394404 52.6553932961973 25.931382613160082 -49.90951355181667 42.885894540515665 44.05505717604859 54.61758671893199 89.60513703912994 -78.67244341262975 -25.158449952324816 66.54285820000709 -63.039435812811085 -14.191167529193223 -79.34712228247709 -37.78531606872264 71.51920442364505 -90.6166168541981 -26.60158727107975 53.4026313909545 -98.48645192343241 -28.123950714965503 14.707436589750088 -36.45342660909778 -53.05299241370358 56.87457303618987 -37.53094788714233 -36.30329570513013 60.75411819872534 52.8458245853802 20.48658533294146 -34.150623844081565 23.903955917647338 -60.390992924575684 -94.9504928191738 32.19629637254124 62.263123386508255 78.320857697593 54.645130886423146 -69.4348257396962 84.55605429422727 92.86461380732848 88.00904265206171 -65.52728811425715 -67.1558926228949 -27.59380724940496 -24.38374864445605 -62.825827224524055 -50.453504269767734 98.43341911501744 -31.619095874683836 71.2211011831514 81.41279705918873 54.83577306233761 89.93593951225333 15.13341949644014 -92.34190825340718 -31.073380439193528 -28.6090498305349 -84.1979011411155 98.55745413069829 -50.45088131014612 -60.88593480394009 96.36712266802331 60.6190894097403 -6.752856551569877 17.085725735850744 -65.02080851923309 -43.02357012068288 -7.642782855495 -6.664897745409817 -47.99290269656946 -17.36054851939157 29.557656751270287 -91.37308115713508 50.70099241335265 30.50269609933062 -11.188210100328007 -43.17292380744278 -91.07539884835414 -8.43628335619728 35.444246682960284 -27.163552881504785 97.546555484614 -36.13046418704977 -59.332059434858934 -76.82747089673434 -22.153660727297748 -5.230018783944445 -59.052879859140205 -44.63883720038875
-90.48604053417404 -55.920945013618265 -15.817932308821 22.809404568514722 15.557904209022325 -54.12268939499862 32.04796083187887 -74.404639414135 -3.7049066245806728 85.54702810209014 -72.3080647682927 90.40071051445139 -95.49398199799064 41.2111828131591 63.60314313424428 -54.656548399951646 -42.25703185182499 -27.27698365696594 -59.1206387192222 49.20381693073057 37.41899613396308 58.65063824701505 -41.796067693417214 -57.15982243155271 -10.873124570204752 -44.29174860468213 35.13681623488799 90.14587420789638 -68.47541605381412 -53.53859068627405 -42.16922377565062 -20.535293350665867 52.661965463733594 15.129347057822812 -88.19292323660402 41.26604880489569 87.3099443910643 -82.79377011622388 -12.680675376086256 43.523576974223374 98.02113211452578 -2.070994225596422 54.94655755656811 -89.07141263434808 19.874824927254735 49.57271330016516 -10.82115207834839 44.273499595078704 -34.54853224274048 27.61001052292262 -34.97432760403933 -43.813490834709 58.41856679718424 -72.60429857641788 -76.54076659789621 2.516991793621969 -35.53935137527023 -6.970362578418943 -67.29310400746019 1.0173647229446203 89.14818072828385 73.46828589184696 18.320238456977435 -5.663905340032898 -48.39562056955191 -55.85127783852675 -30.658531570214635 85.40213738680575 45.5132315411484 -95.92049777927956 -12.346241446206534 57.15145135986671 -43.563114104550785 73.24369951529505 5.4665099354972 -57.779214597789895 74.52882678118274 74.82273223834227 39.31095981344723 64.30676705188392 40.8547068485334 -95.03775867415023 -60.18420871957759 21.792372965207264 74.16900102027716 -25.616593058734054 -65.38293530021045 -84.71274305416128 56.102725399138365 54.164520711869244 29.551620392808786 12.31138298080809 -10.761016954924557 -2.894968524180186 89.5074559764775 -54.60670907008218 52.94676165853775 -0.19979893364987333 49.73733321009078 -64.79295487479024
98.41897805834932 39.870502377154025 -76.06699307328759 92.87687754441009 59.31447925804255 -11.325028776109505 58.09093132520971 -62.49937535497805 -5.2482136803411805 53.53299810412767 -4.067038147076715 95.2097638634678 -23.814690425739997 45.46020885682748 -71.43669182284631 -52.973497007053226 -86.30306131794426 10.443310875919948 72.413237659878 17.202958455608425 -58.55446232660606 95.35892849198407 14.329089391259345 6.01212704851406 -20.17199853264215 37.40501496907672 -94.63612455770647 73.008905959071 -27.978301460565007 43.80774505607755 30.303984709701894 -70.67059276735235 -27.954872089962194 26.921018353815597 -47.94848524406608 -14.433545677304124 -20.074684280301597 93.81715024361893 -82.44543212102842 54.36292034708879 30.94857002807754 16.86336992294946 -49.326836965011545 46.056548068050404 -86.07471129867332 -55.76198507349315 -4.926426651341615 -24.582756973264267 53.227038897640824 -55.996047036394515 -61.208843895331434 -8.79554730973257 -15.105824475717952 64.13427866562608 56.85982992267816 -69.29513319385181 -65.22511145964248 34.35856645779745 43.29079196751806 -99.66160984537169 83.83418879562444 1.0136589328409542 -24.134222944331725 8.162367164530693 -28.23350138775848 8.849413250227983 -97.96050392798092 -96.24425808968556 13.635623843165078 -43.18547600088336 -61.129450385602134 86.5492232034338 -85.85669875029089 -49.38535026100717 20.942827910896014 9.349663224983786 94.11646608625702 -94.44516625435809 60.32671931431605 -67.3562051636008 -29.423048291462408 14.076889342552533 -12.092148539393932 31.143635593615898 -28.577283644014727 18.510517559716448 84.82366440098443 95.65536487771345 85.06585037690331 38.544437335049054 18.475790900278284 -9.405669792226306 -53.517383469956044 -51.48689326733849 73.54429930486899 44.38172271517854 -51.015514844481416 86.52925509467454 99.28800901613766 69.99533219918678
-58.80334786910992 -28.7828919699177 -9.770268322405684 -47.7663270145769 65.64983677600028 -31.37017233637785 46.974320803523085 -8.943044038831928 -83.67302413186061 62.12788130958381 -95.8013011864028 -87.00963249774556 -67.55809633156096 1.007005514245236 -72.32854624040026 -61.59149176633441 -78.51566525883217 49.27049964376505 91.0929679109311 -25.384863682257162 -76.64511689865265 64.82446278564151 35.52777128483481 -8.569069379773154 -84.61294770751284 2.041711374950154 -2.506874733435623 -71.6779066882238 44.29012874504568 -97.28725360510457 12.829111483269685 13.155912699353706 95.6259332159519 15.796072783805684 0.8513959915682108 -22.912634077217803 44.639286289435375 97.3156234750945 10.122888644611237 -36.514812598461944 66.24656666408254 -50.292199812355335 -76.0360834182191 -11.70199377584747 18.26995398823979 -99.22827152695423 -30.185135798873205 67.10534398916482 -82.46439583337941 14.533304510863275 -2.1601218600856527 -0.6423734904725791 -50.61404484822225 64.24354446031904 -2.0497663154696255 -18.454780370706757 -36.09931746565876 77.13703754729912 52.8422680902118 59.83177311174475 -10.380837225371224 -23.230759806229216 -9.8179693312904 87.88606884796997 24.73035574680003 -80.72945797450495 -50.87765858075741 8.73753299682835 99.76123295088962 67.278983967328 -49.22399487038793 -51.08016751020268 39.36601113622288 -56.81326756702685 -77.52725787596228 88.4309066977124 30.96088861260438 38.77402077514046 -2.2577462154350627 -37.717497470336816 -64.83550390038344 -87.92198243782062 73.5222716877864 -69.77804256942358 -92.46644064783891 -18.496815711836277 -4.756743277617119 -46.61875597067811 -75.91573867538855 -90.05050276161023 0.10240664680922862 -42.05860640339869 -42.44517702301553 80.35469814517725 -44.50897117922483 -63.536533274465334 -56.270213378173594 69.92529389636161 87.49488234797874 -75.41301252812171
-96.43176197986025 -45.63137482964885 -37.85351323533537 67.56565879671768 73.61967382795635 51.93548018394765 47.88563590105298 -6.76782470019306 7.316333176117979 75.1782622491202 -77.60812827168637 -89.21200558492902 84.19380016023871 64.99746713031158 -45.111971774606154 98.95108930399502 -33.449870000979004 -98.59188221625482 40.80076610982317 -5.457537893747315 -63.119614463835184 31.18172666480791 -78.83820201818781 -28.31524308227948 -8.41521374141297 62.72145700298043 54.394152668742635 51.03232444104219 -88.90744824898067 19.89122411221797 15.39768441624662 -85.83264127522776 -78.23995555798896 -29.922494589284042 92.05810716353301 -98.33349921641998 -91.50428659652911 -57.584863969189605 -75.45666994520639 64.95972482446092 -80.07406626234152 32.850890324144444 -87.66731682992668 -28.968659559508154 42.31173682067879 -96.62256755129475 76.73855895572893 14.73583990335328 58.208786788103964 11.561214831789442 73.00675407375292 -36.52012781499949 -70.26521229154714 -46.60619819519525 26.49574162063189 -91.14182687083603 -48.788273744158836 -38.299558667020946 74.51851055827552 -53.383590788740754 -94.96606286220026 39.69905565952709 63.85559786346221 14.977134042334967 -0.39066067916218117 -23.678066430131935 -5.208190919870887 14.37174007357764 -12.264436110707422 -22.936167457720387 63.014860399696175 -51.232189629191915 -57.1012993192632 -8.20336595775953 64.2607485394633 69.02195936828977 -57.09192825286949 -24.256425797039498 13.423539401575255 56.33840458734642 81.49091397064126 -15.192011566732575 -27.21416346552769 -99.38124635376641 56.660447096611875 -89.83852050590863 -40.6182970409803 -33.152300783313635 3.4446456914771773 48.1288095539208 80.13003728123246 32.702270622676764 37.291624448312206 -6.397063712669322 -59.12889622126989 -70.58518611960042 71.31434808187171 -76.9734229951871 -27.701914180086675 -83.95351579725747
-91.64413519018318 10.984876251783419 72.19307024800935 -84.91162923611492 10.1664143330527 82.63535680645856 -14.919586976425109 -29.197228083291265 10.474931648399192 77.17813884002032 9.24678476716727 -89.10440808743229 -41.97452510852866 45.18934030891856 62.998589750924424 -36.232255752285305 -31.64884398845045 47.95752826967379 -59.108218037427164 24.88519656390757 -18.38671956510298 32.631404099838335 48.65021464891447 -63.54381760576145 -66.80191418354049 63.68923723806935 74.82414396788982 39.02435266355798 -78.70767305510392 -64.96528247447071 82.700402513878 70.26836665711645 -31.354289134793206 -20.381257881488295 -31.342840685565278 78.07760292728472 -48.5434378504493 45.21171327523405 -78.64831027723413 89.47618039464408 92.52510658945684 -4.456902704589339 5.671418908552212 11.061270928318038 -98.5832776446435 -1.067841294090826 -48.89558828339398 -19.336490606762652 -44.669747452416274 45.443510575049686 76.64426052449039 20.81213696975874 42.79582006495815 -84.59292383151238 -56.5213996570258 -91.46762433922598 86.51091393394313 0.13003142842067916 -24.04770796674518 64.1572173802667 93.51213679470828 93.15070191963594 53.54329230890832 75.36541703473 -40.919224217930214 -36.528454297497426 -27.021932536804627 -53.698945722762545 -10.790133045782511 -31.67141064858498 -94.79672164953841 12.935645243879861 2.9270538954972807 -92.4698150095367 -83.02374770530132 -50.321319067754565 49.36229167289315 -10.7688600949664 44.94894827651177 -22.898377839737122 55.68575060437345 39.55384836996183 -68.11187190491324 14.80771464574913 34.83704663641413 64.97443879589198 -71.62135269637065 4.77417126211428 81.21028311563242 49.04721957783937 5.120214671920252 -59.818479130755506 -96.22826978101857 74.4683884432716 30.57123557174151 -59.31413971913935 19.83381604783196 -97.4256377292328 40.94070807600224 44.833210793208934
-98.66627688437003 65.17033501696423 55.70639827468892 -62.43896133807378 9.441328942852323 -13.966216913523027 -89.91801310177188 8.542221933780624 85.61044911796023 25.849710611443683 -13.74468871809978 -61.03437916026826 -30.84741385982464 40.45527080846222 76.32207679392832 21.266392572852325 92.18800298532827 -89.72787178140501 81.63680298400891 34.254643433117394 50.550657877581756 50.86818921954463 13.455332800582283 27.830879888749948 -88.10985415613663 49.73422391583449 -7.726796012163987 -37.427313066170555 -14.85790718542792 41.01737426442199 28.3838560395331 -12.650678181924533 -3.0078594300520223 -36.429111766033586 -89.05859636100115 -52.8126809310169 17.15726639818196 23.208950692116503 21.741591232605955 -23.182808650665507 44.90318547438227 78.73957366658769 -59.70928913229692 47.33880346033851 31.882041958006056 -27.162831677141043 -77.81141884605141 -27.55633294229692 32.97266712290639 -93.08196815111778 -93.1461275788939 74.25999584354946 25.048561121044827 80.03990918289924 68.97527108928253 84.81473880852454 83.12484709887119 98.4502051273941 -86.0321697996143 -9.93161605061259 54.40637376978549 56.23766091961315 -74.89468346300414 -35.63070285386436 -99.19231402569399 64.20433004035189 -21.188987933765333 29.132609973475155 26.818373761158483 -35.64330429981699 -27.725932904447163 71.91183211750896 -33.676974477931736 32.57308631175826 -32.08704749380122 -98.21808762645323 -48.105385763909766 84.44982021253344 15.596248856187088 -79.34752646915773 -63.32523143644886 69.96200522016213 63.006880660791865 -26.96916202036435 39.91361640886021 50.38775777000944 26.70717605212583 -71.50832661760948 -26.6503506735923 -34.79475571945699 64.50173889662426 82.27722606740673 77.86583983067126 17.96742584919633 47.39071121095279 80.83849695440918 -45.5864198735422 62.84850879847886 -81.74024441891669 41.46060661689094
-11.646634335515714 34.49806328496345 83.05234505316653 -36.67018506257143 26.005802753989542 -37.98061545199347 84.46231629750406 -43.16213948224195 46.16647209146652 32.57136039612041 15.177631648002546 81.28168220778713 -55.51052553272715 -61.31314514341515 -33.42748398266697 37.6571493061148 89.9655817700766 -24.862817825183356 -80.28239252204796 50.48406857960862 -46.00968412966009 28.91990078071484 12.628835751258507 -16.16647559578199 -29.291091063387185 71.26215078353155 -80.90811520797085 30.089457165861575 72.41212881653377 13.316937860401424 -80.47213942551977 -46.34684768089776 -25.232509578910367 71.83101891172214 98.10021520224498 -83.89530171845962 91.50282634803796 -39.09670276467874 38.72124301939027 -11.760527256883549 -50.144403118546755 92.64981763066834 -6.722628313732045 37.48522934454667 -9.016635592289603 53.012858357797256 90.01264608305107 0.3539764434148651 -29.67525559206547 -67.78877961003207 89.29078696032755 -47.41167833549662 14.620710752346781 -79.55888333251772 57.612782168605634 -18.330003823389248 -18.913070044789748 -62.93861666995677 13.86676938940343 -41.40966598918485 -35.51882611882442 96.79491866692248 -63.9719973359647 68.79889878389514 -77.04366051143495 -77.15937513402318 0.017855261434476688 45.491102451062915 25.885788081055665 -66.85102492737377 3.915390278236174 63.531056267924185 34.81749725278593 31.15967049157743 65.48374004418451 94.45068732641994 44.518174769845416 39.53350869697866 -60.84015092160373 40.95993590396165 -72.0574397122135 -40.324079994575676 8.795541031173016 32.42411967327138 30.377983313454934 -49.45961856123582 -20.96181465056877 -83.92998362386479 84.54877787145034 -18.930558140948946 52.159223170168616 -73.18504647918537 -72.97384686604912 95.09076865565888 -22.790615290079714 93.15913471948019 -29.564895751769 76.4701236700019 -67.0707558830305 28.689111658971854
82.341436180317 3.844405738001555 4.020848685057473 -28.758407041495687 -67.66722909263771 -20.38026140780393 9.510709655961563 59.82247651108145 -66.91813010781277 19.75989803053224 -6.3565854999011435 36.59843815024658 -55.288525993400306 -0.8162827898673015 27.91899529476565 23.728255111033263 -2.1934858401015447 7.248483389928936 -55.941011967178554 66.09102059071142 -77.30687848622676 -65.52040138896685 15.161880763829558 -22.22680347771984 -56.376956380484856 46.075872982695074 -23.905356893276974 32.33624649765906 -27.322533652617082 -3.3494493920784123 -22.421110204280353 -78.01328782760568 0.811807279616005 55.320972980243624 10.540985085387206 17.82867984847188 -31.422934642514306 -16.33950576770684 82.82491760274326 7.129867922277583 -58.979001896014374 26.829359345275435 -63.72009194192356 53.09461462595851 14.561540728593442 71.47807459543793 22.04524285996952 46.36076541879248 78.62943198483515 -19.53573409963157 -57.23250275066527 -67.7773484834451 -28.04737211327118 -21.255332823687326 -72.7464365149601 -57.277878442221144 -68.40909238977773 -41.00355351254932 11.521264265512741 -11.706196938876175 -75.11861605841955 -74.03482466503696 -49.84241741564863 42.20919514320093 -85.11093101515435 61.1958926128749 -74.88316700215904 -21.2714754907783 87.32479454053055 -74.39016826180202 -92.55480533894371 87.6643308419853 -14.32709791020308 99.40921253962887 68.51905739699063 84.78746863682989 64.20714412971472 32.43608227245451 91.70858961417409 0.15009160222440698 -24.197477003343053 56.16666901304413 13.606774181218512 88.90268314992619 -7.8167251723024975 60.49475155437952 -61.59393782107176 70.37632369270125 -20.3348892496912 66.1269255929164 33.967943155836224 -29.54040155694942 74.67682713782025 -61.077095364530784 12.049006466395483 -65.57878179129344 -31.444128457842652 30.326282850726102 62.03841930654315 -11.269437720652476
-44.518638522383604 -29.89774706608199 -77.23208748567163 96.47458993250379 -50.68861416283652 -0.016491294986536786 65.14896161159669 16.601812193361965 -82.85242523704217 45.70802461188504 -2.5362357254131496 -15.073809407208458 98.51155885898919 -9.828891371586266 -12.916314350392625 86.86770298118486 -10.50550528995808 45.472145243508834 -9.497192283107012 -55.61986839523576 -69.23515929427724 -11.977584737621186 79.8812152011646 -15.403984384091146 -59.19034583054326 32.71080589949818 79.76579169121396 45.72147940546165 21.037002987663442 -27.638816544138507 -6.5763174012146095 -42.68593512228607 -32.93124766934628 -47.64630541024306 5.448789902876385 88.44338049625489 -18.294829423869047 47.795635577571204 1.2781011771209023 25.12911520239676 -25.7337112870523 65.55942881450383 -16.681014871039807 -62.374205413682084 10.150078497078255 -32.55020387177139 85.93091051688376 91.4572048334771 36.699487628095056 35.27460610333861 -78.33194307138561 52.55876187166325 11.49385959922084 -55.88241082147489 60.98646726630065 48.44477598025992 -36.392628797282136 -36.118206150442454 -18.792078366145475 70.14460628983116 -98.15693699060479 0.2308887903712531 49.34153854911264 8.900582788360651 31.007775547420636 -41.17252732477896 13.109480601203558 60.728081293136455 -65.13012420836924 -37.829393840933356 -64.37809103768566 -35.17719098236576 99.75084281378759 -44.02547867735702 16.135604732153723 -96.75766632773379 98.1020986093269 -0.3588353983771526 -92.71126898304023 39.70871628733994 96.5417411932755 -39.975937889640804 -71.03591426041393 50.97394018221769 -12.670138762611643 -84.74244701064146 12.95920174420182 25.330908422750525 97.5951828437911 -32.528789539354875 44.41078176516024 -17.111555209261383 -4.821595642722329 11.966226238501804 -56.5613251682076 -9.582728300278774 63.877714978039336 -20.70161950041826 86.68244075794237 15.689584964458135
42.9350594891705 17.714444981454022 -51.625778225783094 -87.74732531537293 -37.253395697998506 78.29657669551827 9.909134013135358 42.90888896969406 -96.16409794906143 -19.716657039721113 19.731228002767537 6.315307282691762 -98.55714770940445 62.60498419887804 88.14684507343523 -51.40870106241513 20.62684321195877 -4.906488503192392 -12.456088027797946 -14.499965341312262 -7.377172386416703 -64.87732116239812 -90.79153774566944 23.648422345868795 11.415934240361963 24.541262223112142 10.751056795130268 82.52370602185695 -62.4892632612714 -14.140687614006424 -32.53882864701485 35.104809685589714 44.443216994812786 90.79513382067594 -12.491597992489204 -93.14072488541203 60.970689233502355 73.45514890965282 66.95872268546432 99.18746006829613 -32.09747493373756 65.07950923309411 52.908074533495494 -8.142824509534535 -54.99196790561598 -33.23071901169857 -10.399008355814772 -34.06462074168404 -84.22173355723163 40.93507465641622 78.36798253308885 -92.83126953120988 -37.93116439136237 49.681653306993525 26.22753536717586 78.59595792229513 70.58252192690483 98.26509348684473 63.35362846868182 50.00124805995881 -98.6578905431248 -5.864155729930005 -6.122193043416587 -74.00935876420382 52.60179149307052 17.66141451442411 68.64538495990655 -15.622130427210166 65.7954470577624 -4.054068266415385 -55.12900018963662 3.1330201218300147 -33.97820370643936 49.567306307607794 24.658854508838985 30.636067739940756 71.60916812711068 95.38473780546138 6.415325802207491 13.595590775982373 8.17792044738097 -23.31019157773413 -27.787789649762544 -53.60555328866463 75.8810111631783 -63.621735685836086 -44.614468354528626 68.3125652151125 -35.71063533873355 71.863705939082 26.108805500801523 87.12755833960583 97.18978295946005 9.946474535482608 -53.199465425905856 -76.29800541646459 -36.856146656562736 18.531794009011264 -13.077597661459862 -26.956651934507732
61.917480260037564 -98.36238020131974 65.79310986058076 -4.1902320035110705 48.97696375494709 -95.40947713762553 -25.290204651272035 62.930408263193215 32.29786825727362 -39.6893245898579 30.98099952994383 -76.42606341176116 -49.02278126229207 -8.722140703680765 -33.05454702407977 58.85296941971191 -57.07736079016541 -29.28887700094336 60.86408831536866 -52.573414478929756 -47.56235742244912 -44.77190962642905 21.107804142403722 44.52071747264162 -90.18688009428082 95.13753874022399 10.84446337710223 -68.82960193164978 -59.085878361750254 17.12023149964459 -93.1999204465641 -82.08973116995011 -75.73737722307644 -29.131829888761658 73.43613967604477 38.33227918419129 -40.45247146648456 41.36528892002161 13.596090482573217 88.96494421407243 78.57699741268459 -82.62749363659756 -6.59720280811824 -56.0185875797768 38.627359177604404 -24.48626616448975 12.619689217281561 -74.82492553081887 -54.31659569448133 -87.55338463323974 -43.903625570647485 86.53234776703397 71.92193713732905 -16.81362541570212 25.639814009514268 -0.8622135602287955 -92.46257272912474 66.59340922146816 69.9587545798644 58.810419742743846 84.71321466192936 41.305692171682864 -95.67823275623861 -16.47235198242936 40.96257594421007 21.771489564560383 -69.90577922460615 41.3627289223879 14.8071770945444 -37.0252497825682 70.80587321572455 92.70969777794488 29.9269041641015 27.530575221451585 -39.61507547939611 -75.15608438978248 82.43694389977892 -34.197415661978184 -95.30273425317073 0.7634839631099624 9.034429429906979 62.64821277488633 39.05931789449659 66.36015131971786 59.615458995706774 -28.991210872911893 88.2304271651071 -7.3705267591308825 69.28855027884103 12.05748181432864 -92.41081836092047 61.411689566225306 -73.86111514687187 -63.868525228331976 -74.49806676006429 -44.06528275260462 98.92325845724349 -66.14992940821973 -75.61865633916369 77.35295001626062
69.17963380712473 41.774604171236206 70.54338733824179 -93.18944596238661 50.29631146216482 73.28242112441467 58.92434185155298 72.09400802491277 -40.549957867904205 -54.71221377630555 9.422920191520646 -99.87167265640693 53.69746587505614 21.799729073654774 69.4567692214072 -74.44259377576938 84.87912674272576 67.56559209874021 -12.409963609017865 22.135567541475965 87.06878877297513 96.05513721800793 74.09741502082889 86.58443556713223 -89.27095546946136 15.724760338753185 -78.74962165759067 59.5088466403995 -61.83879842062805 56.13809956058586 73.94106222293357 61.50241426260925 55.014442458436605 -53.46224966496989 7.464425831006864 19.71631406782241 74.83475078716853 -41.03259850245162 -37.461134472298376 79.04803549068455 -46.57999206424197 53.245068500328046 40.68950357992105 -83.92958971431874 55.87340074914013 47.142210443988574 51.25489256160242 84.54444882161408 37.012378998201854 -2.652892828724049 -14.217903688667207 3.7056062327969244 -91.73741308766179 88.81415801739493 52.47717281090962 49.824153847596534 -59.084239511693085 -2.5095310341533263 -38.69541320244379 11.635562217686072 14.72291718140535 43.17975056650042 55.185194527635076 -71.27564316856159 -86.61430916516386 -78.2432804897438 15.988520694871184 2.3937581257885228 98.9906870640786 80.93678711005495 41.96052857080144 -46.70045050325915 33.23865707097647 -20.218623041829176 -93.67950979350444 38.91214207771523 28.879074793627098 1.4898392477620064 35.248333451117816 6.681397919995291 -75.57119369549166 -45.84308470914111 83.94469416272688 -83.18584320947078 -32.24911985781196 29.02471942011988 46.5775371460586 43.732479012546975 -54.790688564647816 61.187645830721294 -16.554236390746752 52.84011771644734 -63.65288006225735 13.749302739524154 -7.641929756801005 -63.07446075661136 96.07239208523862 64.92625471076363 65.4711970986254 -42.712665684242104
-95.1295915410191 -19.816737484002587 -63.261731131713205 -37.368246594125274 -19.69263823902854 90.54937122369836 24.985214120498128 61.171174190607104 -90.37023813432579 29.81602381393327 49.95246121335731 81.4954635350889 -19.91516941632881 -29.337184021771122 41.89860367833674 -68.35452187665902 -71.16690986438138 85.68770794490695 35.724584776076 66.67371467680596 95.29745487081976 5.262532459436329 -43.220456103577206 55.00917865341796 94.79638067164473 26.985694723655 -51.31626036490458 35.213907848163586 -53.959750191647274 -21.53692168207006 40.87894375281627 38.44899716282393 87.40275443083507 26.23784686463155 31.558476065040992 -0.7715686592875812 -93.40846951418504 11.297965220807683 -44.419951299486925 30.338829280990552 74.68855830666607 2.7940253405332385 -42.13652011373381 26.913249458353206 65.53327379909163 13.766885490106716 -8.900120731078559 14.698831826398688 -48.47205306595688 98.24771503299289 95.8029463078839 26.063323951595578 -33.828747289815425 -31.037649440508574 78.52952897230466 -1.0709009973094226 -7.5808242106516985 77.69059158356438 -88.811372793137 -66.43182861013268 53.9345960007893 31.544585129258138 52.06883456526023 -94.08874845438977 2.944372611561647 67.28097491911953 -83.81603933935584 49.60507772625735 -44.64689546563698 -25.833146446691416 50.5785191511776 -71.10359573527398 -43.222141097216735 95.13403576213608 -17.255886818341622 -11.87848170789782 -33.53767715581016 85.12567710880589 89.46762863265258 5.189063371138019 67.46365572727683 -62.67251241465783 -99.53890202247473 14.145628280457714 63.39797217446994 98.50763012834577 -97.98245452174454 -2.521735289689758 75.57679279497944 -14.288071220966032 53.24405659156423 -59.57516487827359 89.93627438191749 -9.334803696263805 39.01541212243049 -51.07774621745831 33.39218152155658 56.671427164403184 -69.65307412712477 -82.23045040377784
75.22483936383429 75.53302196024745 71.3732227368657 -81.9867583031227 -69.94679139428911 11.887472250549209 16.248625326011947 99.05006044792839 -34.571223706990196 29.403344387076544 -41.87721860746281 -42.39501655161608 -11.673673110407876 68.26983801526904 47.744251896042016 53.301456518785756 78.34749337177135 75.83729189024001 -29.44988417755137 -90.0989174772979 64.7301733679254 14.536360767375541 -84.53723569863385 3.0815461156624764 7.391788089979954 -12.645872840888543 30.66429835451899 99.30852118363907 -85.3336081375089 -64.60691961646674 94.38920270374078 57.721847386744486 -27.88950585134711 -55.02804066917 -94.31352734996314 -23.578557115636983 29.284629190457935 42.01734330983865 -86.59646762471047 -52.681334009529145 69.7342799163819 -22.41325019339753 40.81254884699928 -33.424966520767654 6.926387438738942 20.15683879628574 -23.46586568976163 -50.54984989585296 -22.113335707406804 33.80070136594611 33.326139544605496 -5.493147197485172 93.41655440860401 63.46256542813802 25.771910968240917 -49.054739139348015 73.54319227264767 49.521113317595166 -89.46262171460725 -45.11247777634346 82.55974839482559 -94.10780869804995 35.52896391569587 86.79043023428275 26.61460233380322 18.886882775072735 -85.54423799031174 54.61695097147248 37.383212317424864 -78.97828008904801 -36.30547423723534 -92.77046448573383 41.656952516502656 -79.51580378098618 -40.12343944762624 34.7103597146706 -23.14559319238876 -19.427160226560076 -90.6730795434798 -35.35298879894242 -94.78425077426418 84.46776475798976 43.29418580640697 10.678777893419607 -99.49592437907766 71.08016405006501 -79.91150079711474 59.68040634620729 -96.25860762617349 -28.016015805954808 -36.82160107903867 -14.410367006671734 -46.1920331788217 -57.523267932410384 -55.29350187740416 -69.08136037089541 39.57450143018289 -78.5062637880269 -70.39448650137632 57.93744451597735
41.14167634262952 -32.13021731366308 28.539877148515018 -23.53340187276747 94.01186169736005 -80.61483559230938 -50.04119224579806 -79.61663981944973 -77.03231752031144 65.32233972173898 29.142518443878743 -81.34715392385831 -45.18377773197373 -96.19431839451997 90.11948440680555 51.00890051764989 71.1317962261572 -98.47100777165463 14.994708050328413 -8.02794329323298 -42.383193594750935 -76.92789628229926 -13.388567427843313 83.95014072002004 47.390832993708216 97.31726984380376 -13.352070209408367 -0.9257554173616569 72.01665185945518 -91.77329432077528 -23.589547632601366 8.654119723328591 20.456115976368608 -84.97249198858808 81.41455992779089 -28.6934224759315 6.878146521395095 64.20990316806905 65.51600997943109 -81.94875242936675 4.289120891662222 -10.265003176155744 91.4281163459597 95.71119735178252 66.51992611049721 -11.555351784256132 68.01569731264613 -9.104572004760996 -64.96606033162809 94.68387483683529 82.03947803967381 -18.577532205511886 -59.84467843514489 24.032071974905463 29.028522018612165 -92.38066382385344 -97.12511348092254 33.70051923045102 66.02705351063747 -5.87272786109807 79.73458945903846 24.221670355206697 76.27142212812385 61.566866398945166 62.49048144614113 -71.33712584403366 15.920944029109734 52.57599096169622 -2.2130218673452475 -25.849718407663346 29.81266390253279 -92.063997948606 96.38474778654785 39.70770053400332 33.99313694608145 28.217586150032815 -98.90767614562266 -33.49879026422697 -67.39185906346586 -43.528621391604496 38.463635113811165 24.904674557723297 45.45623527775726 -38.97844742772871 78.67367676304198 31.238375741303003 59.15636194048207 74.53374774956328 91.96595576870311 -30.10330828697414 -99.914859889388 77.71310936800629 -8.349270853712582 -68.16783655901733 -93.16963820304656 -54.23333059001734 47.37315165388097 -9.581974249221219 -30.837920248673385 -63.680276403151346
-30.3797909790337 -16.01156251465794 56.452677301421886 -98.88468822324894 -63.71943476956092 99.1682352224949 -33.84415515732273 88.70893198997624 54.874397101524636 -25.183719199848028 78.90824596686997 69.46211890014786 -19.880840723727445 27.06940112410932 61.00057665380197 -62.28208026321831 25.50643818022931 -34.58324247206966 70.88386315670104 58.21405358366093 43.62973701149781 60.2389979742683 -11.877210097259635 9.398824380102127 -71.22242750957761 -2.2581065491822585 -20.432280441002447 44.800120278091754 22.7698648327831 -55.094526997243086 -95.74720972856848 -93.55109669161936 -3.992793278240896 53.815943742178206 25.372823745750736 10.854992658317016 97.42702851206715 -18.179149260575528 -78.19794008935159 -48.32502928936655 -52.829583472166554 98.28263741677804 44.98637948317196 -77.30368817211588 -43.00981220039692 -61.25938475328032 39.059619428695186 -43.61112242871585 58.89511062761963 -93.18319000020423 -82.79971831379503 -73.28677942848748 -15.406155963737518 24.890093746126894 85.97298313113657 -11.358694236049786 91.99603647164074 26.824199870545073 -49.551123571097165 98.35169681513531 -72.6369594910565 -77.26662376983066 -97.42305821658232 -97.67962338042746 17.211585451928187 77.44373284258336 -82.61757888439858 -61.51294508419278 -7.215019076966669 -34.145023221238375 -40.193268343746745 59.73256151846837 59.159956500153726 30.212317869054772 -91.58149392072391 -77.6168190466825 -59.34750074363087 20.67207106421006 -36.54169281699162 -92.7250158550932 -19.507788499872603 -98.45678452292601 -19.278192011500295 -47.186352826982336 -26.88221851336074 -84.67326346412474 80.91388679416158 -90.81379854217172 -45.37266879607853 84.35297891857161 22.687545768857447 -87.32569069975598 69.71891001404742 17.17119779123246 -39.9638659227598 47.35630147296058 -42.91464318859401 -88.20369583916496 64.16523222744729 37.31324104350756
45.15686959655872 -23.85384829453558 68.63370672623032 -63.046819283804936 -39.89509352940151 -66.1380477195455 17.71409077439141 -4.782254985881835 61.94296466120841 56.08166621396697 -36.23840438021253 -79.7089447750343 -10.44731031993014 42.43816538833815 99.38713595069171 48.566645881594184 -11.246818961403775 -84.03572235975665 2.418568655366343 -95.92905252433626 -95.33275634195518 28.783203804373812 0.3559590075198571 5.694752680900294 -77.89101485918906 2.3555013636630235 -75.31909827793504 -12.408394958093268 6.585376647537757 -7.686700740581372 87.81017055876265 78.28003916016618 18.287535781250128 -20.142508718051104 -46.0776984791613 -62.98823108877267 93.59646432296321 -76.51231226948613 -79.41357905040167 -28.710083735057907 -84.88703193048887 24.721519109779777 52.73203824733764 85.97441356096829 0.1805013791516501 3.206723585275739 -58.67762106097454 49.28505896105949 -70.5768258350738 -35.41797175981367 -0.36058515123515633 41.915095317932355 -13.86735032846849 -46.19973304898393 12.465553390171877 55.83550112504818 37.7711495579141 -16.721853578720783 76.92710079655615 1.630944543578977 -2.1687339681538873 85.54064438973958 54.228254355440555 -93.26501194948604 40.032656996032756 -16.625331977408592 1.2176942355143723 -26.47311805725181 -62.07568378806367 86.31970770279952 -34.071801643746525 38.945374337454524 75.25438661150974 96.7570841579512 33.15998926581602 23.612426380529044 52.89840552070592 -45.39585673479056 31.9699048010645 53.53719621227489 4.834039632855337 29.21615100229525 85.26051117554272 -65.5106293247427 -24.395657555210093 -38.603161458704726 24.050776047222854 -71.59379970096968 44.63773463918858 -53.29078798984488 -15.540450674803935 55.704496797872565 20.820029452052594 20.69937861866123 54.87528248264434 35.14534390982652 -22.839949893185278 -61.485754746761344 58.147145637334575 1.067153887730285
80.46228024596468 -80.1676584895513 -20.06257315507807 88.08900945796921 0.16343694690215216 45.339219588596194 -37.97942541099866 -79.4767553108642 7.955251655593415 6.441790441235668 -95.11952109270365 17.36767022818566 93.65011322651625 -73.43494679848061 48.5556864421209 79.33113358580735 51.460960785317724 65.24994325991568 57.62235184462142 49.962571616694845 -31.864271026281116 -95.87555899743283 -34.495474662517566 34.22703228566587 34.91742590698098 -45.6240474035285 -79.69724321738659 -73.68331727087394 -1.3282429641897693 -74.91799383602202 81.06518605312957 -35.20795322845987 -10.71487181103376 37.08935090798502 47.36164736325236 -47.177946703027885 -37.776933243779 28.328834830379265 -26.311256262832856 -81.34927030534908 97.93896240883245 -93.55349354679461 12.545133687212171 65.00427306772411 -35.1447689264386 -82.19132538054899 62.4943422320533 60.270442289230175 45.68845804359057 13.803829769724672 43.86043456285074 -3.9254829691898863 46.578918268115586 94.93710763965919 70.95190259550472 29.385980255608132 77.99871264353786 -40.0093543908552 44.44572129292794 -49.070533077987676 -63.59321825232571 53.46710216465124 80.68830692461614 -36.576373104614056 60.309558679120954 82.76410285251143 -40.342718474768404 -94.94630107393537 -89.36521012959375 50.52933420973599 -49.79905408281675 69.54695685884738 64.30236179225446 -24.693519071087707 -56.23690903168497 14.825298887326397 -68.4521370593595 24.10709758171994 -50.78847436482763 7.116058045176004 -42.764586751895806 -29.446124155870535 0.555203667337679 3.422569368691981 25.701303153375378 -53.391871855948715 99.68242050647865 -43.594148076474546 -16.52572805001043 -77.53991630787289 29.16476600546497 36.757421625709355 -93.13667893658588 -92.99658324562215 -81.78878491115063 -4.946291565953629 91.26523253846796 95.14105294771352 72.98824555903451 14.115233246330035
-85.51919678112876 -26.371710944911868 -61.24231525600956 0.691382383956892 23.629867794621845 42.40602681201048 26.247023507032054 -88.19800395122462 -83.96743655089207 -7.8079082806401345 -7.712901482432926 87.58425851054184 48.7391652150325 -77.37924123988056 -32.66579432313996 14.159223467974897 64.16729267895926 -34.15117055497163 -32.21313713008871 -65.69717547810923 -97.40825950094359 30.77694253359681 93.67778194561458 -65.25939237719896 -94.53523773171668 -13.055208393761816 -95.836191252272 70.10044104865307 -8.936028650724978 -90.72178143420643 -47.50073709197133 -94.14685818191964 62.15005229990257 70.81009510341354 51.079671202935515 10.146903733409445 65.64238811304105 49.08094376836246 -1.723252199444886 -53.18849584236742 61.964311564131805 56.129122151449195 40.48759991703952 -85.02537896725772 13.004507467383576 51.04723741407716 -29.555094075945632 -64.87537544593957 53.51657796306634 -65.45264631457121 -2.5320065515113583 -80.80447881509585 -43.04950111606844 -81.39607279420929 -59.444791397972516 -81.7890618865438 -2.61889739472025 23.47248667437198 -43.924137899986945 84.06787908840562 31.853786356964065 -40.47056033979095 62.732530905170876 -50.241277045027076 7.767476118483742 73.51183581870961 89.76692976424462 -6.381915285380629 67.43281103294791 -89.01018284621284 -5.262474481129061 40.9043593712112 79.01285337011853 -20.414777526924823 22.969752567031264 -91.81648937761919 -85.81284583063989 84.76508032836435 -1.928399195942248 43.64967353724225 -76.20566106535074 71.08356561709394 40.747117829582095 39.83326455429162 25.172587537565278 71.82390948723258 -3.592000712020635 20.75601541412904 -72.13018075543138 -15.24211706929664 77.14826663798334 32.46070183158744 -99.79613845180695 -59.23593162078742 42.94527213597857 51.99916145004437 -34.88414138145728 -10.575377093674803 -39.48721782079237 -96.1021603951945
33.70860036324211 -10.8823094209082 -56.299145025308704 -80.82423333971862 77.8884912759475 69.93611106267366 -25.0193130530006 27.224904198845252 -27.409045886416664 -87.98355267388925 -15.34412850424944 -31.20934111539728 33.91036834221961 -83.53624703437106 45.60168515918636 -35.15238196409611 16.84195092160732 15.132594321713682 82.25048617325044 36.681139785067444 49.56765101198525 -75.04066028127785 11.575431954440035 -41.8804147358939 52.82007060664756 7.235326030522444 -65.18943742743728 -11.672357668962889 -83.50844600196027 95.7344960763775 -62.25014048219513 94.54935546999721 42.31322749091987 -14.354419199976178 73.45012194494765 -57.48664923360971 -81.80517168153771 62.822632397215386 -46.01025450906575 22.822539990127538 -39.33916652955445 -8.804656965690398 -85.71924016923546 99.62256030737154 39.298431279072986 46.213692194571365 -88.000806632169 -54.37107256872644 -9.397902092118898 10.812134746299591 94.61083640320462 31.62314186452528 36.89934665400733 -94.56465564185808 67.99173932302426 -94.08714172663896 42.61996859901774 11.18973129322734 82.83007717180615 23.180069638003317 -13.961732727577882 28.649016969700256 -26.304922654294828 33.80967629116137 31.371771461146437 -93.21428735241632 5.42993143619222 21.46318094491923 22.683631421147282 12.557752400371541 -6.792247407266586 35.571325691139975 -64.13811801979475 -34.76925648902002 1.7591563590342076 -89.05960981069308 99.67851686885373 9.754483805322863 76.85837196520657 46.449398753740724 22.935443578120143 4.92373575216989 -98.57893079671996 -90.66861109364018 69.84082414557975 8.265600941115409 -10.619817704173556 -71.53308113597514 51.34640420590165 -50.88210328229379 -95.36785233022587 -23.752108710516495 80.19328140561146 59.461227463376645 -68.73002415821466 -51.14945125290931 -28.935801798404583 37.46548699168352 78.7477069777398 -61.463682455597905
52.50721509229865 -54.25100275348922 39.903509423967165 -15.415014258788233 -66.77378112739147 88.17137977056194 -30.677247599948814 83.71820885000497 -8.431388522597572 38.058545515449254 23.591010232871383 -62.615909615855834 -7.753818162585773 -88.61376837263126 0.08900405723579752 12.106633570806366 -73.77223125930297 -0.9099355481230447 -97.07019406989848 -63.21252541757178 20.176982633796186 92.75589897598707 -77.63416807054074 -29.49533907860497 -23.76755965667921 -96.73442053771144 9.565535983564317 -46.395994646635486 -65.37899459737437 74.68892567600193 -35.91039119368766 -34.7284788771115 79.91299342997613 -85.63701040761045 -36.41483929709865 -30.470811914576785 -28.256636231289534 7.7408640455043525 -36.95288915867123 -22.287940202992758 -17.79617954321033 -60.88462029793378 -18.935307168066686 -97.83851132133566 42.98458307179803 20.140587150086446 80.77953942177234 -55.86433702164033 -16.39975171408301 -89.82356310066184 26.34888137884748 92.44095676674877 -54.567285875366125 -38.117314351256496 -20.85620503576142 -13.505510879185124 -90.42473089354257 36.398228351286605 -8.227510782461621 15.20750911547482 -38.82405366206277 -59.95347002448921 -67.81289889022054 7.30740359682855 -25.46557826061826 91.32286879573411 -97.12204770460175 -64.362291083875 99.8687984602133 -28.85866203235217 -15.872059847326824 80.83917668428808 39.76264564115155 8.644043796672634 -69.95530928939782 -26.048650001375194 -25.495112303411375 -57.39178056192276 -56.82142274931681 -19.94077543951387 -24.10789254017412 79.29802323908314 63.067665369820276 26.667437407939488 -77.71690670511634 57.53915329533078 -35.54463378788837 63.261233370070386 -26.84221221156058 -74.27859337020504 39.76292553922079 43.54278141216389 -97.4334531668366 -25.846378194914976 -2.242994661228991 72.05406252273804 1.3224200632594432 -82.97761042137329 -1.9547971479199475 11.618336293185322
75.5448746907704 91.34591755620022 32.81134688636638 -86.74732493266771 -72.61703319497512 -16.126795924218158 81.04716105554388 -12.648484753281991 -52.589160946417834 -15.342815708707477 15.48019964185248 -77.36469018414103 -2.917301636298845 -6.265079102204325 76.04787170615114 45.43775857645079 67.04235405018647 -9.481473274324543 84.74232296067868 -42.64421563025436 -62.977309494565816 39.31463611711794 13.04201144878634 -47.47807762364922 -55.20569402684266 11.002159895740675 -2.6904548343859034 40.43424232277414 95.70068867937667 57.00205535019356 76.88730004760237 -32.4257503777158 -67.65987150495013 -17.744261506852936 78.89515932849139 60.21847859257025 69.69566573721258 -96.74778216101747 -5.284860440181021 -32.513645591182524 1.520766025993396 27.4727364759718 -54.61767978602416 -84.71049125369453 95.05043471517794 51.665691174604035 75.40624319685753 -12.12130532549385 89.70972974441455 -17.836392397968197 37.831209459508386 -72.39460062004473 -80.29316183108361 -53.39012829734049 -11.873825336351615 -63.21541230264715 -63.53303054461521 -74.02022974170437 36.13527331082716 93.98498723921784 -79.20895380671257 96.98168344207548 81.5156932825887 45.64441008196599 -82.3522955810956 35.029599145894906 -47.045590352 73.84827764666025 70.69609222602367 21.210879703731564 -99.15074745047836 84.47078841390396 -33.73089250188919 35.42268418514561 -60.50726702027052 -69.41129070153556 19.210062544617173 -80.64767126842244 89.31259952409113 89.41799232649083 8.485434964338594 66.52699326484128 29.315216767170597 -39.82686892452352 79.82995804691697 40.51997078834927 -0.5697043169799372 -30.340812350719176 -85.96881894677226 49.11697129342477 33.76424501505247 -76.0889950688028 -29.978694026501685 66.38510236984041 -14.98115959274908 10.297520093034223 64.26857503967992 96.17312861955028 7.928984000932076 -47.239884717713764
93.05424632467705 69.29772848011103 -81.64657968723724 13.374514411961343 -79.99008812796389 98.153123547407 27.16640994996051 -57.70330365409213 75.32339684608871 11.397238881233207 -48.421553687053056 9.477089683026179 49.44556702569719 11.424841591050551 27.234413493208848 12.247427645820068 76.08718493738172 -41.34230140878221 -2.561836728655024 33.252015072785895 -10.248922077405197 72.59912733612472 72.6512331220247 74.82362232763597 90.32002782429461 -62.721875193015244 -61.59538566988989 61.05748896034265 -44.48329616667015 7.044205467771562 63.11893298099761 93.21404326802852 75.26580317553268 -28.238172549480865 -65.42041502118296 -78.3369683649052 78.74562949530858 38.14644991981385 76.0655742207014 -59.95242112049801 -4.146495015859486 24.838338531110836 -8.452573103438183 52.52375961807181 64.22587091789796 -30.392462485854566 -4.632528934318955 67.42160340679578 64.8329574952275 -14.033475102244637 -96.60568444258999 91.38950903352347 60.35751577425546 46.61802899607508 77.74850280424803 -98.79604404068654 59.01470203957382 10.82177664650726 39.52668917567482 62.665872015260334 -8.77489718094526 -98.59637064508107 10.501832321465798 53.45598001404164 44.05175974040685 98.54716726658393 81.69892084866461 82.21580217126828 -51.13298721245671 89.43510930197428 -5.359829428488936 85.49473402528776 99.14998743078868 19.354664398264504 -36.63595221693765 1.199239793820638 98.2876209259039 58.33180792209336 -53.3791950275593 86.10803755875179 61.05946739276396 -67.36955386124448 -1.89868071205062 66.42419999621603 -37.755734936320785 -88.16299501506299 7.848617351750107 -61.42029581935928 -64.14286288601272 -78.36578683274826 27.383980566935634 -19.877180254006333 -96.29504662432859 16.042991876833284 69.48048902939291 69.842666935181 -73.71258164608358 -91.70393418380336 77.81294649171804 91.0167589388519
-49.366246503162124 48.03473453714929 -18.72887619228605 39.876535432387584 -39.535050332534105 48.173956582752396 77.57642275106545 23.093263350927387 -9.459893871297126 34.58403209510516 2.310742942586458 -16.71039529467147 -38.096153292943136 94.82633525567869 6.862335381931771 91.57301854956214 84.64784775631486 -67.4315180258782 -94.91151791072076 53.90560964691369 -86.50291695881765 -1.4205994590155768 -39.96839868639417 -3.63302467132867 -28.72356294038522 -42.652711677715274 56.493507088740046 -82.04950543763205 -9.708740410357095 -56.91644798174964 76.13014096427028 -63.97566030921497 14.397543450574645 5.127180651036994 -82.73314303773134 38.7966742528412 69.64940365275169 38.38847526960956 19.346925157332848 -46.87536374570711 19.659260952978414 40.79511409715809 -4.810962517579682 26.252968118141723 -46.42406071706486 69.68883488122148 24.209064746836233 -83.28431572249444 -34.69832264020525 -63.757203525686634 -66.02631804322014 91.09643819775607 -1.2293149918204023 -14.177959946913916 48.80790886924768 -22.37113553231535 -42.17578127795354 77.51123673804003 -98.55337515758337 27.033533561270076 -24.215145687280398 -77.82534778685861 -80.51573759833532 -13.741318665341652 8.770271987456496 7.811060882420918 50.214032137925756 69.27246535418789 -62.26100938373311 -53.12531891558419 -20.458977302172173 43.58587905764446 -4.902001582929728 -92.83462338554548 -3.9194723316147133 -46.445447054275576 -37.914566502713456 43.102239239704915 -99.19460916609815 -22.308652188260794 -37.97179408392879 4.751584000714331 -30.99378826678607 1.5057943496718593 -17.194799346071022 16.925511678896015 -17.465072098951296 20.558814547769018 -23.39018557112273 61.229839794909026 -66.28555672813553 -57.92194305117815 37.5211828518174 -47.042250582317216 -16.96045194508673 83.5923760293802 74.20949127304246 86.59250285687415 13.901118923924585 -17.026839218568554
86.58095810486185 14.99825307803799 85.0328623187323 15.369093240275248 -62.4348302001285 35.4662591116373 97.85389230243683 42.845706054115425 55.51886786585854 -79.77214669860257 -78.8603656606094 12.595555981610374 5.167948595903368 -70.87514239649477 51.47137983205269 91.97062588198716 94.71056091364213 -87.8100311798421 -69.93520289878232 43.50215764366661 -20.587801694745835 -65.94668156017558 51.34455123711635 9.56651282778789 -88.79848103772461 63.90526327872092 26.18990922993318 -19.471943341232077 75.44892347884442 54.31840141481317 30.553789405540613 50.80518170225636 -55.98365625965877 29.490957708280376 69.67620907102352 -7.725589589538913 -11.420433518846878 -24.008459849673685 7.82794868657399 -8.909810695646485 1.5926642878643378 40.607218182675496 51.10316226311426 8.074841564825647 85.68009595208324 -30.434096210587015 25.16671925433556 -37.93243340218875 87.19824238612756 -98.92463499526927 71.78575741795422 45.1080158421986 90.4590914623019 36.28970112364172 95.16031443053299 -55.77953680282024 -67.96011104844447 18.590427570495805 35.556167630514494 -97.6820135061127 -23.860781050417586 -66.35709973838686 -96.99070093504416 -15.739517662923248 -44.82727326157034 66.91825397176962 -88.03331941077333 -48.71031214212898 32.332759655659345 -79.12513715043166 47.5456856387477 -99.53855447036295 -50.15349352679876 -61.5348134970193 5.601104047272003 14.242814264852612 53.50565185022441 9.922298222195963 50.47533804611987 62.80310254325903 84.61098458173302 47.45028116175038 56.93876978590015 -51.58632537862626 -60.53068857941153 -89.03059249705383 -48.99796047448086 5.764111797495829 -13.387616992429514 -14.799040006560531 91.000665021798 25.84733409944843 58.31271892199081 -9.671441977273247 -36.95703141326261 12.083894953098564 -75.82266766159518 20.51371879385667 11.065202698819803 -62.4138021296432
89.38461043721281 36.50064385904898 -88.33668165652786 -25.063328347646504 94.44986229484559 29.497042205190724 -78.46940031025389 -85.23972359501784 -61.25919425159443 20.254548822855085 -1.4892482885935578 44.22409888989205 51.89237586457486 51.486863596227124 88.18309371953876 20.80912165513986 -66.88562896322559 28.40794291718734 -10.404490192441628 -9.416931109080835 -37.047871293978865 54.586546914868165 -43.31906484860186 -56.578126280749096 3.299208311894944 42.0113546222492 61.314987074166794 -64.89320415040237 36.98394500760841 -41.10106648949427 57.03630507268872 66.4922388898849 -7.26484775936855 -93.64912543501715 -94.67507285728453 -42.065956752006464 -81.66201793959196 15.054459370673982 17.607566250985514 83.64624996698419 62.1330889968325 21.933231892393778 -69.22025767883844 85.25829004750446 89.9455300893465 24.10749546254698 -45.220570876721 -85.20676382893856 37.97286207555936 -40.70421499080421 -0.9702888641938756 0.03461514480646599 -17.69001666760353 -19.69351149902097 62.72125493357203 15.923503256743118 57.71773102887744 94.54430427784283 -4.854988189133962 11.904364872601832 -90.97585054398417 41.290952532179546 -13.092581271049426 93.51252022838236 69.73897577317103 46.108995394555166 -8.787738145579056 95.96783955260372 2.0635041941579715 -89.5890659991055 -73.33448131642524 48.213794283470804 -69.33220684517315 22.287990999328102 70.70725371619275 -4.32045043655917 13.348365233096487 -39.36531135652026 69.56210333829694 12.363327427600936 99.0841353329323 72.07040308515323 1.3563126612631464 -95.97287321409308 77.8710111555435 -37.402916490797324 31.313998808952903 -42.86571472919694 -65.02206056341336 72.7134612948671 88.23278572708074 -75.02732362417824 -89.5954995560607 -0.7390697463641516 73.00324749772375 96.12245663490108 42.99665161425568 92.85248713108308 -5.393449361957664 97.60040944893507
-3.4045428458238547 -13.92129730183089 -1.3269980143144409 -32.59297710787111 12.298245457694719 84.85933568828813 -78.89761407533193 30.949710072926024 89.25081944618512 92.08838058673234 9.8797447767746 -2.4732416019171524 66.28885966222504 47.8585599147587 64.12989858056068 48.16288901018493 -1.009734508974617 14.579162039316287 -70.29511751745315 -26.297571830880443 67.84878483701644 74.89708821836678 88.63285235290314 -61.79737926260294 -94.2778087050397 32.85032899124107 11.341836851573191 -6.120748230155144 62.40179754507801 -0.4301524155571741 37.6909555420707 20.284060433334858 -89.5889957342963 36.04280500446063 -57.798579791516566 -39.28722670691591 -38.86260302355804 2.496265685728332 -74.8139459105186 -82.8853839963279 -6.139764964004058 -42.413270463581256 49.3798265606853 -18.363734397731648 16.175195652978246 -43.72848284144788 -98.21359762574122 -57.75008044650281 -7.798426509513206 -73.48561256159391 31.788634197156227 -58.70544581749586 4.811693865816707 -89.17084551748226 87.65968851227328 1.4769285464070379 32.101563088397995 -10.867181471279793 31.170010838169873 -11.195398503115527 97.85903147674034 15.321718273061464 6.078275486336281 -2.046512972827898 96.61637423325615 -26.60255356412327 -81.77671186274122 -43.517292559749635 -36.9622516090931 -36.828642174182804 43.736825106291576 91.94301514524597 12.952737753142586 -21.37271221532619 -42.0744277467695 57.64414384942546 96.67882924388053 48.11520636865288 76.43219923304963 21.55323128413235 -82.07263787057543 -95.47396917236202 -49.78028212710708 35.94629513397982 1.150151002075404 80.86027679981228 74.64194674593674 98.38299778157909 98.77865776532909 75.77327656178255 -89.04700503848866 -79.3437285909178 -77.0985374752315 26.84131183607164 7.436866774106107 86.10414097826794 -79.31727879704647 68.02452493762016 40.30843701276271 -47.65845662040063
-65.1543789494957 67.94273693563875 73.50690014694263 85.30492917173632 -11.840390380952215 43.450358351636055 -19.43621719815698 8.018206565003382 -78.33739318446035 -84.09825396446567 -26.179556219246905 20.88465344973484 98.19827303064784 63.239533651526386 86.64420083506198 -89.87978410742264 -30.265581451699603 30.990816641918855 -5.362827868275616 62.64786524205542 -65.4010032134434 -17.303480961559586 -6.1744591500575154 -38.83102118035511 73.21152555853146 49.40302982694013 32.060988523380274 -1.2603387773211665 -81.22067334694842 25.401530814297033 -3.9087943943526966 -60.735005618013794 -91.56051018926863 -56.44750210236362 -38.41361669629067 -97.3327146617448 15.081398425217074 33.70785028844375 37.59085519537112 18.908907433999616 37.963555027700465 -78.54545295169315 -27.130601564370266 -24.76493749761927 57.70367951151613 -96.83652687864559 56.454219187113324 23.32259502678336 56.11639609699375 81.7133647614977 84.13622024258021 -96.16099772595577 -11.42233654156972 43.12278059457836 15.313892399586067 25.191222792475216 -97.0299314949446 52.170312891205555 67.06584091231704 56.94851739571274 -8.316123030577117 97.35788970500187 30.12872817622042 53.013899129233124 93.74027618697085 66.75950860012537 -96.96770427769378 75.32894733590149 41.331945568422526 -37.665789824761745 62.465632055255725 95.73934408221021 -57.640395832805694 -8.469584256195262 -76.15420818630732 -67.07540311526992 -15.441554618583567 65.86499869156214 -35.396445665116886 25.740709598426648 -84.6166197811105 -26.32522469839671 -26.907408610175153 -91.99067137319763 -35.63911094489336 -38.812901239486884 47.77188404520078 -77.9872088812296 7.5916567839432645 64.94520788866149 38.75445107941954 97.58752691730163 -10.274281108567322 42.39440688091514 -72.49950733414722 -24.87689909394814 -70.06698188448874 36.26412869513251 -50.581969668396255 -84.04889154603092
-38.23788349132109 14.070701420417791 -57.634541841020834 14.803618952729678 41.812361732057155 -97.42138331021447 27.5392243599957 -16.39257921399522 8.295126433952603 6.827385324322478 47.22905881481623 24.57086616401358 57.6699712347378 30.047837085492944 -25.17515260225946 31.753635079735318 -81.07810292289564 -53.94102131467886 49.979282532059955 51.51070690734102 80.01673147529743 -23.33904325389797 -69.0467739855398 -7.3568460365554245 -28.208868954351374 8.196487561133708 43.63186243202264 -32.92055427043327 67.8127244760577 -33.2862369651818 -34.87892174286529 16.104926634171804 -81.33317225347479 -25.194369119609462 -7.129811205679573 50.231619357594894 -1.6308660714481533 42.97000000203741 -46.77335046498297 23.3039967581651 42.07135740871709 -44.87591094979613 -54.92429628008475 -3.1051160706332013 -15.532115544591662 87.64356363237306 -68.40123583465656 29.526951310774507 -2.9908861601112307 66.23150355842208 66.41628367397246 -56.357814908238566 -76.14333613093916 40.798220669197974 75.52228626353957 9.969431365784715 -83.74481733244906 73.991624517758 -52.56120039868672 30.909056696820414 -42.87150414071101 39.12324448783039 -87.58648704292136 -1.768234253406547 68.22571578811514 -29.34434789497955 49.289302297436905 99.41886480957541 -68.93939091253407 99.36151150751999 2.9757977459614438 -98.75818020804354 -32.47690445963691 -48.629758507572674 -32.12789577508599 94.21794148590294 -75.81309904537315 93.22130676223867 -50.779495515345175 72.35123958993987 -75.41131271543762 59.71989833544859 10.330110055913622 67.24223625527156 43.410550483441966 30.208063356169703 -41.32779378916074 -71.63705184263978 -26.594991601690225 -17.186608868947133 -41.13713451599337 -34.75408342556716 -63.15167401679875 -12.527358589872037 -49.08482311729996 -85.44173216223454 55.35508250334075 70.04308741451678 68.28092510230738 27.773195328690207
-52.76017897951215 99.3113704154305 -3.1331035711957895 -7.966880514618396 61.449986139948976 19.331266261494335 -18.008261511697455 68.98052144471666 -32.002455049486514 -27.062004731391866 -78.61662561426361 -4.110908530230944 15.947042622166109 56.32905655715348 39.560179958657926 76.72073555512085 84.6994204638504 -71.99691642672978 69.41866073125325 -36.64779758804573 73.5706326277415 -12.518491428237326 -5.6581421391638855 17.91464537017255 70.75746434686118 4.028942398732369 -39.29225225670483 99.97958396790744 -32.576223780204955 77.03002847054171 71.84052154566714 13.488138620866238 -82.70501640854954 -54.56886054486381 88.69978954040559 -39.650609802017 88.91214238517168 83.68951790769412 51.808228071403505 -48.09357655183082 60.52180787870975 -33.92120758791475 -69.40958716309689 83.72808212834494 10.964369319681168 80.65578348196004 -96.87280332727879 -57.073898060186856 -35.05687853758789 -20.686445201279938 20.751127946958476 -57.350205114968425 -70.64457559147239 -8.942060621822364 -55.376143243718914 -52.904710121183406 -49.880406628696996 17.30689375870152 81.38287811608902 51.72715926947825 67.80454756610021 47.43408041112423 -96.0869683652261 -96.46352209748659 74.5607014958822 32.986292666284214 -45.90067310765165 -62.56352364338256 -16.33804709832944 66.40252461777004 -59.542772477530235 -96.18095422102215 74.42690302505349 -11.806959573879865 -60.16116937414526 -37.107732624617064 41.17151978383657 -18.411555394390348 12.40628341305839 66.5105575093034 93.36561028017184 36.06355683151102 -94.50216718330864 -51.5369022090028 83.95073160417701 -21.99204678872819 61.62092468751277 37.12890898005813 -70.37002347588182 -26.347547939858146 -30.32685768650086 33.00262717580716 -85.12459473684446 45.02780087739785 -46.68381955354144 90.42371876280083 -14.22929421516801 46.69139260392424 76.65928212572766 83.70244836773674
-6.48568874966881 -29.58838443303749 89.67712759041001 -46.771178870269715 22.728970006812517 40.19337784662781 -60.781695312111395 0.9773609415408231 35.165885166203964 -38.70628627721236 -20.901319321481225 77.3004173990833 -8.493276691666466 -67.13443608869545 13.81228810428992 -72.68092690150169 -93.49195911031731 61.607517626439204 35.038309995985855 -72.37492353675128 -30.163520519252145 -29.285924062987377 -83.33769089630529 26.400463262090895 -5.549393174329026 36.500869702130814 46.17966888299799 17.70250104141067 78.30924983633864 90.75200152464416 17.89616220615919 21.568550723332123 32.00787717062684 72.62204127111505 -83.51364508896623 39.45835554506968 17.54923678934503 87.60999952546103 96.40278409045732 54.96589279065836 70.24843804201129 -18.081996264325298 9.917988477354925 -36.66470916454428 -88.72621777454566 94.88162982651883 15.642385642518718 49.78742154893692 15.754327157894224 52.651419657426516 51.37452510555946 -91.44270278729746 94.7237555622929 39.57101040801689 -84.89099777364224 71.33660404523062 -47.080335580572786 87.56639318489962 -21.5753481938371 20.73337209319726 46.73321265139441 -53.80359169434652 42.83647323595204 -25.87223337250184 -92.74483159839022 1.4875210001274155 -24.3886917446293 -16.61157024727183 97.72234855629125 35.48397848261334 -83.88951077158242 -87.95495680160094 73.31012984689403 4.894337579020998 -26.06591342571403 -60.914482961176674 -4.545474600623251 -9.315675905722799 20.371371256810406 84.55135554267608 20.918223662994833 -64.82444441100652 76.90707991385361 58.637327841955766 11.44442351471524 86.79291785036122 89.95613581340024 -53.363126456591225 84.61307719675199 -52.52152720696621 -78.25781548194848 29.318520626936987 -19.21019264386001 26.038992835782707 -29.35723039561418 52.40298223576963 90.4571971484414 -43.29943164763641 -14.720326444296433 81.09805144422438
81.41772821404729 -98.82003903881844 74.95446074890384 -25.475040962355692 -58.978852814533475 74.91311708754068 9.383543714321661 40.21943901057779 -74.47074277728376 -29.02821848755201 0.5457664687273223 -46.08724632940393 58.308982785691285 28.023635909159424 -43.75503920086135 67.41958211125217 -8.669310911419245 -74.89080164738589 -49.016622982743584 64.53648108120751 9.74808159068796 -33.84383523031045 9.117990815416292 97.94365916393613 -62.62900835043259 0.98315240935068 -14.084301816261927 64.31870018279102 95.53670041973078 27.557975451275496 10.317683317163812 -75.91199266408913 -63.876751883628955 -0.05565693400069449 -25.69080571592714 29.304786203246778 21.15382456095827 85.47050516089979 10.502522809838737 -97.40445889323111 44.34455420239024 -93.78720548307807 -54.41535615686392 79.56102435627054 -5.637486040234222 41.02254021167468 46.24560408622861 33.14667314589374 -93.72512161449202 -33.91721495271611 36.17236425874907 7.461230287722941 -53.327570691082826 -83.55537368250188 18.38947268282614 -20.735217183821092 -22.074519109921837 97.43753958095738 -72.0372211563024 -28.92833925730139 -73.18204381915882 -15.630559279798106 51.743021214321516 32.9697804024222 -85.22782371787486 90.1472555334648 -32.9921302176603 -20.62411796475756 60.966220353050545 -36.58827644880391 31.96830294682033 -82.48968099106366 35.667477847238814 -24.61648288124296 63.0812453988994 4.166843297782947 -50.930692068854896 -10.164783253671828 -46.23704332083855 76.05174655093657 26.153967133884976 20.70908213863352 79.73836721377478 65.44587165122101 -91.37591302675057 -86.614898754379 2.5708736585370104 54.799379427615946 27.207474018318507 70.31514721136782 -99.83619050534385 -68.36046524462591 59.82046169592428 14.184052611802827 92.60606458343207 -76.53873677272152 -10.47534663788332 97.22963748302726 70.06090286576935 -10.351566574379206
8.472778893498472 99.34861411628782 98.48843870580652 -45.57763060558351 71.70904635363084 50.92786813140617 -64.3746568167758 -71.11341787019398 -91.69687128311885 89.5196591432082 -57.43836754661575 -69.95809923152008 -55.035309933760665 -21.234772039258388 -32.15528848793008 10.991169762070356 18.36846094501297 99.55637322161292 -19.45957410782995 -8.913985143959863 -53.04813665426149 -78.9091705137596 43.59806578979513 -61.713065674883794 -91.92080534806675 -72.35757630394164 64.61161283364953 81.66770499835886 -55.96820055389027 6.399790691174644 -41.09978681622122 -65.86987701516536 24.19320054081828 -24.23157701674282 11.276044757328265 -85.96954963643584 -84.03189790538912 98.1595710706716 33.55057594514045 -91.76500296525583 78.27003533848318 -86.84209821625714 -36.07769379683292 94.49497246161954 61.02460590346388 -68.615955007934 92.51504110782986 83.59510432500713 15.468521310125354 -99.05782686597888 -49.63683192896939 72.77483817999214 -98.1729635569676 57.71957264029828 -50.70407308102829 -44.06693267543231 -38.44601621340096 -41.26089682113856 -4.889084405568852 -9.729412258663132 -45.69066866576479 -21.363694673569043 -45.9792913744226 52.348470625598566 -25.606689910050633 70.87530936077067 -26.58401452241594 26.72308797258765 89.77819719043819 7.404709673835214 -72.84796171985823 40.070336539000465 12.055284932836543 -42.14700518548551 -44.56330881220254 -30.391810227509765 98.9855958062941 27.920209633482457 -70.75350274308212 -16.282778962469706 59.979962853240835 -59.27106716396307 36.51907718819962 -42.91336715576806 65.19360661786146 27.065758822910425 -73.19547578582215 -91.78105934410735 89.24994749823082 78.47046741664855 89.11777578952652 85.45498205167397 5.116556105774322 42.54998033793032 -32.56346995257984 12.522552479725817 39.95077541557686 23.545566432816273 -46.72696256233495 -35.78016017809817
-87.312338872326 -76.20704773485873 76.21722393022506 -22.97252220550874 -91.48257380024079 -6.086674447972314 85.2636157234752 78.08308175983382 -45.46415758180524 -85.77226589021927 76.96340593909585 -64.00908132144616 -69.15744298007196 12.702349111597357 -59.721142219735036 -60.58601366881315 18.106975401990383 0.003597043366028174 79.7756543323249 -19.49805521220169 5.05868238253295 20.661540918760977 39.42699060874267 56.67827457570252 69.90926886121713 -64.742276237298 54.10016264685157 66.28077589473921 67.95632713316093 -71.7914143231824 45.919623211080165 22.26529794025909 -48.656360574018656 -58.50866745902732 -35.56691419405276 10.67494268703173 -48.10328742321899 -16.34284796932512 -54.788484557282935 14.039654136693684 44.78091181580953 6.198289690384868 -72.91424466846874 -69.24083153851844 52.99691425853089 48.85984327151138 -43.8498120055836 -16.52137748639663 7.03403100301702 -19.60113935145833 -3.1180573050565243 55.67371721917104 -70.43935888611762 56.77562123931639 -4.595792044847414 13.632808759967546 -74.63757876387348 -60.11910448898836 -70.5965770528087 63.607930198556204 -68.57444456998928 61.74060359078504 48.89309591922694 34.495768946967985 8.326340043490447 90.54136314832178 -60.73358301460476 -75.64567526700499 -17.36073115615504 45.9715831085926 -22.300253906721835 34.3173401721522 84.21754458066869 17.47423113295892 -3.2759560441130873 -66.90696588374232 57.000699669176385 8.932131373197592 -79.1260450938146 3.421611852497122 76.28451384057934 -67.29826054345425 -31.108586728145312 -1.0782599598778404 -76.84491041857902 27.91926927920325 89.38550261749296 39.17890775202747 49.679419537254404 -82.14047225137298 58.599654448239704 63.53469492075874 98.21172183546119 3.46589612871 -18.475929874908687 39.95324212291135 86.73949713998132 60.98001360254514 -13.476011763692412 -68.0160794192831
-11.559077648021528 -39.81388581861063 -85.9355433578616 29.197965037309984 0.6451555868926846 87.21623231027095 -65.62270633029432 67.755973544211 89.30746124030168 32.10537729510071 -64.097956620247 -83.53038934851583 96.07449155648814 8.221258798353475 -98.84021528680003 95.55828247368382 -53.17297148671112 -17.09475759455404 -11.571842796177961 -87.75693766424439 -63.160749668269034 -79.68413628906976 83.4320167143918 1.0628382508331953 -72.92044268933253 63.58209092842503 81.74943313065083 9.986166498310098 -33.887993123425076 -88.04971005049327 -75.96651082577651 4.188119276058359 51.73217837737408 -36.243529522942076 -60.0675801694784 -48.47097543881116 23.32183240674432 -99.42419546460994 3.913890015560412 -70.64728736774455 -30.19749950638473 74.87075577566361 -60.21740558823454 -10.397476689049157 -71.06679902739977 -52.564981223381444 68.59109336399649 -77.2794993062251 -49.686556479205905 -49.45970844934913 -5.211997919489406 -59.959984875345086 -51.07445075296051 18.147311430953167 21.31991094177185 -93.92552440898096 -12.292742401143244 0.804711973021881 75.73799889068314 -60.48843945907847 1.6089005568236274 -52.01110513955187 58.82986363032694 -9.839586720972449 93.9703304489139 -64.11231023989279 32.39639534437359 -11.631299464830192 -53.17375890217313 87.28786734805246 -94.37030600681639 -91.68073890001929 -63.18050784867357 -91.34993147580653 35.03818632144126 -26.879028163618173 -27.261333609715322 -48.50152858155279 12.792205046151707 9.377627205261916 -37.125351951272556 -16.674280931417258 6.196894128252438 -18.132253452521766 54.04035304692232 -69.03354802194406 55.71528527921092 -25.598810244013023 31.40173424918754 12.239573399606911 -86.94975972022196 -38.56562649649047 61.350612724308405 -35.91785128299733 -62.41425666725464 -45.98429462722249 -95.8843358491316 96.84544736865959 77.52668287990059 -20.743281815307384
93.48860990367814 12.716578135962763 -61.86835473240115 -47.64975324120317 58.62934512231695 -51.37172113969173 -31.470447383563396 -7.710397431482278 0.8669427005811201 56.30168718791532 -51.33876622909228 61.06769884861964 98.08866251432443 44.022121103825384 -18.06166633297576 -93.99916246906612 66.44127727378816 23.567906751893247 13.244579055179216 18.603452586957417 -73.73090243674814 -22.79269083170867 36.826698453145525 -27.825085888347175 69.01225853142847 -57.18685539301811 98.61520111299527 51.55392492881538 -62.71981660818633 -73.15702807305811 13.655337862415067 57.74726417934099 55.786795759610044 34.39184761811708 41.24418165803837 -74.75740206468416 -37.758565478489146 -31.778726614184038 7.831634285586091 -49.59725539768267 -69.63812049023774 91.43110608386351 -52.79038311520794 -87.70512740286243 96.43512884756663 22.946234683699345 -60.41357732618666 73.85350239617742 15.954862603066317 -73.55596365423314 -29.40377560212626 -30.088379100853828 79.5178024021757 -85.36824786084586 -5.2476672073066055 13.932797608840986 -93.10522687628371 83.30071620907299 -28.465765629103373 99.97428191736495 55.87653182428812 45.651114511813404 88.94286433013593 -83.34964713664323 45.684320216051105 -54.25317763915351 38.090645162204225 11.285038170752685 -80.06145072244585 -97.06854880719791 64.57624729803032 -43.022678879275134 -6.825871482236877 24.93541892295555 90.57818905347611 14.481821207978271 -59.67743635143097 -63.03232336873683 3.191961304275125 -8.730579944661912 78.50000930140388 -30.911522572971023 -9.573714698965617 -31.461103794394575 -59.280475517372324 -6.193709540530961 -62.59891931940502 99.97081848663379 -34.840002430816284 -68.93103780505376 82.09464846719584 12.178641559705312 14.562814890645996 36.443110916178654 -46.7226409192006 70.54615146637445 -48.83338627685006 14.552580870429892 -52.8265132206488 -88.71807601688808
-47.614565281098486 -93.75349368075405 -92.21822324824802 40.52423549351397 -4.794700877200427 63.323944057220814 -73.3593703075561 87.14159692808207 6.0423068604839045 -21.136724281076795 87.30791261806584 11.811226692968006 -66.78649443801912 -17.514211036273423 81.15208480715617 -78.05935998106175 -51.2074756055638 9.995492695327286 22.438402749547336 10.949055303569182 -85.19145476324259 72.31385378496071 8.348181552970317 99.78620706279796 -36.72395833795281 -88.00312515190197 -53.06502213521209 -13.264768043180226 -46.166470569021875 -60.257815001100965 29.55340501226766 95.65624231832092 61.25375260986604 -27.185578496389624 -24.90206313795143 -62.73404372160773 19.456577012881368 63.28837901588787 -98.30630152396597 -21.924696266203597 -99.74162225638477 -1.1005513688083965 -71.61122464361371 -7.107467614568151 -68.84118023263734 -19.056350475704292 -96.18480436226342 17.51554969551809 45.19971357020111 -50.40905704211407 68.72176678292453 -16.696355775615416 34.09324155722629 25.552207934580522 -91.45779204197528 41.927835432332756 27.143312060788276 57.82976074228131 -89.68276376811144 14.406304078912441 45.26996258089301 62.364889074121095 64.80553088475767 43.0702956028035 -32.973418453512096 71.5650996902254 -43.05819848409913 -24.20969244248994 -20.231068663379958 -93.16777076242357 -87.00871159662971 19.685847145348774 -32.48845860038681 78.05000328920738 -56.63593314719299 -66.97099213520508 35.546224830085066 -52.676804444375634 -90.92515789766624 -12.498963439742795 -65.43939746109702 18.554788373754732 -77.14978894933806 30.924612709009637 -8.998387940410566 -5.403096461278366 -30.53681263170462 88.01850528222647 49.7456329231517 -13.502039744162204 26.928016410148544 6.3203032177536755 94.58425024911864 64.69083644531321 5.130386368590763 -6.89676965197701 30.972552034553786 -45.80653537738557 -65.0484712278189 83.1645113893527
-28.68216761388834 98.99076124213897 -98.14719826679679 57.487960870402986 38.531881111454055 41.1303396730147 8.010392056000953 68.76135706058727 92.91174884719479 -26.268584111516248 50.51006153924436 -59.398630002710064 77.89541067663842 0.4586401018538311 84.20696852614302 -3.1796991376077415 19.209209915999708 -59.97212590473311 26.82849808004724 20.587507826744456 -76.68121506961336 30.384033577587815 28.56872909336147 -56.27615507571073 46.28049778853298 -11.739253317551388 -86.45995418314894 70.35897059073358 66.15072954505635 -45.692240931495284 2.4086996271271914 -80.32206950409562 10.918132080192635 91.26916929005469 -87.36811698678082 55.5614889666854 -37.435943937619534 -51.948987392137624 40.97280007670793 -30.88063063368614 50.45964499656725 -7.73518399834461 81.30535515086291 85.54590504933083 74.73666463951534 -64.34486538191231 88.64032268586558 3.4562054922164833 -51.932416999041386 48.71038476352388 6.231731526215455 -92.37556780325397 81.66778739596427 -49.60266243073927 81.97758165054455 81.29331482817685 1.7660140185363957 -44.439374213270575 -6.9211833694875935 -36.21249153481925 -73.42428686668178 -69.01777957610899 -63.416999544626805 -71.15254484787863 -10.66731034029496 82.3036489644874 -98.14521138316157 25.497932337382693 80.62730360722418 67.81292540583576 63.52564775344564 -37.05933330300668 -39.172434409313595 24.83136109693973 18.128943280815932 48.73720062160854 62.959185788472496 83.67598549217706 -19.864779119834637 45.02829182081541 -3.2683288524583816 64.17506156130219 91.09059513475148 -2.2998442951394935 -99.65743633214134 -61.87197481715154 67.64653731137733 -49.98155388666803 -50.22118455939446 -64.01935658872301 53.12324906376708 29.303071116152125 -40.4801649675155 0.8753464880875157 11.475574771791571 62.73998815780749 -72.08868821647394 83.54810771219255 -17.961102713843943 -99.94942394056456
-8.187117373736868 -11.363076521520952 -69.73761091027599 7.774460863237948 -6.1876865502243845 -48.398887415544614 -64.5274643330993 39.72791679107482 -54.176361857202096 -1.0667582474863906 -26.55431286049128 65.66476982299736 -90.16873073086444 -85.6125287084293 -48.04861385497643 -90.27699935748925 65.45091558944495 -50.940308333137985 37.45687487970537 37.41133585153901 -24.40315310497195 46.694658475274224 41.25874829509888 -62.875094218995244 -53.10657002693557 27.172915709221755 36.50194331299116 94.03055949380658 -29.066216847183483 41.866074227418096 -51.404040815347905 45.87208055032309 -60.271810640064885 -1.19327492610455 -21.254262677425316 -23.794324997670557 22.829210993069623 87.84592916418578 30.66990094657521 -64.50541888417563 -38.4403443349725 -31.312352172609252 63.96177781549298 25.46135780106387 -34.96265010585009 -94.45514663365606 -28.73752114912172 13.739024679841918 15.430895727873931 23.15664704159093 -80.52612310123912 24.665746870331475 25.225287771214028 15.459551388252748 -7.2036192511500445 -52.355779138311846 -94.13282703674682 6.391080269984499 -32.906951074389085 -20.319928419490225 -57.821031894397734 -39.40969608917355 -89.86022473576973 78.25379627109939 -90.23729651519695 86.77234249663104 -91.7902965063825 62.24560253503327 -17.827982545849025 -6.920850216823624 95.25734827062871 99.0205425433048 25.540164523732074 90.53130016982485 -94.48342148029826 26.574394070878185 56.592244957099894 2.655717977211026 -34.995284047780586 -30.269438854076583 24.06245520822354 -38.87197524447714 -31.108174906722198 23.942926723023234 -35.813156528333124 60.73625661226464 -70.15177541788027 46.54409172854423 -24.80372427524422 67.08780971317495 -63.72295198663396 -5.0357640527698635 35.423802073791364 -12.60606784104958 -23.285238027725754 -56.145821539940414 74.76408988398279 86.61836499566266 -31.34346311688887 8.152616910921267
