67.251327060703 -79.210318491304 47.768623147712 -43.891636391779 -16.309790741213 -56.50741287797 43.281480528362 -22.993426439942 -45.662443529912 88.133639506278 -62.757876666751 88.636333396847 74.234476250669 -79.185199007509 -41.354274929532 13.581962841005 47.935297906929 64.009663176065 -31.184602539482 12.788821663936 58.051352923621 -89.001794028668 -45.486758708017 36.37499367341 -5.802147259742 -79.859146903237 -79.172204069123 -87.73982847253 2.0443188427621 5.895016364165 -56.410613619077 -48.394727837058 27.84419222402 26.209196975971 65.683504006797 -65.888424336323 -69.47355806308 77.881987502958 -63.85472770454 -7.2097936683753 58.41654478834 5.7757883558854 30.799757906411 45.70856303714 59.273601865228 -59.489771668314 -84.470909167933 -28.169496877865 -67.323215933492 -87.356468289861
45.185444540968 83.428834265595 49.568307472415 -22.586887246384 -4.3507744905872 -9.7867892834976 -78.263811010786 -1.0520214301297 -60.219545416268 -24.08440214421 -63.678442427638 -0.14138592322458 -48.24897691779 22.512278132739 -82.211254365765 -43.346153010132 -51.544443675085 51.875081530272 23.511715034766 -1.9866709006754 -64.677099209187 -73.877449352784 70.349533876585 -50.050156823232 -43.21433144335 38.025080036398 46.787793610309 14.295704723325 54.890301980688 -71.332444669943 -69.015789173941 -8.3210699503189 73.159198825558 20.560343015665 -1.1020232883751 20.554797850719 -1.6395880615558 68.075738616252 -32.95152260587 -77.02677121919 -37.175775160357 42.3748030605 85.172101794113 45.55002882223 -71.024010016374 -0.53900380048736 -36.193502307892 11.466740726394 -11.802046878147 -64.978688288615
-1.1455393077817 -35.9996518822 -14.706897022458 -8.4660979141454 61.955154632978 -19.188001353446 -9.1029609121726 38.562220739249 13.369650252735 89.688114193527 -40.472343747541 43.362483316978 75.938038509826 62.557341809798 69.737615421219 -39.089410856075 -9.7936691716787 5.994693616095 3.1768900532523 79.997417812419 -17.365807829963 -26.82254821946 32.957162345378 -88.397196683338 28.769850776313 12.818960240139 45.126448433595 -73.949490857817 -1.5293905231053 -26.986742484161 50.592092357398 -67.289251098429 -80.54544348559 55.958507753165 -48.755040437165 46.43549075994 52.676982004409 -13.164861867099 2.4477455070729 34.965509719591 38.82879772402 -34.414501571779 81.856450029884 21.430265621672 -51.083811163215 44.330222863773 -85.628265276553 -27.887387104513 2.0206361078656 14.45856764755
-72.407296712177 43.671375626833 -18.358250861693 56.382951240155 82.784132250583 38.999617628191 -43.182812167928 78.427055204557 89.333422947948 83.209310859358 -20.956542939097 37.019491384903 78.700024074539 -85.867795299346 56.258145711247 53.977597687697 -87.870289809245 63.932605566559 -86.580219440822 79.439997150553 0.29654171243101 14.182027864437 -63.244031442186 34.994160548542 5.763165184687 21.313139205737 14.388031475632 -63.804039651654 -70.391606458446 79.784563941797 -16.672159616442 82.103116480006 51.761107743429 57.297500484657 -34.32822921202 0.46520737495003 32.261126888477 50.974796820271 69.465065834718 -37.298041466155 39.953147980651 55.751836180208 15.63915256475 75.710257472769 -27.514633808925 -31.023323691249 -31.386023883744 0.36913334584051 -50.412760709265 -16.455761639839
79.710951484901 -37.007345805681 7.5904074416306 -74.650917817643 -40.049579996888 -47.81860510289 -12.504675864667 -40.699829607863 78.158562599078 -86.149424486406 35.570812941828 28.715095113549 62.398276374228 42.129976061163 62.606780065431 -9.5604634756984 -46.761286200286 62.097738655928 6.7436989700027 -59.620435696216 -52.717083681547 86.057442261668 -28.54936487738 89.867915031069 -58.016766156684 -29.092344357459 -42.307171584652 -86.988457049025 68.967456442015 -7.8248763309216 2.120062981567 -47.130506083896 63.651190347739 48.928815024053 28.878006338239 -14.716552551774 -43.502424442462 -22.906265324329 67.112977952882 -22.875770445559 71.831555393626 88.088221740755 -77.845536002128 39.16165286111 19.025909165979 18.58889368122 46.723594069347 5.8012082155896 -38.788214800532 32.893082943355
-73.922069082494 72.6459170495 -44.494769384391 -67.203499617086 86.975355129412 -38.241833395601 -32.793483777019 -88.052974367765 40.627452063706 -14.904402279457 84.364118745871 -67.273239480727 4.4372509570285 52.80078335454 32.748216196416 -82.922645030512 -10.732352916479 25.841291750757 88.1932643248 71.376096403666 75.305289263032 58.65820748855 56.962771532053 87.474802882983 37.174562260646 -46.386867643605 8.0529137267612 -47.780984859328 12.240134340103 19.1861126828 30.659485949752 89.72580684431 14.911124721042 82.758969029432 -13.280958058193 51.124966140046 27.52392117725 -21.128840592299 -19.43060442127 -43.717217862307 81.244994746229 -72.31122005197 -79.514073847709 79.694161679097 -44.956604588224 -7.4030338092125 17.564222339355 -43.796833562359 -73.515581010844 77.320182926604
-78.703039054135 33.824548545698 -45.684541315507 5.6593334849917 7.3178602855573 -16.424202078516 85.11289441215 49.831220369888 -23.997459441148 11.281990932594 -35.513022442009 -26.058617479139 74.90070751262 -70.564315640897 -63.761861983765 46.463021392678 3.49920286973 73.399326819943 -84.403994019887 77.866464741956 -26.481778495143 -40.057371806564 1.6539357620192 4.7128337642005 -49.536834418931 -30.673851239994 -40.184737304805 -48.950556040495 45.396356258938 1.9218332920463 47.973893285521 1.3859840439021 72.099768667133 -30.592580273058 59.68803658117 -69.647812739298 -12.093512593438 -89.740610456245 -25.32219818615 16.777981723563 -75.044956216035 -62.958282615056 -24.040373544968 66.152202812061 -69.867444770733 -79.97229132975 -54.856924955376 -58.00553222771 13.532475373596 -72.008661173152
-24.558673856865 -78.215986113182 38.055374612267 -57.078292743872 -80.814327790643 -21.456084827325 -40.930404482317 -80.101174733045 -5.676806373611 28.025014297012 88.762583302409 -1.8869382204565 -72.922511603832 65.79236300665 -85.46225792324 -27.541022150848 13.71214666114 13.794433736225 -68.352168220994 20.166547893421 -73.074066074991 19.748182842953 -5.4977875031605 72.748113482009 -41.121940381538 -18.095815510368 -73.486505563197 39.828022437453 71.551550549234 71.60153618737 73.165923313544 46.116467090605 10.438263811162 41.641324375001 48.789408298843 -10.981757443514 50.639491751286 25.602180079009 72.914159773362 2.0797375112534 -19.232150287804 34.827779158968 76.901656418851 43.44746938841 87.503173734299 -79.989750715145 -4.3754380023068 -83.072929435277 14.820244759316 28.094174918844
-27.004776255819 62.444852749514 -4.2178573869192 42.357112716773 36.040959559104 24.187973388492 65.938810491224 -62.578133126212 15.467978610845 62.109075538539 8.948869494881 -19.671709935337 9.3343334350716 23.614343015378 89.466148622537 -48.903887765305 -0.46137800802093 8.7183852162463 -8.2681128550754 45.509488488587 -2.1992037620204 15.873387725153 -84.519159759711 7.0348469911902 -55.754181487643 59.455175875985 85.335934446226 81.512068758065 -86.70693839928 81.374288636059 -80.923305404982 11.825440612268 45.413347833008 -75.55632485947 -39.065957903396 43.805771371021 -74.322911544352 46.413555244688 87.358555656184 -47.885723630686 -48.561348033416 28.223638385642 -65.166960054071 51.41429063848 -54.206194419935 -54.730447284878 -77.96945613174 45.866854295603 82.940714857545 -45.153453441737
-6.2936826307563 -80.743849844876 53.804196114041 33.166259876934 38.0613173444 89.676368001804 11.420170085275 16.396054737854 -65.855549269235 51.049747146216 86.073994356941 46.141561025978 5.4221818263388 15.856136520742 -13.264319761751 83.222682488443 26.64562294069 31.82025786551 -70.26479815266 37.53952206142 -74.827254739925 60.777576657223 3.832109384095 31.918561865203 -8.1674108695128 -41.916058070706 -49.545040489964 64.848648018832 -2.612019780247 64.507228476935 -19.793580087075 21.340716521953 -88.472068059887 -80.195678330741 -7.1722648702218 -66.510400459326 -72.855970355164 -78.825477724821 -39.276138541244 -75.816225532294 32.656196392987 37.654764792721 -50.803882653402 13.338383567639 -31.601209788361 -66.741120167935 -66.755424617508 -53.582098365385 -44.632520006472 6.7930118174993
-87.713465277627 -20.797753574373 51.855620978327 -8.999212916748 -74.968819317275 18.304692258976 -75.250248855995 55.301161200225 -66.773185645976 71.789694917947 12.318532309932 73.670801784381 -78.034339162053 82.992139834024 -61.477675056395 10.255304247661 62.679695397596 -76.248016737414 -77.752588575661 34.165992604129 -41.079068809256 -36.355396512955 53.672006736237 -70.401585950358 -27.731674557328 72.472496475771 -37.554339431879 14.537827890523 86.418544730592 46.498269030959 22.738508706383 -62.88015633112 -27.444724301212 -76.047775098158 -27.960151368114 -55.207511462823 75.999977840072 -25.244969989375 -20.840497187108 86.068637765645 30.208356108082 84.76037201821 70.850990324582 60.086263547561 2.5494426285178 51.390279558826 -49.359356530791 48.557891347059 -78.000280124589 -57.245970888335
-32.93052245195 7.9885357112824 -58.580411790402 -88.057037664123 -10.758699102929 4.9702934562128 28.263628938718 75.269970202775 -31.57571167184 46.156639123942 -44.673624406207 -89.075663887746 -33.298945891985 -71.592008486201 8.1973572339461 -58.112463065441 85.667784686944 -71.918291172072 43.966398525241 2.6173431790314 34.512204874988 55.110156731465 74.51176811878 37.312595294958 -82.564082710605 -21.130015637546 -52.188429801443 8.6536839821342 19.933349245379 -71.004052818203 70.140587134635 -7.4744959520672 58.339367816232 73.85833558686 72.580508183545 -20.85842103437 63.395550207176 15.354337446715 -23.071478213474 33.579447200022 49.076613908206 45.027414926503 9.6037811930637 84.401038724131 24.252343629221 -62.050207607514 7.867139848755 -35.838889020223 -48.139564754749 44.939671526922
41.182259966923 21.728151706789 -7.4413838821824 71.349740062319 75.287034413387 -36.799789236267 19.40562602021 81.31624183068 73.138367231865 88.514604431455 -36.411678069847 71.939775879904 -67.2838905721 -2.3603264211614 35.897198380248 -21.583993657239 -57.533688632075 12.865695697932 -20.84961365545 74.569225691202 -67.261083261746 83.125008385478 -76.14036620324 -61.890200060377 -50.955102880826 -12.790521779997 87.452433957038 -67.739027412677 59.697618748821 7.8144066024144 59.276798635028 -75.967590693563 75.25791018592 28.815074367286 -23.143787609068 -21.698790801984 60.655111402464 -61.008233135663 -33.024988332027 22.907670063044 15.359925708395 -28.440723457541 85.246445410275 24.527186201049 4.9054848690832 -81.315060041081 -75.996679275051 61.07536337106 45.611355714756 28.455623709932
0.049232488574987 -21.308422190544 -53.337784344723 -63.918131706062 -56.646164986929 -68.465925231525 -63.009335910062 -39.161170655947 -11.367395973937 63.810426862903 82.931841350765 29.908191901768 1.593192724586 11.036564955669 9.2979277168668 15.452083822526 -36.120387352884 -85.729964289475 -35.810294130037 -8.8784878349342 48.077321580559 17.846103504572 -9.2276743685716 -53.278096006763 -35.866821098188 71.862376616251 14.674317295815 48.772719302202 -21.67413226492 48.863223010353 9.2944886713869 -28.754259486287 2.9730481448966 -6.65538735544 -48.361753740299 -47.373813228293 89.601597320784 71.347179795295 77.724808826645 68.936451755351 -39.62711185344 -63.092954313222 -41.044353148222 17.956091849872 0.33567025229839 -31.229133599215 -80.053154992831 -47.159521186609 34.304819533964 69.496115238541
-47.355428603172 86.635536138941 79.91350786743 55.212096071153 14.722994421686 86.196896908209 58.555744317619 70.585610022428 -45.21249401152 -61.83970465625 -83.014476710309 -46.05600679764 8.0423785360715 -45.928819273302 -47.834213319574 43.295990663316 72.888207461602 56.556031186796 12.174345184014 59.656325546088 51.54211720792 15.338644315418 80.81344026834 -44.045034143146 -80.959754249647 -58.256830204432 -29.433510655361 -86.187534507645 -89.246263388507 21.233559444679 58.740607298375 29.608590713709 57.873560335176 29.385254155293 30.833774523623 -35.047141447616 -85.708087359213 1.6362222309637 33.171335136339 86.762832817612 -80.459499900011 45.539469316254 -6.3481500050203 -19.217570608177 -32.692591507018 16.96976446356 -21.923242494294 -85.67488403897 -68.704498859366 22.480563241321
7.1104094319471 -38.673935695732 28.313711686368 -75.912167944637 34.8717263207 55.136389899355 -24.982023584112 -82.470818419965 71.268510006556 -36.242639635694 -2.0243626467405 64.644183372733 -1.6960887577195 -42.020385455476 32.761743184563 17.996482395401 -87.738301624789 24.695792538265 11.460371448575 -2.8227487443039 29.190748560302 59.013364443077 55.609091422919 -9.7021579061822 3.4267986204409 -50.140847025651 -66.326631794962 18.640491381998 -73.957943174372 -28.832310661019 68.1777912012 67.220017723431 43.659755505486 40.635855082702 14.268299161901 41.833656374318 20.21088522429 75.247680264316 -39.738514848555 15.941895658675 -14.659430348621 -83.540235105592 -79.073611014352 -4.2387005645385 33.871818236902 32.848555783545 -85.493571981192 -16.163736050697 -0.24797318270005 66.863044327353
7.3662021874125 36.567211308815 49.245151458362 -74.300796720346 -40.070050678435 -22.88220388744 -43.724413103901 62.099930459964 23.447521331126 -74.179344102983 -68.00317935802 -41.73030601129 75.32577777381 40.840389961222 47.965333058065 54.230189024148 20.353449542424 51.475654790099 24.878560623165 47.438571871151 -7.4196854099871 25.958045999067 -88.285353282025 4.7144473600337 -61.577232903568 -13.421682751755 75.005240720712 -3.9654808564648 -48.000266741923 15.787584751438 16.395880069049 87.980736448152 39.590889395316 85.529098231068 -40.963085311249 -10.37155272178 -18.163105493368 77.05494367283 -63.621735369571 -26.156193353883 -51.688054841782 24.717216514514 -4.4641016097831 14.803876410162 -77.379210857739 42.19051735736 38.077649102618 -10.182905376614 -30.697928394794 50.834609784525
-0.16619978424544 -58.847485518523 -31.700800313721 -40.989463689442 44.542303640376 20.983476979014 62.391347241977 35.223743201741 -11.517820168779 35.744792191465 -89.823934245216 -9.4829857995996 24.627569687949 76.667525504796 -35.125363403655 27.190645627327 59.613792603128 -77.711769953844 -30.985259042761 83.780336250729 -30.642334963307 -48.57318616671 0.68021879074254 -42.598049724091 60.764620235991 -71.158872114059 48.580492285444 88.202530069665 -65.924390817233 -76.019806944441 47.068356403543 55.784856156326 19.143410489356 43.959018152328 -43.380536406447 -51.476049835548 46.214639776036 -5.3950720725357 49.351490456239 73.854306773395 83.749865691161 37.045947810816 58.742271215839 75.218430060271 -83.295957662053 -24.650768324594 16.701774221818 -51.89417009294 -42.670926167378 44.088248934611
3.9659452164181 -77.866165717477 -15.1613712448 48.874544367705 71.194294684479 -88.66163991563 -27.902980617664 43.528412552176 54.05783904639 -21.24671197728 88.958349297954 57.97845554414 -82.909921833411 71.572391763571 89.951877188855 -38.111158781617 -42.126551895608 32.568917966615 67.413687201656 57.672579520574 -53.297434369457 54.798043431058 35.624246266247 -72.763618882396 -5.7824458111481 -28.922695805987 7.5679240481654 -68.632315428631 48.683942822685 -9.7688896653358 -9.6127906836562 55.916532236259 16.355007743021 70.601289750337 51.678117310878 -59.63896980557 -72.33176539752 -4.9492258578127 -64.394327383113 29.958172692391 51.137500813929 48.35326596157 -19.185189625596 19.77081610779 76.164415966682 -57.529513609835 32.110534684385 77.241820803343 -80.913177421733 7.3732147072165
-34.296561291036 89.530548185185 46.125749259286 32.126245364092 67.717093185761 69.543820673468 -16.535873565 26.45572011661 -8.7580811198191 -81.978324559723 55.662289699104 -82.204959655054 -61.770362306519 -19.191636548618 86.983724733785 40.53063188704 -15.87372058926 -79.125444300917 47.484416823033 -0.62013331030754 6.9776960068743 -3.2632131721569 -51.186054800118 27.56564509316 -39.800183605647 -21.180927674031 79.603175988701 81.13082683839 -62.500127890441 46.904167056928 -50.392369854915 -17.295593567556 47.124378592948 5.2476980778678 15.896781877419 9.8874116476588 -74.963153014871 -82.736665861382 -7.0896300777864 -29.176508432745 -63.293960838414 -40.514343923716 18.620741579126 19.71195544251 -14.019165506036 -41.056078720167 -65.24579323725 24.313189035886 -9.5058018947645 -36.21428634669
15.065956743354 58.548565270554 20.609329544958 78.49578470759 -42.809246961622 -64.079966486541 -4.1653595422358 68.967182562048 66.114271604516 70.763653202388 77.330130467017 -1.9017259424385 56.265705393392 61.520654886181 60.662702520462 43.650988554641 4.9972535673279 -5.9385153104121 12.722782374014 40.949369782352 49.786872395077 3.0065742634222 69.05926397078 -6.5867964905888 88.272635690634 -17.743721751158 50.332319735081 -55.502590360911 -22.240644995478 44.087425308737 20.542035548473 -62.635513565716 31.61642551225 -15.186003944769 5.4322047044796 88.52390945063 -62.933070707508 -46.144000153003 -32.010481018822 -72.104091965034 64.493490019553 47.91720367995 -76.143757385761 27.47167429125 -11.71140851709 -24.914726791677 -40.519809794806 -68.924122764975 -25.971581707325 21.782009839857
34.287013910916 43.801542174365 45.126079988381 25.986677365987 84.971678211219 14.342654617485 2.0829472759022 -6.2537592582549 68.676243752943 -74.619752788074 -42.366926951053 7.8784146503107 42.098770457212 -62.878754150517 -77.890038498729 41.317404869679 -0.67082028071202 -60.308409206558 34.094298667768 47.688387787185 0.29686092467395 -67.885355574066 -42.949858232814 -50.418414395472 41.290529260486 26.603104154542 56.644988193538 -2.3035327845888 56.516821522592 37.022837830806 -9.7673351889067 -1.581016623534 -4.933906171627 -52.601496633858 -11.752470587119 72.368443529363 10.675503486623 71.867332071228 -70.131787728434 88.443596698269 15.584439190001 40.991617411785 -36.386643135261 9.0985497096211 -25.360972103073 74.327904256124 50.583730857482 -37.680555912632 42.275612578256 4.5085031234666
6.5678479228553 71.350240076238 -2.0178271353225 84.619703665112 -7.9647605278715 76.036431493086 18.593702146917 -21.073672588353 -86.878331209067 -81.753611161555 89.306752691692 -13.131968779864 -89.290133390669 -29.405686843891 22.101010819026 39.890640531884 -11.652559030621 -51.796796489284 76.45685892949 15.467928991814 61.337797680682 -23.073606347115 69.652643117716 25.266793094526 58.370077042939 -60.760745380362 -1.0348608561477 36.781655388616 72.014778976042 46.028727519427 15.563763348388 -85.631386875452 44.135559287571 -80.420518642016 52.267545325579 26.783046887113 -78.231606206308 19.74545858164 -76.749530559747 -87.417382201041 56.031102065672 -27.940746879829 -4.8465120552374 -29.294804114827 52.804958438491 57.092627664874 41.381523559707 -45.250728217957 -33.095907905997 35.691151435634
43.798793491262 -69.493374902506 -81.023061127427 11.716290858709 -59.708664447622 -63.036621273541 38.367117464205 -28.926961388084 81.915126135403 -63.296548456747 -8.0725229823692 -1.1143357221077 -66.497566020471 -2.2178793520767 -24.940827135967 -17.599500048788 15.767651959648 23.206207359117 59.152482456475 -30.935311330371 -25.420341965059 38.239092731318 20.291798139289 55.744123276241 54.100135185004 -15.212528315351 -79.192956900856 -47.529677556304 2.5595044440347 -65.882972708724 84.082267847125 78.637380910097 14.624114643374 -42.621447835624 -41.445429719555 68.912898984625 37.774138521427 54.846919362729 31.593432050824 -27.163297262778 44.591857582558 46.993809472191 -6.0016426153289 -1.1854678961977 -56.380085225855 -80.663595282674 4.3624356589933 8.8030523229991 33.48747765484 -71.057936129372
34.803940655892 88.590001070269 -27.950352163325 56.790113886669 40.784552416132 -86.144941681336 -37.370529817841 36.085867336929 83.462057218793 -10.079505611155 -12.349195743764 -16.236287067445 -41.371115487002 32.515062168712 -21.318698323495 -58.804694250457 -26.334316748567 -11.620022570423 -66.889769900843 -3.7850687682428 11.915816106744 71.285675267351 -70.148712532655 68.845286954687 -1.5554989466178 7.3437030936277 49.975455063866 71.014539452046 -39.861378701168 82.952667154126 -23.218866356719 -37.719960238228 17.384732590752 83.098420077505 -40.159558461989 -1.5341502614224 -76.228455670021 -39.183401162749 44.875995940174 -77.717477464199 -34.852481654441 -12.965687385737 68.176036029286 65.086023169711 -66.205292523379 -49.286709933673 -1.3759063452723 6.2564929596212 42.121990927307 43.14444115621
-65.093422746373 52.845835416783 -25.40801500103 -77.998037892897 80.390979643942 -68.303363094296 35.377291631164 83.163299873961 -81.912773724584 20.699013021046 -1.0902785708465 -25.82927541953 -41.889559641753 26.340290462027 85.29854139333 -46.698677096225 -52.487369555348 46.953811822539 -73.619005029291 -65.40729936172 -46.013727273196 78.46509067412 49.618243308489 -85.637477872305 -6.8071864221697 -69.68527879356 1.0198031924921 -54.325190071837 23.170076015985 -63.228176017077 29.926118778498 4.7425960675963 -33.628176026121 -4.9413462269091 -42.675456238491 -48.695049860357 -4.3800630955712 37.080981030652 40.569310387795 -23.385367366384 -61.776450003571 -73.656478922421 -58.102392985878 -5.0935235518258 -48.266298388967 -88.150355182341 -67.30852201852 21.934379850273 -7.8471088971516 21.441703039508
78.702458096587 -28.334434958857 22.555695078902 -33.768750815304 52.794440605643 20.0278643655 -17.077450014631 -52.707426488413 83.52248688275 85.694743545415 61.303626845761 2.0537663055456 -8.9977518683092 -21.043900565032 -7.2624744512467 18.058465108169 59.215359079572 -81.957539736114 43.268932766611 -83.370076672028 -45.044726955605 -27.107078022248 23.98728659203 80.551424875048 56.631896388504 -35.352595341121 -2.227301981331 -60.318706156632 7.6334717063443 44.475099620298 -0.59471903710185 66.748897490779 -59.679772271996 -84.787023242894 64.604455751812 43.60322553864 -3.0711147845445 -43.294530055995 -65.60997594146 -36.714112128531 52.522530174369 -53.349688939886 52.164834205228 72.487702711443 42.837369238824 -12.996270293835 -37.399616494795 2.0049250146223 -43.236205906151 17.977600076946
49.696721173132 -19.056987501527 -32.954800832338 -74.39174886234 40.168975368432 -45.619438333677 -1.6883478092145 -59.298287873786 68.198581783334 89.477215900395 -35.626052154758 -7.6486256989118 -43.14036475137 -79.421327551472 29.853516435716 18.539074330013 -76.576659464653 -2.1215861290094 84.572072013113 76.993910599978 -46.220937440838 -59.190212359066 -21.298816647535 -69.636619964034 12.098973039692 -31.384484776425 73.90731701133 1.1747923907942 33.601625861763 16.60615082006 45.272635565281 21.37955296705 -86.085207323397 -77.314614990347 -41.604444012153 1.7212524140524 38.982604420531 -29.011495976307 -35.752782603599 -54.279371051889 -83.642392248045 -89.131556833911 24.172087231326 86.330126407038 89.895108571174 -63.983399342757 20.858426857002 -83.160230258575 56.7503377133 -39.66147587353
-70.308761306425 -68.756272183137 41.655216939786 32.787943100742 -62.848939689849 60.982096118888 -59.662633478813 -65.06731650763 77.19246911924 -60.32274661648 45.946904316927 7.7883790093678 -77.783163601976 15.580009319238 89.769613385617 -61.068985368428 -8.7017334036818 -6.3210862678587 -17.27423975273 55.912907312225 20.061388974712 65.339609810974 -37.258660152964 59.73855607173 -75.37019536431 88.624798090783 -23.320812424396 -26.242332923731 36.075889818977 85.506419072519 28.465107563057 43.397431283779 -38.842607566309 84.026518784671 -86.869346559562 -60.317949762099 -26.615698354974 83.210780047612 16.891702617671 23.034997369662 21.090274293972 -32.528373488993 3.4490233671332 17.912483597897 -71.010716440905 7.2100052206102 55.516183929205 77.515980847015 61.43364568304 -48.142494109599
-40.710851243309 -10.947581956162 -19.158279021346 73.864863973697 -83.970439450484 -36.890529022884 27.109194071743 -19.324530933606 82.322051699824 -18.915889510087 7.5024102534652 -30.498534271532 55.702607811347 24.350763813004 -55.451129365932 65.693315045038 85.790720864122 4.6290564862944 18.017335118841 64.421121668006 -22.273998913196 -35.593942495319 54.171365128667 52.905234482407 6.5730716306163 10.037215814951 45.638358170305 1.8244172380392 -32.384661861958 63.36829955511 82.274594771815 -76.516099217975 -43.970568495975 73.499220943126 75.851684569575 -65.259819600177 13.863058704602 -20.454303847594 -36.341570795861 -51.812099770281 -15.263822393498 0.0093423524792229 -16.055822186307 -6.5074734224398 -79.36212626361 -60.059238066943 45.335056423203 -3.3253979446253 58.37010916549 75.085435089684
-55.064959763691 -34.992152607583 -81.370641820391 -57.086457301144 28.653040838413 29.095312169447 22.461853048745 -19.973821928008 -79.632139256684 -26.130699440062 77.471916747766 35.784254552732 -77.639606129858 -11.812912491056 9.6489734551574 -88.578261647354 -30.068338538048 -30.34667616758 -23.965685420324 -66.07396450137 -31.77535790759 -37.821172990587 -78.605237172122 27.973758044273 -61.186025199571 87.269200085151 61.94382986881 -45.904822613579 -56.82555788 -10.382063921747 -73.325733182729 -5.0336963167366 60.109467818402 -77.423604690236 3.2002309759008 59.176518894949 5.3707166563509 22.558153327326 89.172662672634 -72.379770610787 0.55520952055375 42.612860065147 -15.338629671721 10.093932014786 -54.552143645953 29.3222839449 -45.756470722844 66.434703426885 -33.877346256278 -51.682770773218
61.925882836151 -32.231319119375 -34.617767179799 -11.915831384935 38.521853430825 -64.232896105143 -36.681254793747 -71.435286207412 -80.537651253813 78.468006164276 33.527649295969 -42.790936557978 -75.545130471904 -62.671071955073 89.083157076549 -86.366046646941 -62.694045512267 -43.635372414816 -14.893351297107 51.348524394659 -70.313211390049 -17.930601423626 -5.6297105619384 7.2228451944581 -31.423321643658 -67.29033705936 11.667001271114 -89.337488513637 -56.863658146623 -30.94692661641 69.083939683915 89.011944713915 -76.884783270753 24.364671760438 -42.454249349949 62.119088487466 -81.130849357686 -37.769345391236 -38.17652830878 -71.011683959936 22.634322113966 -31.511204715433 52.589524880572 -47.597036687105 34.603795058038 19.771216250931 -67.967309060763 -67.008440009114 -52.388946720143 13.629456176631
89.574555666921 63.529248763809 -31.852007259587 -77.794144474982 2.8848029177475 51.438405417134 -84.831375765599 -9.9821297069167 50.801915981191 80.041628670803 14.857489158308 -35.691204752125 25.462791989893 -19.043401162877 -46.659216202161 -52.481011205642 71.493271855635 -69.970230386898 -26.780375048724 -89.773959436228 24.295812799809 -78.33678687516 -26.543682035447 38.231171826148 -77.953811180324 6.8714431103906 -45.285886103189 -0.83924064924226 -88.510606959775 37.165349268282 35.433555002085 -41.34853819235 -40.48085741402 -81.338155025255 82.804561841997 -11.557621410408 -9.9286590013564 35.304519278651 48.658562369302 54.625901476719 83.649732581009 0.25205249458659 -54.921439459789 64.512673013026 55.958510759089 -84.652887771909 -79.663859525952 -44.097657095555 25.588126118218 -37.404793542931
50.561819972214 -64.171725271651 -31.889602637347 -75.905543369659 67.043561024057 -39.246673127116 -82.931134192989 -13.815887316201 23.689267562037 -75.637042897758 1.2079040605117 -67.848790990099 -79.670075206737 3.4171503968739 -24.957755463779 49.53223898114 55.573145333013 32.104685511744 4.1143990323786 22.226115098433 -82.188539214222 13.528090097256 41.781497737539 45.057504489363 40.369542607707 7.5845081981144 71.388396166754 -17.648319416493 -13.992214433617 25.754308586643 26.030714815365 -42.204570552123 62.333736681407 69.293804421725 65.020843199706 -23.841610132929 69.102531717335 57.983333206176 71.673938374595 80.480428925097 82.946257757454 -71.588109098729 57.815678582639 85.375886048127 24.75183830766 76.52845260121 60.71347331519 36.605547843954 -82.541332140249 3.8496543156261
40.451525421937 -54.747495171115 -86.641771011648 19.795328613013 40.580142560817 -35.948917740652 52.241287485527 86.519414371361 -50.435083385847 3.044732448186 16.935124865232 -47.369973694767 40.017647849151 46.283234091178 22.35467760198 74.32543648714 37.823488328703 31.569879857163 32.38505864984 -49.200476658932 -6.4411520681086 -43.199170808558 -9.5457094726241 -14.477658065125 -6.5815951183048 -34.620573095332 48.544561507421 23.449072188693 78.243476629031 81.988270239463 -30.920551198879 -60.256931139677 -21.307468635863 19.171776887057 11.290140368944 -80.1093079352 83.775834553362 37.245987219101 56.025531637286 16.826742536453 -43.075937986228 61.659719429922 81.417435452717 -60.103769427082 -3.3189780741198 10.276353945687 -2.3664031905156 -68.945808454545 72.739757821037 -45.020716950037
34.625794578418 83.476519709809 -76.277635320758 76.285501972967 -75.468816992577 -87.15073124017 -66.983643994604 -2.0155379548051 71.891498827093 -59.111587189579 -66.168803700394 -46.862136620006 -39.863264018883 12.218841140576 -87.644737214788 -62.706668206218 89.58713359763 -26.481874069101 -73.203097471484 -63.513193336223 -27.045452100632 -1.8732166488892 0.04559332939553 -71.048074303489 -36.594469291186 60.228078447546 4.440416073863 17.439794381575 47.612007301683 71.552473437283 49.175416724451 -67.25936953223 -25.014960612416 -50.155527726157 79.019863406339 19.090705422671 6.7223023981875 -40.698969931272 48.681744914522 54.451090054849 68.730500687736 23.92094764539 81.129328228369 38.020549419863 -45.9891563725 -15.234724150255 -74.465638374269 87.697222685736 -72.071786141695 1.7484899148628
-0.089800640146208 37.006087388669 41.163200224412 -13.89574771756 27.261129777837 -24.237652594539 29.399401216096 86.377901757604 74.037167349651 29.655447305463 -24.536387909062 -46.154805968147 -78.930749710425 83.575819850562 59.469095114398 8.8826662451109 58.992463856264 -73.270009735845 33.872726708834 -10.107672309803 69.080871333465 -2.2077771913077 -88.470328396398 -61.130908533032 74.413022371719 30.886163762752 -57.334156164487 45.189640477669 -18.418995395595 46.821009772038 13.995678628933 64.501984540715 -62.748769333726 -63.449629470095 -62.328971316653 -68.373410071268 82.820730042483 -61.868062784909 65.424025636139 4.7208715160791 -4.6216833039754 16.117677534701 41.641424874113 38.006896656535 -77.638948577831 -42.277617347568 -74.169464884009 -61.305069975352 -83.035191420867 43.739308637365
-24.704090070092 18.68201770216 15.594508742493 -2.7377284050424 77.26679113961 14.298970352761 -30.388135642474 -89.033150445696 2.3774086359469 56.978502447447 72.788483796743 75.416476452295 -82.001165836951 13.385683060658 -9.4679859572721 9.0233861322258 -28.800524557958 12.130108883144 52.456597955784 -15.992191188458 3.0525639228196 37.497993359809 17.183048302819 57.820784351032 -20.095520555254 29.858425449139 67.158300159251 -87.479217796502 -44.649947765997 81.70297876227 -65.402698560011 70.933942097492 35.229912011059 -10.442105248391 0.28510423046507 38.114795085516 6.5184266676259 -77.506028732089 70.84408149968 -45.75839587474 4.0090239537329 47.612111539703 -82.114134023107 -41.353820503833 52.789266699975 -30.893024457484 76.530358655914 29.729858491566 -61.312422745003 64.885051398021
-54.399544488006 26.745272733946 57.07044197243 -49.364650066895 -63.867319361668 -11.239660999456 3.9522238053392 26.283230029467 -62.285265272238 -12.755974403774 -70.364572334234 73.336399920255 82.721592388498 -71.076751280342 68.009145145732 -2.8736943992354 32.866928439378 89.530191693768 54.348442223668 -83.936596582105 -22.092788243878 -43.769459063274 -57.409957175867 10.440396087311 82.303433364591 -57.28476049864 52.670650417613 65.8364324734 68.685418305026 -6.7854760362259 -8.6626590475813 -34.435906000983 56.572406671975 36.277776944365 73.39883793396 -87.608502414556 -31.895558313151 -8.2667133426437 13.692036261008 -26.411154972119 88.366323407602 39.312326827073 -79.023193971264 48.057573683921 -36.734984713207 6.3951865175197 -47.732110882461 50.591275927529 61.282865425334 2.7847342681862
52.454491544075 57.760258910333 -4.8773465252008 -47.417046961282 -63.116142220444 -55.452413163581 -65.661580390294 -71.407653032958 -54.109692480353 -84.603344378283 82.67578131033 73.141789693396 53.057171723615 62.980471403063 80.70469458912 -14.903452207181 17.156606388728 -37.536432146005 30.30746117744 22.283451345861 18.318123394652 34.067014705916 -20.362580712173 23.193715392218 -27.930219781699 48.163440436345 -53.394885030358 4.6088256065096 27.103499721263 24.691199996941 -51.521583325513 -86.158318236776 -13.852261727073 73.316392488156 -9.8005620404534 -73.107588545692 -2.7238313071541 27.038083236975 -66.442859346177 -53.862173700189 76.750565189584 -3.7217813992377 23.067764748515 23.485759972991 29.391756545053 -5.6119289897529 -64.121530163572 -86.517982705357 83.878698965992 46.954174772074
76.36040042064 85.532319937059 30.459726204977 36.647483052785 -17.683035428961 -77.558979454864 41.650048865093 29.36847070838 32.019110382263 2.6421395287771 80.061499086953 13.564587435061 -44.352298639472 87.192290119411 50.803125976242 48.37968468452 -26.235817978061 63.037255858534 54.054814363568 -32.664002359808 34.274193397453 -14.527962861447 32.220027594255 86.695459663017 4.2221194306679 -87.043515296273 -50.881734286214 -62.669311563911 -36.56779081704 -25.340010410201 63.566687515496 -72.204954561514 -52.285946026037 -21.991467178139 -63.606101894676 -47.536011578213 62.433534362215 -75.15575484519 29.911595859662 -25.575864173297 -88.388415341627 -83.587325173304 -45.588494062653 25.148589865652 42.708166139483 57.319859416654 -85.546587445297 -73.937062245942 -70.21775702319 45.547998678406
84.198588404371 62.596045599657 -55.24456383139 -25.898248431076 41.322855709131 -83.330616047202 -84.783185316871 25.227404149232 8.9897056623288 -1.7997927626013 -27.244960106974 -31.302336578568 -56.031229772942 50.760730432599 -27.132436603561 -70.710168451535 -85.963631639542 -21.817730411468 -18.348645746862 82.12848383413 -83.738822444404 -48.942626007526 -44.380309024619 34.895282110372 -58.12356501667 -67.518013090975 3.4764838603168 59.707127194461 -37.798599674553 -51.856468013602 -81.732360139343 -50.223487306722 -64.494214699174 10.437701196353 57.493068053852 -7.7068489711461 57.972334251105 86.338925685462 -81.359446449439 75.810365534195 8.6771639045254 -1.7868988370975 2.6396432565527 8.7312731890476 -10.860917741675 17.032353440406 68.277461530738 -18.320045757845 -40.288385098161 -68.748887897346
51.947163613325 -86.911019089024 22.857570868064 -6.0425471010424 -2.0191820775873 -31.234093151297 -2.6372066055426 -9.3846719880494 54.25923378766 63.468865457819 -22.999771217561 80.777057931627 -88.909629548047 -60.155352461466 -26.926362462145 -61.489158018452 1.0935366418392 17.768990867672 69.349438981369 -62.729001064404 0.41740190408339 62.366228757762 -77.150031096189 13.78050710124 -40.95957787238 4.9803332948658 -43.650721439916 9.1620452883697 73.090471812509 -30.19588281773 64.770499793381 -32.657752358744 75.554879996119 -28.986764320204 -9.7938124968029 52.269158073606 -23.089228878279 24.254813194534 81.014807985597 -8.1609584860356 -9.5082329210363 -86.404113327091 25.416345318371 -43.153689192735 25.076531668543 53.636153955742 -22.984858888905 15.21624230585 29.802653009747 -33.932980608803
-19.358836032677 -24.508772872584 -13.039850992984 -82.7530561296 61.796150464908 -14.684923480936 52.335340690664 -87.58343540193 10.060052737403 -60.964268107187 -39.68360017079 50.937497146388 49.131656651449 -68.46913727373 35.197236729936 -67.599654376844 4.2911626294565 58.554771330853 13.270250166991 -6.6213480202534 -78.254056085357 55.909819597769 7.0512679831081 52.898082168375 68.358332779585 -88.856456945368 82.042756957681 -12.276615687995 -52.93202075191 85.054710359081 -54.241765212505 -39.339280098539 -42.13630455424 -14.876642853938 -86.984247747255 -80.717438105489 -40.999525878803 -71.056459472005 -51.771333780143 18.662848280221 -33.954159056573 56.092439728951 -6.4336410793237 23.361716117446 -20.862795868635 2.6025247534185 37.559106052229 -9.9382156950888 -52.70820779461 -7.8097471241756
53.829679755059 -73.810189587201 -62.502535228159 -67.17759458788 -63.493439420452 -58.737740302462 21.06252220165 -84.556368422058 22.357591951494 -42.126897777809 -73.842003702123 -14.093493105685 -65.514199724685 45.997992339587 -16.59628931064 14.438808787945 -54.247956723085 -25.054998537807 -62.294797884013 -1.5066821411627 27.410205137532 -15.314466796263 57.984143436676 -73.34450876392 45.3431961976 66.948851749216 16.379202547592 81.76288091238 -17.084463780632 -48.433796634171 -26.582383637384 -44.250093426855 -45.625624656274 -29.763584583892 -0.16802987555026 -1.8626589133389 -47.065692622765 -77.070872178153 -11.828723261312 56.383924128802 -58.604613805207 83.484209157932 84.884673000117 -4.232679031397 9.9686413121668 40.256455006083 10.913229023795 -19.091933536905 -9.6633870942108 -58.6149236585
-30.213944162413 19.745747634143 -67.942462964795 27.02660690168 -8.5292902052625 -2.4080626933666 -6.4853450780926 39.872498386207 -84.601260339208 51.447957380243 -59.240999056707 56.278909565112 38.027731270364 -76.074803171736 -62.258380352552 49.787456193541 34.24137135284 44.38364965363 70.873011636515 -53.532470654808 52.961476215455 -84.265881118062 -19.410208135171 16.258384282128 -52.189365326974 76.737563298536 35.535001103325 8.0087109001662 9.7612384341054 30.019457934859 -13.714277007919 -13.210590218586 -28.06480830885 74.500037189496 83.966097767401 83.05419708925 14.443172203473 2.1637385126302 -3.659374351723 -72.516433651065 -14.827603586936 82.412708180978 -15.624637099471 -71.601184439038 -44.321174521899 6.2437050714461 -78.541733300333 -56.377724935406 -4.9217887032886 -86.319681453453
19.810975000073 25.89411557567 23.104141483834 20.189245792761 -78.310184113871 65.649750242588 89.36213683112 -44.58421268505 76.16477387175 8.0925527123956 20.968340044885 68.358703947007 51.856604874508 61.458855837714 61.775902297822 -57.115994856197 -29.036578172262 35.321573317929 -19.367656113239 71.984038677601 -41.913122043175 -17.279388455073 -77.952689420816 -63.61536230546 -2.6604696842497 -65.765216114134 8.9413891141955 -14.359839077535 -69.882813091179 48.179671283393 16.420906495549 -49.506433560009 -4.0396253170863 -28.267825489282 -62.607694552558 49.049290570139 -75.079464880607 -15.169055305582 29.21424017988 8.888140797847 84.278572525993 14.76089734573 37.824476634527 68.633681149997 -32.439275443978 21.389662038369 51.806040813835 83.090561186378 -26.899469070753 61.455474071049
-63.015182838136 -54.810820291302 32.859011887355 -40.393960421096 75.665006659839 -57.146711450324 -72.008918966836 -43.395349609725 -1.8746149322787 -85.374892074591 -70.286311221311 84.352675574175 56.071008423754 50.080849169197 28.13807903305 29.843320204899 64.530218315567 34.1980441881 43.88885987804 -10.117182950219 -28.978924602292 -78.425605786328 8.2226744990131 -42.610206004781 30.771724019276 -17.402561915152 3.1592272087732 37.695264350413 -69.931656156885 -23.54945207762 3.7312250618485 34.676970389361 -85.255554499809 12.322195367995 -73.667404606324 -78.598305658116 -4.5431266863277 -75.204069044025 -77.735280055622 -89.076284079834 82.793679790825 -56.994534024057 6.1678684248241 -54.953135795184 71.340480572991 49.273629900864 68.890764519293 -14.321852560318 72.758239608828 71.52502278593
-80.251491564618 -49.734539272194 -54.594384847054 -48.17313811383 -47.464274647337 60.541204846919 -60.07894896071 31.438081849951 89.209168870316 -23.792813902846 -43.832287382116 83.600342476652 55.184655109508 -32.129225871347 -17.171714927159 41.031953672325 24.626027963487 1.6430276479203 66.525556292443 16.316763354016 -8.3258970743726 43.360065110184 -22.364033369758 -33.502300294056 -62.664896914143 -25.115387024568 -36.193324759078 -79.223170855917 -15.033100012407 -81.302340929182 -30.144717892948 39.054448992298 57.567849176114 86.731040615411 -30.19303697084 -3.6891522536882 -78.646942935277 11.090862105274 -89.731854166433 -74.297835742223 42.070417720593 85.229181413037 -47.266597302592 -53.77371985241 -50.917471477591 17.545032158162 62.676172045416 -57.94387645848 63.652866441457 3.3719606241138
-53.727840946887 52.521021279729 32.740740821769 56.055096594154 -10.446559052433 16.438792630234 9.7760947276209 -65.772130631137 72.477183952554 81.17264817336 40.104865049107 61.136020403722 31.962799846614 -13.83058479517 39.037029520422 -7.7341093234099 38.177488514921 -23.700748348514 36.78477001614 29.523558404681 77.783733843785 -57.448285410843 35.889032806806 -42.045428877723 35.304198282385 27.959480983365 60.31016621189 70.548383754442 -56.546476000236 19.853821790545 -27.38162947316 -33.997973723615 42.869810304128 -49.820021264839 39.254827039775 -79.543496390226 -82.252139005947 85.464860940936 -59.33672891167 -13.433876358926 -68.03476106755 -57.185019502772 51.007640800273 60.890833192009 -4.6395611583882 28.175841933405 -43.609236559283 -59.747642163407 -74.527415572014 71.128669313132
