-1.5516305736405371 -93.3872661659206 47.301382357449114 45.39713079634379 -97.42724818569806 -39.71105794836125 0.16413395044823176 94.04811490965545 -73.10406946057257 0.8371795016116153 -11.689591290463781 64.6237778708757 -99.3733895127142 -48.3420790980446 -7.021988008621776 -72.88027979540537 61.874639512757426 43.891512988301514 2.750004560195009 -8.579953786037464 31.721580407955457 39.119717070731355 -81.72960396232745 -8.718139070139188 86.80596574292409 -2.8987096331878064 37.490569892188205 -34.55642404121801 -49.77818158824494 16.09895099006711 34.26607962321282 87.99036386692299 -53.986816603600786 54.08623753197517 -64.75101347345907 -72.3127545201693 78.24894717075142 -99.51872665665317 -25.430337195346425 -74.61389985588222 98.20100307280134 -91.48423221478257 66.09932369140992 -20.840926699985786 -99.68743759497048 -40.949296459025895 -54.41979250704354 0.6948167660657987 3.9753446482844197 14.688386065974157
-84.37539776109915 35.67446086056083 17.379272582192897 -76.94996344896231 -61.36548356755214 69.78498117185794 73.79637554615985 62.80888655649187 -53.73241637548636 -4.447057195512997 90.9614139375193 19.64623887244845 21.88544875650736 60.35363654923168 77.66985353706437 -56.11181518135295 68.53283453553468 -59.18786790347463 16.44980747981515 -30.852203736432074 84.99298327201984 28.021227303616882 -32.24261285403449 3.84547997772799 45.27167523736517 -2.190443040865887 46.26791342037731 20.59811828995683 55.45112966693773 -97.81181468040194 66.91800556180203 41.121848935859674 58.62643912181562 -89.09629690653847 5.493106561083209 -96.55044579410266 49.63348378949098 -12.196344346323642 -86.60923733883604 8.664205164497972 1.5494716446348349 82.63782512774617 23.535710461969956 20.221676948306495 72.60907699516744 62.31721104155639 73.53949937115874 39.07032165294149 -54.04937518691311 -96.98524147558649
-64.33591165045418 -32.33464953933233 26.43428188036654 -33.31939548568883 71.85540897451165 -30.748611904806296 19.782969213256067 -89.87164556174135 -37.90333477523551 9.041165956937107 -82.1502840407901 79.04652171329184 -89.48176190954584 50.02165272404346 78.36397353329309 1.9926911090673656 -49.15561679736755 81.97088232471813 -29.17243938130612 -12.000859136654782 -9.616342216052317 -97.19079320397579 -47.95948953162681 6.212108722159982 95.45561903130556 -7.073227308886459 -17.895782872058746 36.87286225168552 25.525352137011282 -45.87233477536772 -59.94297316687107 -36.977534588811324 82.35928303029064 -61.911043996949154 68.03126471177987 -37.38580158069289 85.09244585807875 -21.607575191810497 29.469299037375663 -54.25173724431176 48.969858271768146 69.99235955804653 18.97646597788787 75.94336026378858 6.7501259029977945 95.3367654882492 -84.18227221435049 -71.10287599440434 -62.2620941532505 -3.0749402746362335
51.29818684047686 31.733161642015546 -59.970760046449236 -77.5044964396627 8.629337722915324 -51.51634147551625 61.48930963780782 68.64984097342094 -58.04937063740145 81.90925330143415 33.188195694892585 -9.258582779031883 -5.29673613236028 56.54989893826465 -13.361309287255835 69.14028119545287 85.66762098154393 -87.24822730647826 -88.20459674215297 -7.868691998251066 47.9356895372091 -32.91248986253295 78.35046582991464 96.33435078006917 -20.126272192339002 -70.77603427549775 57.407463549097145 16.767866194782385 65.2648699913866 26.146386965823055 -94.26246406651751 65.08197782962279 -29.377368631030066 -89.31797479274587 -81.21039256959743 52.50715368917818 -62.611419063478024 -98.82042695444713 -76.09509932904515 72.85190541019847 32.415267741436935 81.23618239131082 -69.7934918050947 4.464512653745416 -49.828402402414525 13.322748435146366 -96.42409301784068 -20.285950589342505 27.94607856601681 53.1586487922184
-67.87952212491064 -55.919083061420594 -74.74284111704254 58.48562583597845 -97.55000099035101 -58.838501403232236 -82.7886853008172 57.979280019697825 -39.086502340997356 13.515008254750356 -23.574145362113285 -9.583011159227908 -28.310029292181667 -47.657986759015934 51.608678207281486 -80.4203175755821 52.20051627467228 -74.29642785702106 -6.453906900807354 -30.622826297221366 96.81902765661144 31.342681485336243 -48.67027566645754 -65.25388747136151 19.370459651784316 84.09221149326024 -91.10062616480849 28.39125099729074 -94.64979448144948 -59.83324111076151 -57.131726005200065 54.13186740487319 -14.08147124874408 75.19901708933651 32.15047357606986 82.56065629635219 30.5577052931458 33.57142198609509 36.38050304515892 -55.449594890439435 -13.209234646556055 -21.66358604694223 72.77977125191089 30.914151850888828 -64.54823042549422 83.21272683156272 -21.33254428466347 74.47334201776644 39.74219079258185 54.144147296773895
72.79863690994833 -82.58178027397074 -90.16261760747992 -51.74059498902117 -36.68357379159004 -9.218917018748328 64.02041012110462 -99.74439757858696 -14.73195220278572 70.74080905437751 23.31051984718829 -25.396640583789832 -61.96184057235292 -44.828089013764604 -86.97751094968706 -98.01468283485019 89.27964646487797 -48.28713987507012 -27.38576874710195 -53.30347437621943 -88.43360164842147 -33.932914253528196 -93.24468686904466 -70.12116209734955 36.20879510535033 66.18013626282811 -93.18962037608503 -12.385379591276717 -3.737499544471376 95.56415313927994 21.04769615997138 -82.9101551717369 66.68233689630623 -34.096108453799985 -96.79966641938816 -2.3509020458070182 11.460019618175508 -58.14702073894147 9.218252226745548 -8.61606548141971 9.921169547313596 78.49020889410315 -9.803290584881921 -30.278115950947225 55.86076413730575 -9.80863258341141 -9.834977800952231 -29.7334818084733 -38.98517859631028 46.17253173453449
76.25503697931794 44.778053064729875 23.86080886071062 24.38447053148927 89.49612789172005 8.965957353164143 -19.46350066319735 -36.52836225648994 42.513556477237415 54.190116699910504 55.36092177143567 45.35541818846417 -77.56933525344337 -25.434457302276485 63.67181108610046 -67.26498279386222 -86.49838343400866 84.46861994721243 95.57294970292398 -15.510194991419638 -51.048082366282664 99.98852613985264 68.84479696963913 -70.6976623837771 -42.03194324360504 -27.3263826688994 23.590835351036247 -23.528648107460143 -5.8027494368433565 17.787360715235877 -20.1242870180117 -12.038827256691405 37.16554364738417 45.28223793008263 -80.022444592504 4.382335779671749 91.29508361347902 -23.275209710996037 -87.27928372674249 -69.60515922894044 -33.65156810064806 -74.44448676786291 38.87232228722388 -21.655111939723668 -58.129100629750695 11.199329612941213 70.14056736755597 -50.74397677179476 31.22346305775619 -63.63716784069424
-50.86338393223073 -69.77280392028122 16.765251885765522 76.58636992474007 -23.466460865155 91.28291665040632 -44.21407404854995 -84.26609763559578 -37.459994574159026 54.69987810711186 -81.39596727698199 -24.149390635362693 -48.87333544878305 90.0502520053605 46.4283491390226 -16.56162608512011 35.80316472843916 -58.32839050652121 -71.46073631545518 68.43127951825264 -33.44352493536904 -44.25796223776779 -35.89971567250967 -32.215255436325265 93.35999824906398 -71.4325153813366 6.194556084812248 -62.58749590040451 55.37279980191772 16.679922801018037 78.59524408315684 -59.22061603350486 14.137231077059027 45.65691511760659 75.62060703169942 -58.325704079960275 6.077980553704478 -84.18250025083995 10.942970570055465 9.103417116044525 -10.19339035854074 -68.21531929439304 96.50248021556575 6.329594406922155 68.92827252304633 -28.524487294823643 62.3047593825419 39.30151087172831 -81.31161459067255 -18.31267885463768
-75.02399668187299 17.819110988470044 51.72542722519489 73.97127041090846 79.18275607100455 -54.43579335695459 -58.78572320760005 64.30563483005736 -47.72040104338091 -79.6165301386813 -88.01518599757365 71.43025657546852 -32.05176182181222 77.78169802242084 65.11024031330373 51.15688125082954 86.03474153601178 73.7692303902509 52.273834737376575 -48.930303366547136 -25.261373113578102 38.69191023245912 -94.03449273060502 79.43395670252175 30.157301742900017 -80.35318974453467 69.36408538110115 42.648384633800674 -78.21231788423175 -1.2764108236012106 98.89998255390466 14.497714358706148 96.16554919708364 -47.60835049858323 32.62731139609639 77.96043877401812 59.54136424190287 -31.398192878168345 69.92164568522514 45.698967180745 7.844816982112263 -50.151473146965955 -20.911626170287605 15.409341012430929 -64.10234162847787 -46.77068678306513 -18.51391531791306 78.8849594481153 -63.92732869087902 91.61145332610255
46.794374216881295 68.90364703571038 42.4407152144185 77.12750640551963 26.868335576834454 57.56289463333718 45.19333814485756 15.057147006432743 -85.85412628508023 -91.18781710277997 -73.94630860066762 -55.10299407106558 -57.660198132232466 22.5034316299012 71.01533379160608 -59.643114152230666 -28.251298127289104 4.030103552172747 -98.1263668123967 90.56859004556753 38.94041665949618 41.585875261373445 30.4526814573083 66.3914907592386 -24.703556079932866 -83.14234618113974 -54.9853104669906 27.4642567175095 -58.17333913097733 49.777086724561315 99.50041922285263 92.61551883127316 -96.28152132510645 -2.1624545469140344 27.391704088548295 -83.19806818746946 68.29729494235585 -45.12491678619892 35.07802661812178 -66.35464971810077 -63.635440705706124 -46.151816801543255 58.7737984895102 3.1470074814841382 1.7158905855386024 66.4722458710464 -83.07065272989809 -62.5778963235504 19.20492423005807 92.4723577188081
47.45934706558279 60.89209790609971 -78.53262963433185 22.14327695390341 42.23042263952175 8.295757290761884 5.801691262613204 70.90444966849648 21.038670160615894 -52.371217577305806 93.95524273505484 45.29070430295735 10.428549957395575 27.60595932056431 43.774294079551055 9.06751443305751 -60.62958366143485 55.668474019188324 40.83292507072562 -97.85710530978594 -68.39551118456386 4.478718054432363 -45.1800997679491 33.46875818343821 68.47548697214293 -19.515625888279686 11.612425619462257 69.21590142964862 -53.14072143301556 -93.31577197782433 -15.71921412273933 44.64379826461308 19.45359242605342 6.369043262425961 -33.64353472566826 53.874557088060016 -99.87379510452763 51.371249301872496 -41.73757078974134 -56.47729455116948 17.22011052244592 89.96663620452742 84.62588791746566 -11.405647636860607 35.42085951058209 64.05391624501803 87.97786225001164 -89.66225533234737 7.130585362315571 -78.00037513811198
56.24664420276244 7.251898508914877 -48.13140442764605 -31.536487737359778 -78.0626056714583 -57.267998712859544 34.832613010104865 68.95367596592473 -28.69827634810926 45.86054704030079 -1.6640236835785345 -45.951641924066266 -30.95668274219618 15.889163744862643 74.0862350791499 17.325949005822807 -54.305358868633945 57.17965111570112 15.564651247011938 -64.01342578933708 66.15656901056656 -18.595120402637377 69.68682575266655 -58.736813207512185 76.48933388351767 -76.6829055017344 79.41951716392279 87.62710814515938 29.62041727185084 -53.99007885467819 -71.33700415107023 -94.14478444184344 -54.531731746550236 -15.877198215452864 63.80796588397996 -81.86048564714147 -35.31491947914465 -50.45620488196878 61.842454660844254 26.807516511218836 32.48704740107266 -15.684024603676832 28.457788425010307 -71.07814883874505 54.25282244199988 -53.71092108568769 99.58015159789008 54.982031262724206 -17.15018794330132 95.35704328949868
29.132768147503242 -52.580633217590076 -51.34277479378228 -37.700244589951716 -42.17136509220714 -10.09342420074006 6.381587915320125 97.71160828081935 -59.56521798231882 1.5057920089085002 21.586979739585075 -77.20910197173237 -30.706453724550144 65.51626282348917 -24.894067002246373 79.6746558117299 84.18309823553975 14.72742530893683 64.25848035133345 -59.22050339057607 27.796440957127984 85.79738095390906 65.30293786083837 21.186742160078765 -33.003132529421066 -15.915297389692924 40.26653707761537 -54.03847967335758 4.617806586580045 -44.47652762511653 99.86195901346565 10.312873397237851 29.30025177529103 96.91265144613973 -95.28000604020947 98.24083029067467 74.37041287261556 -56.210484023052906 39.10893279145381 -89.74060833287973 -99.74624698011377 21.235062194651746 -65.253314062138 64.15626119200525 -34.35834848436785 73.99339332683385 -80.3105711337019 -92.09321848319996 -3.3036270561633216 57.36486935811865
-50.396160979467574 71.42718333063948 -98.27040375780352 41.33800868283933 -52.4564937166448 -57.117425669638756 -85.53131065578808 93.05442124239661 85.00332039794372 -18.42719751053228 -98.70730129611812 -15.804797318137375 -33.81110945769636 -16.660175312583988 99.66824129832 70.85946870556819 -10.684310147561277 -99.24397672541414 -22.274866001030375 -38.99195719492978 38.86398667810178 -12.105327322065222 -0.5900997766001836 -55.36898989278849 -67.59032437561254 36.76408222595694 95.11627764057314 -42.52057564402429 40.54422388646893 -90.90456609413498 41.78817781668124 -40.10650499402912 -46.0877522974201 77.9942817839482 21.953751159471466 15.211281295629036 -10.16342579280554 9.342193914015738 11.653581269561514 66.87376432160818 -98.99272408260309 81.37452730360411 60.051190952950975 19.371072860540963 69.08073653997695 36.502041208415534 -96.06402894874697 71.05645912232433 26.958518089150346 25.607287730477807
38.64248891616862 -16.41777800679401 20.625396125756424 -40.06409198117677 42.83096379389718 -95.8755974421146 38.18465443902596 -69.19003054858474 39.19178538616745 57.755815460805536 -72.28978575763965 73.82147848265663 -1.6665463355398202 32.50065086565971 79.299115099207 -32.07330646215563 25.015432568745055 9.223058980985343 28.156338881581377 1.3182854564854267 33.399281445189274 94.9907065270927 -35.68502925929191 -64.72958053812121 -63.161967370995086 -96.41619065310591 1.3311182874108312 -98.78874213203011 -99.21732265230845 37.287321538631204 94.39350780104286 -48.90277698294747 -25.696521670584204 69.79726119534322 -11.213911354031538 15.877070506105852 -6.826206209097279 -63.57679546400945 4.026428673808354 -39.75858284191573 19.03653376068337 -2.029706121534943 70.35615167120412 -18.423197858351898 -69.2072898092358 -86.78069132008565 -79.68659924712875 -67.54750754867013 -40.241327088287406 -4.871289270008219
-80.07003703707647 -42.64147608688242 56.05796105410059 -76.14002690952793 50.40508141404055 -27.59834472196134 -76.99000324723777 46.49907963412511 -59.01451643280418 -85.83250971288577 -87.82333283723645 -22.270400169675028 44.62553657709324 -84.49237824475765 64.88894075474005 65.72967287432564 -73.9821432678321 -42.875060320235 -34.478537736174616 -37.603584491666034 -60.469677412029775 87.88717172394024 -81.68993966181151 57.34114973973138 56.0504069010164 -96.67339190012936 -92.16121283868546 18.70887101514988 20.5902516006186 -25.020086222198046 -73.81734958364203 63.94222777669279 -42.98952689294131 95.1420955176462 42.91198913470552 0.8203239683686689 -7.960585446516191 89.14859838870777 -27.8344151840126 -74.17376222174094 -34.12462634799034 4.984585168949323 92.56359226498878 66.59814783708015 -57.57268293588782 -68.4541946379747 7.827894696249288 11.64517838409806 79.44763775158091 -83.05943129352922
80.91856459250113 43.82163842895258 -9.585824940047004 80.02447653097994 -77.77467325836007 -75.99016141937234 65.49371867540864 96.62552630517064 -69.57831532036099 52.33587328485888 -85.06245973256732 -77.56662012157254 33.712370496993174 -45.62094748473593 81.42699758767634 68.46183252330701 -66.6936139142565 60.9078071489063 15.708813002509942 95.56018801947249 74.70940587423519 -59.24775138067871 -56.68920892011526 -99.24296829649062 -65.69158417720374 -35.42584931950326 -92.83368369428074 -90.65499883130724 57.27134798789845 -11.62545038720404 66.04212567703024 -98.8346773968583 96.38857116713874 -78.83318843943606 -19.375810433638748 -18.90343360898487 80.5783850104603 96.2954847869934 72.89673611673854 7.591828885958847 83.1731101144727 48.275758845491 90.80778392100251 -20.213039757069225 10.12028314137396 11.682320066983337 1.4814568072348209 -54.16340567392632 64.2494668955089 92.92870311934152
3.762766620363962 -12.713366833783994 16.5221836673292 -93.1422984216546 94.12501083581222 60.759893543176844 79.42829222574969 -3.501893092631832 -26.425394023964827 60.577653676176766 54.717890010962066 -48.73541721896457 0.8317907644765938 -71.01446160486651 38.023733955495686 -34.848577814006404 38.00890097723442 -21.436694947340598 68.11092223362027 98.08840820271288 20.51084668857348 82.16526439665259 51.60764640164831 13.026762881177078 -11.196704729104255 78.29357235919855 -24.983134178571746 -60.112666037217636 -50.535165348335575 2.8318347947597005 -50.78218724951968 -52.04404480278026 -82.57106122392554 -20.67259722645842 71.97285816305862 82.02861695649395 34.37741180393448 15.34178539467581 -68.76405802597162 61.69952829122931 -53.284398021663826 -10.232898282485394 12.152889556412049 -57.567826567792736 33.62192575702983 -68.63692307321327 -3.39991683067052 28.717392135037386 42.8026041544386 76.21576074486589
46.85250955434529 45.51543776473795 39.9805951823316 37.635917166924116 75.80322948378227 -76.39037823028971 -88.85748673057083 22.410046525895467 7.613038980396496 16.72233024306304 35.62051056073105 58.074889346147074 86.67773814132192 27.11914700979628 -53.70521776373507 -70.5994550018457 -23.367181074153592 -91.63038415878393 96.94103516960112 -83.11794974475819 60.57419566150327 -87.0160040972729 -68.70737819434947 8.544471161187886 -50.24536647885767 -45.78522391064968 78.63673676696757 23.49568917789891 -41.24059797822566 -59.45220920450731 32.41348193604529 80.21366514850891 -63.385039947096274 -4.237097639330116 -79.26787375823349 -3.423460259486191 -43.25416951225296 -45.453667074323874 -48.08772357071902 57.68851447612735 -4.002226155755139 -52.80964218844344 0.29430362891018547 -39.15367616130339 8.105269145689078 -38.8138476772659 -47.89518938679145 39.91663006389135 47.12643585975809 -77.24311119040732
-83.179646689843 90.43736526193032 -60.58913697339807 81.72862375747602 10.56911286927486 26.83259064660824 -84.10070470278166 -3.813969306827687 -36.11513025218056 58.53148009990409 -9.59829669843218 -81.41111374957903 -6.616637483908107 9.752715907898633 85.4570151077314 -9.593474184743528 -88.37679583589657 58.31261547532469 74.34077163972091 15.798873654989777 -40.356372863274316 -82.9294971739581 44.72962728978359 36.778784993153295 -93.57078272690809 92.82060659403598 22.714577952844877 -2.73648654645649 -33.165657077310044 -53.12871257507135 -36.94533181201183 6.32835028863137 -88.52759727780287 83.28433104868614 -10.99373888863407 -25.777228715918568 43.228635480467915 61.94023794460654 -32.668418710932826 2.6865050509856445 -60.536455002572474 -5.921582240659092 98.42829749030483 -45.68685771056562 -62.4983960278001 93.04121753315334 23.099861392323007 47.533386692957635 -12.46704981227684 17.908602367385896
