Iteration, BestFitness
0, 4.25674e+11
1, 4.25674e+11
2, 4.25674e+11
3, 4.25674e+11
4, 3.74293e+11
5, 3.01842e+11
6, 2.82894e+11
7, 2.58131e+11
8, 2.58131e+11
9, 2.47909e+11
10, 2.42761e+11
11, 1.96103e+11
12, 1.89514e+11
13, 1.82999e+11
14, 1.82999e+11
15, 1.78379e+11
16, 1.34032e+11
17, 1.34032e+11
18, 1.34032e+11
19, 1.29527e+11
20, 1.29527e+11
21, 1.18794e+11
22, 1.18794e+11
23, 1.18794e+11
24, 1.18794e+11
25, 1.18423e+11
26, 1.08472e+11
27, 1.07738e+11
28, 1.07738e+11
29, 1.07738e+11
30, 1.07738e+11
31, 1.07738e+11
32, 1.07738e+11
33, 1.00798e+11
34, 1.00798e+11
35, 1.00798e+11
36, 1.00798e+11
37, 1.00798e+11
38, 1.00798e+11
39, 9.75221e+10
40, 9.75221e+10
41, 9.75221e+10
42, 9.75221e+10
43, 9.75221e+10
44, 9.75221e+10
45, 9.75221e+10
46, 9.57326e+10
47, 9.0622e+10
48, 9.0622e+10
49, 7.38457e+10
50, 7.38457e+10
51, 7.38457e+10
52, 7.38457e+10
53, 7.38457e+10
54, 7.38457e+10
55, 7.38457e+10
56, 7.38457e+10
57, 7.38457e+10
58, 7.38457e+10
59, 7.38457e+10
60, 7.38457e+10
61, 7.38457e+10
62, 7.38457e+10
63, 7.38457e+10
64, 7.38457e+10
65, 7.38457e+10
66, 7.38457e+10
67, 7.38457e+10
68, 7.38457e+10
69, 7.38457e+10
70, 7.31689e+10
71, 7.12512e+10
72, 7.12512e+10
73, 7.12512e+10
74, 7.12512e+10
75, 7.12512e+10
76, 7.12512e+10
77, 7.12512e+10
78, 7.12512e+10
79, 7.12512e+10
80, 7.12512e+10
81, 7.12512e+10
82, 7.12512e+10
83, 7.12512e+10
84, 7.12512e+10
85, 7.12512e+10
86, 7.12512e+10
87, 7.12512e+10
88, 7.12512e+10
89, 7.12512e+10
90, 7.12512e+10
91, 7.12512e+10
92, 7.12512e+10
93, 7.12512e+10
94, 7.12512e+10
95, 7.12512e+10
96, 7.12512e+10
97, 7.12512e+10
98, 7.12512e+10
99, 7.12512e+10
100, 7.12512e+10
101, 6.7872e+10
102, 6.7872e+10
103, 6.7872e+10
104, 6.28856e+10
105, 6.28856e+10
106, 6.28856e+10
107, 6.28856e+10
108, 6.28856e+10
109, 6.28856e+10
110, 6.28856e+10
111, 6.28856e+10
112, 6.28856e+10
113, 5.89446e+10
114, 5.79803e+10
115, 5.79803e+10
116, 5.79803e+10
117, 5.79803e+10
118, 5.79803e+10
119, 5.79803e+10
120, 5.79803e+10
121, 5.79803e+10
122, 5.79803e+10
123, 5.79803e+10
124, 5.79803e+10
125, 5.79803e+10
126, 5.79803e+10
127, 5.79803e+10
128, 5.79803e+10
129, 5.79803e+10
130, 5.79803e+10
131, 5.79803e+10
132, 5.79803e+10
133, 5.79803e+10
134, 5.79803e+10
135, 5.79803e+10
136, 5.79803e+10
137, 5.79803e+10
138, 5.79803e+10
139, 5.79803e+10
140, 5.79803e+10
141, 5.79803e+10
142, 5.79803e+10
143, 5.79803e+10
144, 5.79803e+10
145, 5.79803e+10
146, 5.79803e+10
147, 5.79803e+10
148, 5.79803e+10
149, 5.79803e+10
150, 5.79803e+10
151, 5.79803e+10
152, 5.79803e+10
153, 5.79803e+10
154, 5.79803e+10
155, 5.79803e+10
156, 5.79803e+10
157, 5.26494e+10
158, 5.00723e+10
159, 5.00723e+10
160, 5.00723e+10
161, 5.00723e+10
162, 5.00723e+10
163, 5.00723e+10
164, 5.00723e+10
165, 5.00723e+10
166, 5.00723e+10
167, 5.00723e+10
168, 5.00723e+10
169, 5.00723e+10
170, 5.00723e+10
171, 5.00723e+10
172, 5.00723e+10
173, 5.00723e+10
174, 5.00723e+10
175, 5.00723e+10
176, 5.00723e+10
177, 5.00723e+10
178, 5.00723e+10
179, 5.00723e+10
180, 5.00723e+10
181, 5.00723e+10
182, 5.00723e+10
183, 5.00723e+10
184, 5.00723e+10
185, 5.00723e+10
186, 5.00723e+10
187, 5.00723e+10
188, 5.00723e+10
189, 5.00723e+10
190, 5.00723e+10
191, 5.00723e+10
192, 5.00723e+10
193, 5.00723e+10
194, 5.00723e+10
195, 5.00723e+10
196, 5.00723e+10
197, 5.00723e+10
198, 5.00723e+10
199, 5.00723e+10
200, 5.00723e+10
201, 5.00723e+10
202, 5.00723e+10
203, 5.00723e+10
204, 5.00723e+10
205, 5.00723e+10
206, 5.00723e+10
207, 5.00723e+10
208, 5.00723e+10
209, 5.00723e+10
210, 5.00723e+10
211, 5.00723e+10
212, 5.00723e+10
213, 5.00723e+10
214, 5.00723e+10
215, 5.00723e+10
216, 5.00723e+10
217, 5.00723e+10
218, 5.00723e+10
219, 5.00723e+10
220, 5.00723e+10
221, 5.00723e+10
222, 5.00723e+10
223, 5.00723e+10
224, 5.00723e+10
225, 4.82354e+10
226, 4.75438e+10
227, 4.74025e+10
228, 4.74025e+10
229, 4.74025e+10
230, 4.74025e+10
231, 4.74025e+10
232, 4.74025e+10
233, 4.74025e+10
234, 4.74025e+10
235, 4.74025e+10
236, 4.74025e+10
237, 4.74025e+10
238, 4.74025e+10
239, 4.74025e+10
240, 4.74025e+10
241, 4.74025e+10
242, 4.74025e+10
243, 4.74025e+10
244, 4.74025e+10
245, 4.74025e+10
246, 4.74025e+10
247, 4.74025e+10
248, 4.74025e+10
249, 4.74025e+10
250, 4.74025e+10
251, 4.74025e+10
252, 4.74025e+10
253, 4.74025e+10
254, 4.74025e+10
255, 4.74025e+10
256, 4.74025e+10
257, 4.74025e+10
258, 4.74025e+10
259, 4.74025e+10
260, 4.74025e+10
261, 4.70518e+10
262, 4.49497e+10
263, 4.49497e+10
264, 4.49497e+10
265, 4.49497e+10
266, 4.49497e+10
267, 4.49497e+10
268, 4.49497e+10
269, 4.49497e+10
270, 4.49497e+10
271, 4.49497e+10
272, 4.49497e+10
273, 4.49497e+10
274, 4.48514e+10
275, 4.48514e+10
276, 4.48514e+10
277, 4.48514e+10
278, 4.48514e+10
279, 4.48514e+10
280, 4.48514e+10
281, 4.48514e+10
282, 4.44188e+10
283, 4.44188e+10
284, 4.44188e+10
285, 4.44188e+10
286, 4.44188e+10
287, 4.44188e+10
288, 4.44188e+10
289, 4.44188e+10
290, 4.44188e+10
291, 4.44188e+10
292, 4.44188e+10
293, 4.44188e+10
294, 4.44188e+10
295, 4.44188e+10
296, 4.44188e+10
297, 4.44188e+10
298, 4.44188e+10
299, 4.36453e+10
300, 4.36453e+10
301, 4.36453e+10
302, 4.36453e+10
303, 4.36453e+10
304, 4.36453e+10
305, 4.36453e+10
306, 4.36453e+10
307, 4.36453e+10
308, 4.2744e+10
309, 4.2744e+10
310, 4.2744e+10
311, 4.2744e+10
312, 4.24964e+10
313, 4.24964e+10
314, 4.24964e+10
315, 4.24964e+10
316, 4.24964e+10
317, 4.24964e+10
318, 4.24964e+10
319, 4.24964e+10
320, 4.24964e+10
321, 4.24964e+10
322, 4.24964e+10
323, 4.24964e+10
324, 4.24964e+10
325, 4.24964e+10
326, 4.24964e+10
327, 4.24964e+10
328, 4.24964e+10
329, 4.24964e+10
330, 4.24964e+10
331, 4.07496e+10
332, 4.07496e+10
333, 4.07496e+10
334, 4.07496e+10
335, 4.07496e+10
336, 4.07496e+10
337, 4.07496e+10
338, 4.07496e+10
339, 4.07496e+10
340, 3.97267e+10
341, 3.97267e+10
342, 3.97267e+10
343, 3.97267e+10
344, 3.97267e+10
345, 3.97267e+10
346, 3.97267e+10
347, 3.97267e+10
348, 3.97267e+10
349, 3.97267e+10
350, 3.97267e+10
351, 3.97267e+10
352, 3.97267e+10
353, 3.97267e+10
354, 3.97267e+10
355, 3.97267e+10
356, 3.97267e+10
357, 3.97267e+10
358, 3.97267e+10
359, 3.97267e+10
360, 3.97267e+10
361, 3.97267e+10
362, 3.97267e+10
363, 3.97267e+10
364, 3.97267e+10
365, 3.97267e+10
366, 3.97267e+10
367, 3.97267e+10
368, 3.97267e+10
369, 3.97267e+10
370, 3.97267e+10
371, 3.97267e+10
372, 3.97267e+10
373, 3.97267e+10
374, 3.97267e+10
375, 3.97267e+10
376, 3.97267e+10
377, 3.97267e+10
378, 3.97267e+10
379, 3.97267e+10
380, 3.97267e+10
381, 3.88798e+10
382, 3.88798e+10
383, 3.88798e+10
384, 3.88798e+10
385, 3.88798e+10
386, 3.88798e+10
387, 3.88798e+10
388, 3.88798e+10
389, 3.88798e+10
390, 3.88798e+10
391, 3.88798e+10
392, 3.88798e+10
393, 3.88798e+10
394, 3.88798e+10
395, 3.88798e+10
396, 3.88798e+10
397, 3.88798e+10
398, 3.88798e+10
399, 3.88798e+10
400, 3.88798e+10
401, 3.88798e+10
402, 3.88798e+10
403, 3.88798e+10
404, 3.88798e+10
405, 3.88798e+10
406, 3.88798e+10
407, 3.88798e+10
408, 3.88798e+10
409, 3.88798e+10
410, 3.88798e+10
411, 3.88798e+10
412, 3.88798e+10
413, 3.88798e+10
414, 3.88798e+10
415, 3.88798e+10
416, 3.88798e+10
417, 3.88798e+10
418, 3.88798e+10
419, 3.88798e+10
420, 3.88798e+10
421, 3.88798e+10
422, 3.88798e+10
423, 3.88798e+10
424, 3.88798e+10
425, 3.88798e+10
426, 3.83027e+10
427, 3.83027e+10
428, 3.83027e+10
429, 3.83027e+10
430, 3.83027e+10
431, 3.83027e+10
432, 3.83027e+10
433, 3.83027e+10
434, 3.83027e+10
435, 3.83027e+10
436, 3.83027e+10
437, 3.83027e+10
438, 3.83027e+10
439, 3.83027e+10
440, 3.83027e+10
441, 3.83027e+10
442, 3.81966e+10
443, 3.81966e+10
444, 3.81966e+10
445, 3.81966e+10
446, 3.81966e+10
447, 3.81966e+10
448, 3.81966e+10
449, 3.81966e+10
450, 3.81966e+10
451, 3.81966e+10
452, 3.81966e+10
453, 3.81966e+10
454, 3.81966e+10
455, 3.81966e+10
456, 3.79092e+10
457, 3.77413e+10
458, 3.77413e+10
459, 3.77413e+10
460, 3.77413e+10
461, 3.77413e+10
462, 3.77413e+10
463, 3.77413e+10
464, 3.77413e+10
465, 3.77413e+10
466, 3.77413e+10
467, 3.77413e+10
468, 3.77413e+10
469, 3.77413e+10
470, 3.77413e+10
471, 3.77413e+10
472, 3.77413e+10
473, 3.77413e+10
474, 3.77413e+10
475, 3.77413e+10
476, 3.77413e+10
477, 3.77413e+10
478, 3.77413e+10
479, 3.77413e+10
480, 3.77413e+10
481, 3.77413e+10
482, 3.77413e+10
483, 3.77413e+10
484, 3.77413e+10
485, 3.77413e+10
486, 3.77413e+10
487, 3.77413e+10
488, 3.77413e+10
489, 3.77413e+10
490, 3.77413e+10
491, 3.77413e+10
492, 3.77413e+10
493, 3.77413e+10
494, 3.77413e+10
495, 3.77413e+10
496, 3.77413e+10
497, 3.77413e+10
498, 3.77413e+10
499, 3.77413e+10
500, 3.77413e+10
501, 3.77413e+10
502, 3.77413e+10
503, 3.77413e+10
504, 3.77413e+10
505, 3.77413e+10
506, 3.77413e+10
507, 3.77413e+10
508, 3.76366e+10
509, 3.76366e+10
510, 3.76366e+10
511, 3.76366e+10
512, 3.76366e+10
513, 3.76366e+10
514, 3.76366e+10
515, 3.76366e+10
516, 3.76366e+10
517, 3.76366e+10
518, 3.76366e+10
519, 3.76366e+10
520, 3.76366e+10
521, 3.76366e+10
522, 3.76366e+10
523, 3.76366e+10
524, 3.76366e+10
525, 3.76366e+10
526, 3.76366e+10
527, 3.76366e+10
528, 3.76366e+10
529, 3.76366e+10
530, 3.76366e+10
531, 3.76366e+10
532, 3.76366e+10
533, 3.76366e+10
534, 3.76366e+10
535, 3.76366e+10
536, 3.76366e+10
537, 3.76366e+10
538, 3.76366e+10
539, 3.76366e+10
540, 3.76366e+10
541, 3.76366e+10
542, 3.76366e+10
543, 3.76366e+10
544, 3.76366e+10
545, 3.76366e+10
546, 3.76366e+10
547, 3.76366e+10
548, 3.76366e+10
549, 3.76366e+10
550, 3.76366e+10
551, 3.76366e+10
552, 3.76366e+10
553, 3.76366e+10
554, 3.76366e+10
555, 3.76366e+10
556, 3.76366e+10
557, 3.76366e+10
558, 3.76366e+10
559, 3.76366e+10
560, 3.76366e+10
561, 3.76366e+10
562, 3.76366e+10
563, 3.76366e+10
564, 3.76366e+10
565, 3.76366e+10
566, 3.76366e+10
567, 3.76366e+10
568, 3.76366e+10
569, 3.76366e+10
570, 3.76366e+10
571, 3.76366e+10
572, 3.76366e+10
573, 3.76366e+10
574, 3.76366e+10
575, 3.76366e+10
576, 3.76366e+10
577, 3.76366e+10
578, 3.76366e+10
579, 3.76366e+10
580, 3.76366e+10
581, 3.76366e+10
582, 3.76366e+10
583, 3.76366e+10
584, 3.76366e+10
585, 3.76366e+10
586, 3.76366e+10
587, 3.76366e+10
588, 3.76366e+10
589, 3.76366e+10
590, 3.76366e+10
591, 3.76366e+10
592, 3.76366e+10
593, 3.76366e+10
594, 3.76366e+10
595, 3.76366e+10
596, 3.76366e+10
597, 3.76366e+10
598, 3.76366e+10
599, 3.76366e+10
600, 3.76366e+10
601, 3.76366e+10
602, 3.76366e+10
603, 3.76366e+10
604, 3.76366e+10
605, 3.76366e+10
606, 3.76366e+10
607, 3.76366e+10
608, 3.76366e+10
609, 3.76366e+10
610, 3.76366e+10
611, 3.76366e+10
612, 3.76366e+10
613, 3.76366e+10
614, 3.76366e+10
615, 3.76366e+10
616, 3.76366e+10
617, 3.76366e+10
618, 3.76366e+10
619, 3.76366e+10
620, 3.76366e+10
621, 3.76366e+10
622, 3.76366e+10
623, 3.76366e+10
624, 3.76366e+10
625, 3.76366e+10
626, 3.76366e+10
627, 3.76366e+10
628, 3.76366e+10
629, 3.76366e+10
630, 3.76366e+10
631, 3.76366e+10
632, 3.76366e+10
633, 3.76366e+10
634, 3.76366e+10
635, 3.76366e+10
636, 3.76366e+10
637, 3.76366e+10
638, 3.76366e+10
639, 3.76366e+10
640, 3.76366e+10
641, 3.76366e+10
642, 3.76366e+10
643, 3.76366e+10
644, 3.76366e+10
645, 3.76366e+10
646, 3.76366e+10
647, 3.76366e+10
648, 3.76366e+10
649, 3.76366e+10
650, 3.76366e+10
651, 3.76366e+10
652, 3.76366e+10
653, 3.76366e+10
654, 3.76366e+10
655, 3.76366e+10
656, 3.76366e+10
657, 3.76366e+10
658, 3.76366e+10
659, 3.76366e+10
660, 3.76366e+10
661, 3.76366e+10
662, 3.76366e+10
663, 3.76366e+10
664, 3.76366e+10
665, 3.76366e+10
666, 3.76366e+10
667, 3.76366e+10
668, 3.76366e+10
669, 3.76366e+10
670, 3.76366e+10
671, 3.76366e+10
672, 3.76366e+10
673, 3.76366e+10
674, 3.76366e+10
675, 3.76366e+10
676, 3.76366e+10
677, 3.76366e+10
678, 3.76366e+10
679, 3.76366e+10
680, 3.76366e+10
681, 3.76366e+10
682, 3.76366e+10
683, 3.76366e+10
684, 3.76366e+10
685, 3.76366e+10
686, 3.76366e+10
687, 3.76366e+10
688, 3.76366e+10
689, 3.76366e+10
690, 3.76366e+10
691, 3.76366e+10
692, 3.76366e+10
693, 3.76366e+10
694, 3.76366e+10
695, 3.76366e+10
696, 3.76366e+10
697, 3.76366e+10
698, 3.76366e+10
699, 3.76366e+10
700, 3.76366e+10
701, 3.76366e+10
702, 3.76366e+10
703, 3.76366e+10
704, 3.76366e+10
705, 3.76366e+10
706, 3.76366e+10
707, 3.76366e+10
708, 3.76366e+10
709, 3.76366e+10
710, 3.76366e+10
711, 3.76366e+10
712, 3.76366e+10
713, 3.76366e+10
714, 3.76366e+10
715, 3.76366e+10
716, 3.76366e+10
717, 3.76366e+10
718, 3.76366e+10
719, 3.76366e+10
720, 3.76366e+10
721, 3.76366e+10
722, 3.76366e+10
723, 3.76366e+10
724, 3.76366e+10
725, 3.76366e+10
726, 3.76366e+10
727, 3.76366e+10
728, 3.76366e+10
729, 3.76366e+10
730, 3.76366e+10
731, 3.76366e+10
732, 3.76366e+10
733, 3.76366e+10
734, 3.76366e+10
735, 3.76366e+10
736, 3.76366e+10
737, 3.76366e+10
738, 3.76366e+10
739, 3.76366e+10
740, 3.76366e+10
741, 3.76366e+10
742, 3.76366e+10
743, 3.76366e+10
744, 3.76366e+10
745, 3.76366e+10
746, 3.76366e+10
747, 3.76366e+10
748, 3.76366e+10
749, 3.76366e+10
750, 3.76366e+10
751, 3.76366e+10
752, 3.76366e+10
753, 3.76366e+10
754, 3.76366e+10
755, 3.76366e+10
756, 3.76366e+10
757, 3.76366e+10
758, 3.76366e+10
759, 3.76366e+10
760, 3.76366e+10
761, 3.76366e+10
762, 3.76366e+10
763, 3.76366e+10
764, 3.76366e+10
765, 3.76366e+10
766, 3.76366e+10
767, 3.76366e+10
768, 3.76366e+10
769, 3.76366e+10
770, 3.76366e+10
771, 3.76366e+10
772, 3.76366e+10
773, 3.76366e+10
774, 3.76366e+10
775, 3.76366e+10
776, 3.76366e+10
777, 3.76366e+10
778, 3.76366e+10
779, 3.76366e+10
780, 3.76366e+10
781, 3.76366e+10
782, 3.76366e+10
783, 3.76366e+10
784, 3.76366e+10
785, 3.72889e+10
786, 3.72889e+10
787, 3.72889e+10
788, 3.72889e+10
789, 3.72889e+10
790, 3.72889e+10
791, 3.72889e+10
792, 3.72889e+10
793, 3.72889e+10
794, 3.72889e+10
795, 3.72889e+10
796, 3.72889e+10
797, 3.72889e+10
798, 3.72889e+10
799, 3.72889e+10
800, 3.72889e+10
801, 3.72889e+10
802, 3.72889e+10
803, 3.72889e+10
804, 3.72889e+10
805, 3.72889e+10
806, 3.72889e+10
807, 3.72889e+10
808, 3.72889e+10
809, 3.72889e+10
810, 3.72889e+10
811, 3.72889e+10
812, 3.72889e+10
813, 3.72889e+10
814, 3.72889e+10
815, 3.72889e+10
816, 3.72889e+10
817, 3.72889e+10
818, 3.72889e+10
819, 3.72889e+10
820, 3.72889e+10
821, 3.72889e+10
822, 3.72889e+10
823, 3.72889e+10
824, 3.72889e+10
825, 3.72889e+10
826, 3.72889e+10
827, 3.72889e+10
828, 3.72889e+10
829, 3.72889e+10
830, 3.72889e+10
831, 3.72889e+10
832, 3.72889e+10
833, 3.72889e+10
834, 3.72889e+10
835, 3.72889e+10
836, 3.72889e+10
837, 3.72889e+10
838, 3.72889e+10
839, 3.72889e+10
840, 3.72889e+10
841, 3.72889e+10
842, 3.72889e+10
843, 3.72889e+10
844, 3.72889e+10
845, 3.72889e+10
846, 3.72889e+10
847, 3.72889e+10
848, 3.72889e+10
849, 3.72889e+10
850, 3.72889e+10
851, 3.72889e+10
852, 3.72889e+10
853, 3.72889e+10
854, 3.72889e+10
855, 3.72889e+10
856, 3.72889e+10
857, 3.72889e+10
858, 3.72889e+10
859, 3.72889e+10
860, 3.72889e+10
861, 3.72889e+10
862, 3.72889e+10
863, 3.72889e+10
864, 3.72889e+10
865, 3.72889e+10
866, 3.72889e+10
867, 3.72889e+10
868, 3.72889e+10
869, 3.72889e+10
870, 3.72889e+10
871, 3.72889e+10
872, 3.72889e+10
873, 3.72889e+10
874, 3.72889e+10
875, 3.72889e+10
876, 3.72889e+10
877, 3.72889e+10
878, 3.72889e+10
879, 3.72889e+10
880, 3.72889e+10
881, 3.72889e+10
882, 3.72889e+10
883, 3.72889e+10
884, 3.72889e+10
885, 3.72889e+10
886, 3.72889e+10
887, 3.72889e+10
888, 3.72889e+10
889, 3.72889e+10
890, 3.72889e+10
891, 3.72889e+10
892, 3.72889e+10
893, 3.72889e+10
894, 3.72889e+10
895, 3.72889e+10
896, 3.72889e+10
897, 3.72889e+10
898, 3.72889e+10
899, 3.72889e+10
900, 3.72889e+10
901, 3.72889e+10
902, 3.72889e+10
903, 3.72889e+10
904, 3.72889e+10
905, 3.72889e+10
906, 3.72889e+10
907, 3.72889e+10
908, 3.72889e+10
909, 3.72889e+10
910, 3.72889e+10
911, 3.72889e+10
912, 3.72889e+10
913, 3.72889e+10
914, 3.72889e+10
915, 3.72889e+10
916, 3.72889e+10
917, 3.72889e+10
918, 3.72889e+10
919, 3.72889e+10
920, 3.72889e+10
921, 3.72889e+10
922, 3.72889e+10
923, 3.72889e+10
924, 3.72889e+10
925, 3.72889e+10
926, 3.72889e+10
927, 3.72889e+10
928, 3.72889e+10
929, 3.72889e+10
930, 3.72889e+10
931, 3.72889e+10
932, 3.72889e+10
933, 3.72889e+10
934, 3.72889e+10
935, 3.72889e+10
936, 3.72889e+10
937, 3.72889e+10
938, 3.72889e+10
939, 3.72889e+10
940, 3.72889e+10
941, 3.72889e+10
942, 3.72889e+10
943, 3.72889e+10
944, 3.72889e+10
945, 3.72889e+10
946, 3.72889e+10
947, 3.72889e+10
948, 3.72889e+10
949, 3.72889e+10
950, 3.72889e+10
951, 3.72889e+10
952, 3.72889e+10
953, 3.72889e+10
954, 3.72889e+10
955, 3.72889e+10
956, 3.72889e+10
957, 3.72889e+10
958, 3.72889e+10
959, 3.72889e+10
960, 3.72889e+10
961, 3.72889e+10
962, 3.72889e+10
963, 3.72889e+10
964, 3.72889e+10
965, 3.72889e+10
966, 3.72889e+10
967, 3.72889e+10
968, 3.72889e+10
969, 3.72889e+10
970, 3.72889e+10
971, 3.72889e+10
972, 3.72889e+10
973, 3.72889e+10
974, 3.72889e+10
975, 3.72889e+10
976, 3.72889e+10
977, 3.72889e+10
978, 3.72889e+10
979, 3.72889e+10
980, 3.72889e+10
981, 3.72889e+10
982, 3.72889e+10
983, 3.72889e+10
984, 3.72889e+10
985, 3.72889e+10
986, 3.72889e+10
987, 3.72889e+10
988, 3.72889e+10
989, 3.72889e+10
990, 3.72889e+10
991, 3.72889e+10
992, 3.72889e+10
993, 3.72889e+10
994, 3.72889e+10
995, 3.72889e+10
996, 3.72889e+10
997, 3.72889e+10
998, 3.72889e+10
999, 3.72889e+10
1000, 3.72889e+10
1001, 3.72889e+10
1002, 3.72889e+10
1003, 3.72889e+10
1004, 3.72889e+10
1005, 3.72889e+10
1006, 3.72889e+10
1007, 3.72889e+10
1008, 3.72889e+10
1009, 3.72889e+10
1010, 3.72889e+10
1011, 3.72889e+10
1012, 3.72889e+10
1013, 3.72889e+10
1014, 3.72889e+10
1015, 3.72889e+10
1016, 3.72889e+10
1017, 3.72889e+10
1018, 3.72889e+10
1019, 3.72889e+10
1020, 3.72889e+10
1021, 3.72889e+10
1022, 3.72889e+10
1023, 3.72889e+10
1024, 3.72889e+10
1025, 3.72889e+10
1026, 3.72889e+10
1027, 3.72889e+10
1028, 3.72889e+10
1029, 3.72889e+10
1030, 3.72889e+10
1031, 3.72889e+10
1032, 3.72889e+10
1033, 3.72889e+10
1034, 3.72889e+10
1035, 3.72889e+10
1036, 3.72889e+10
1037, 3.72889e+10
1038, 3.72889e+10
1039, 3.72889e+10
1040, 3.72889e+10
1041, 3.72889e+10
1042, 3.72889e+10
1043, 3.72889e+10
1044, 3.72889e+10
1045, 3.72889e+10
1046, 3.72889e+10
1047, 3.72889e+10
1048, 3.72889e+10
1049, 3.72889e+10
1050, 3.72889e+10
1051, 3.72889e+10
1052, 3.72889e+10
1053, 3.72889e+10
1054, 3.72889e+10
1055, 3.72889e+10
1056, 3.72889e+10
1057, 3.72889e+10
1058, 3.72889e+10
1059, 3.72889e+10
1060, 3.72889e+10
1061, 3.72889e+10
1062, 3.72889e+10
1063, 3.72889e+10
1064, 3.72889e+10
1065, 3.72889e+10
1066, 3.72889e+10
1067, 3.72889e+10
1068, 3.72889e+10
1069, 3.72889e+10
1070, 3.72889e+10
1071, 3.72889e+10
1072, 3.72889e+10
1073, 3.72889e+10
1074, 3.72889e+10
1075, 3.72889e+10
1076, 3.72889e+10
1077, 3.72889e+10
1078, 3.72889e+10
1079, 3.72889e+10
1080, 3.72889e+10
1081, 3.72889e+10
1082, 3.72889e+10
1083, 3.72889e+10
1084, 3.7209e+10
1085, 3.7209e+10
1086, 3.7209e+10
1087, 3.7209e+10
1088, 3.7209e+10
1089, 3.7209e+10
1090, 3.7209e+10
1091, 3.7209e+10
1092, 3.7209e+10
1093, 3.7209e+10
1094, 3.7209e+10
1095, 3.7209e+10
1096, 3.7209e+10
1097, 3.7209e+10
1098, 3.7209e+10
1099, 3.7209e+10
1100, 3.7209e+10
1101, 3.7209e+10
1102, 3.7209e+10
1103, 3.7209e+10
1104, 3.7209e+10
1105, 3.7209e+10
1106, 3.7209e+10
1107, 3.7209e+10
1108, 3.7209e+10
1109, 3.7209e+10
1110, 3.7209e+10
1111, 3.7209e+10
1112, 3.7209e+10
1113, 3.7209e+10
1114, 3.7209e+10
1115, 3.7209e+10
1116, 3.7209e+10
1117, 3.7209e+10
1118, 3.7209e+10
1119, 3.7209e+10
1120, 3.7209e+10
1121, 3.7209e+10
1122, 3.7209e+10
1123, 3.7209e+10
1124, 3.7209e+10
1125, 3.7209e+10
1126, 3.7209e+10
1127, 3.7209e+10
1128, 3.7209e+10
1129, 3.7209e+10
1130, 3.7209e+10
1131, 3.7209e+10
1132, 3.7209e+10
1133, 3.7209e+10
1134, 3.7209e+10
1135, 3.7209e+10
1136, 3.7209e+10
1137, 3.7209e+10
1138, 3.7209e+10
1139, 3.7209e+10
1140, 3.7209e+10
1141, 3.7209e+10
1142, 3.7209e+10
1143, 3.70775e+10
1144, 3.70775e+10
1145, 3.70775e+10
1146, 3.70775e+10
1147, 3.70775e+10
1148, 3.70775e+10
1149, 3.70775e+10
1150, 3.70775e+10
1151, 3.70775e+10
1152, 3.70775e+10
1153, 3.70775e+10
1154, 3.70775e+10
1155, 3.70775e+10
1156, 3.70775e+10
1157, 3.70775e+10
1158, 3.70775e+10
1159, 3.70775e+10
1160, 3.70775e+10
1161, 3.70775e+10
1162, 3.70775e+10
1163, 3.70775e+10
1164, 3.70775e+10
1165, 3.70775e+10
1166, 3.70775e+10
1167, 3.70775e+10
1168, 3.70775e+10
1169, 3.70775e+10
1170, 3.70775e+10
1171, 3.70775e+10
1172, 3.70775e+10
1173, 3.70775e+10
1174, 3.70775e+10
1175, 3.70775e+10
1176, 3.70775e+10
1177, 3.70775e+10
1178, 3.70775e+10
1179, 3.70775e+10
1180, 3.70775e+10
1181, 3.70775e+10
1182, 3.70775e+10
1183, 3.70775e+10
1184, 3.70775e+10
1185, 3.70775e+10
1186, 3.70775e+10
1187, 3.70775e+10
1188, 3.70775e+10
1189, 3.70775e+10
1190, 3.70775e+10
1191, 3.70775e+10
1192, 3.70775e+10
1193, 3.70775e+10
1194, 3.70775e+10
1195, 3.70775e+10
1196, 3.70775e+10
1197, 3.70775e+10
1198, 3.70775e+10
1199, 3.70775e+10
1200, 3.70775e+10
1201, 3.70775e+10
1202, 3.70775e+10
1203, 3.70775e+10
1204, 3.70775e+10
1205, 3.70775e+10
1206, 3.70775e+10
1207, 3.70775e+10
1208, 3.70775e+10
1209, 3.70775e+10
1210, 3.70775e+10
1211, 3.70775e+10
1212, 3.70775e+10
1213, 3.70775e+10
1214, 3.70775e+10
1215, 3.70775e+10
1216, 3.70775e+10
1217, 3.70601e+10
1218, 3.70601e+10
1219, 3.70601e+10
1220, 3.70601e+10
1221, 3.70601e+10
1222, 3.70601e+10
1223, 3.70601e+10
1224, 3.70601e+10
1225, 3.70601e+10
1226, 3.70601e+10
1227, 3.70601e+10
1228, 3.70601e+10
1229, 3.70601e+10
1230, 3.70601e+10
1231, 3.70601e+10
1232, 3.70601e+10
1233, 3.70601e+10
1234, 3.70601e+10
1235, 3.70601e+10
1236, 3.70601e+10
1237, 3.70601e+10
1238, 3.70601e+10
1239, 3.70601e+10
1240, 3.70601e+10
1241, 3.70601e+10
1242, 3.70601e+10
1243, 3.70601e+10
1244, 3.70601e+10
1245, 3.70601e+10
1246, 3.70601e+10
1247, 3.70601e+10
1248, 3.70601e+10
1249, 3.70601e+10
1250, 3.70601e+10
1251, 3.70601e+10
1252, 3.70601e+10
1253, 3.70601e+10
1254, 3.70601e+10
1255, 3.70601e+10
1256, 3.70601e+10
1257, 3.70601e+10
1258, 3.70601e+10
1259, 3.70601e+10
1260, 3.70601e+10
1261, 3.70601e+10
1262, 3.70601e+10
1263, 3.70601e+10
1264, 3.70601e+10
1265, 3.70601e+10
1266, 3.70601e+10
1267, 3.70601e+10
1268, 3.70601e+10
1269, 3.70601e+10
1270, 3.70601e+10
1271, 3.70601e+10
1272, 3.70601e+10
1273, 3.70601e+10
1274, 3.70601e+10
1275, 3.70601e+10
1276, 3.70601e+10
1277, 3.70601e+10
1278, 3.70601e+10
1279, 3.70601e+10
1280, 3.70601e+10
1281, 3.70601e+10
1282, 3.70601e+10
1283, 3.70601e+10
1284, 3.70601e+10
1285, 3.70601e+10
1286, 3.70601e+10
1287, 3.70601e+10
1288, 3.70601e+10
1289, 3.70601e+10
1290, 3.70601e+10
1291, 3.70601e+10
1292, 3.70601e+10
1293, 3.70601e+10
1294, 3.70601e+10
1295, 3.70601e+10
1296, 3.70601e+10
1297, 3.70601e+10
1298, 3.70601e+10
1299, 3.70601e+10
1300, 3.70601e+10
1301, 3.70601e+10
1302, 3.70601e+10
1303, 3.70601e+10
1304, 3.70601e+10
1305, 3.70601e+10
1306, 3.70601e+10
1307, 3.70601e+10
1308, 3.70601e+10
1309, 3.70601e+10
1310, 3.70601e+10
1311, 3.70601e+10
1312, 3.70601e+10
1313, 3.70439e+10
1314, 3.70439e+10
1315, 3.70439e+10
1316, 3.70439e+10
1317, 3.70439e+10
1318, 3.70439e+10
1319, 3.70439e+10
1320, 3.70439e+10
1321, 3.70439e+10
1322, 3.70439e+10
1323, 3.70439e+10
1324, 3.70439e+10
1325, 3.70439e+10
1326, 3.70439e+10
1327, 3.70439e+10
1328, 3.70439e+10
1329, 3.70439e+10
1330, 3.70439e+10
1331, 3.70439e+10
1332, 3.70439e+10
1333, 3.70439e+10
1334, 3.70439e+10
1335, 3.70439e+10
1336, 3.70439e+10
1337, 3.70439e+10
1338, 3.70439e+10
1339, 3.70439e+10
1340, 3.70439e+10
1341, 3.70439e+10
1342, 3.70439e+10
1343, 3.70439e+10
1344, 3.70439e+10
1345, 3.70439e+10
1346, 3.70439e+10
1347, 3.70439e+10
1348, 3.70439e+10
1349, 3.70439e+10
1350, 3.70439e+10
1351, 3.70439e+10
1352, 3.70439e+10
1353, 3.70439e+10
1354, 3.70439e+10
1355, 3.70439e+10
1356, 3.70439e+10
1357, 3.70439e+10
1358, 3.70439e+10
1359, 3.70439e+10
1360, 3.70439e+10
1361, 3.70439e+10
1362, 3.70439e+10
1363, 3.70439e+10
1364, 3.69921e+10
1365, 3.69201e+10
1366, 3.69201e+10
1367, 3.69201e+10
1368, 3.69201e+10
1369, 3.69201e+10
1370, 3.69201e+10
1371, 3.69201e+10
1372, 3.69201e+10
1373, 3.69201e+10
1374, 3.69201e+10
1375, 3.69201e+10
1376, 3.69201e+10
1377, 3.69201e+10
1378, 3.69201e+10
1379, 3.69201e+10
1380, 3.69201e+10
1381, 3.69201e+10
1382, 3.69201e+10
1383, 3.69201e+10
1384, 3.69201e+10
1385, 3.69201e+10
1386, 3.69201e+10
1387, 3.69201e+10
1388, 3.69201e+10
1389, 3.69201e+10
1390, 3.69201e+10
1391, 3.69201e+10
1392, 3.69201e+10
1393, 3.69201e+10
1394, 3.69201e+10
1395, 3.69201e+10
1396, 3.69201e+10
1397, 3.68475e+10
1398, 3.68475e+10
1399, 3.68475e+10
1400, 3.68475e+10
1401, 3.68475e+10
1402, 3.68475e+10
1403, 3.68475e+10
1404, 3.68475e+10
1405, 3.68475e+10
1406, 3.68475e+10
1407, 3.68475e+10
1408, 3.68475e+10
1409, 3.68475e+10
1410, 3.68475e+10
1411, 3.68475e+10
1412, 3.68475e+10
1413, 3.68475e+10
1414, 3.68475e+10
1415, 3.68475e+10
1416, 3.68475e+10
1417, 3.68475e+10
1418, 3.68475e+10
1419, 3.68475e+10
1420, 3.68475e+10
1421, 3.68475e+10
1422, 3.68475e+10
1423, 3.68475e+10
1424, 3.68475e+10
1425, 3.68475e+10
1426, 3.68475e+10
1427, 3.68475e+10
1428, 3.68475e+10
1429, 3.68475e+10
1430, 3.68475e+10
1431, 3.68475e+10
1432, 3.68475e+10
1433, 3.68475e+10
1434, 3.68475e+10
1435, 3.68475e+10
1436, 3.68475e+10
1437, 3.68475e+10
1438, 3.68475e+10
1439, 3.68475e+10
1440, 3.68475e+10
1441, 3.68475e+10
1442, 3.68475e+10
1443, 3.68475e+10
1444, 3.68475e+10
1445, 3.68475e+10
1446, 3.68475e+10
1447, 3.68475e+10
1448, 3.68475e+10
1449, 3.68475e+10
1450, 3.68475e+10
1451, 3.68475e+10
1452, 3.68475e+10
1453, 3.68475e+10
1454, 3.68475e+10
1455, 3.68475e+10
1456, 3.68475e+10
1457, 3.68475e+10
1458, 3.68475e+10
1459, 3.68475e+10
1460, 3.68475e+10
1461, 3.68475e+10
1462, 3.68475e+10
1463, 3.68475e+10
1464, 3.68475e+10
1465, 3.68475e+10
1466, 3.68475e+10
1467, 3.68475e+10
1468, 3.68475e+10
1469, 3.68475e+10
1470, 3.68475e+10
1471, 3.68475e+10
1472, 3.68475e+10
1473, 3.68475e+10
1474, 3.68475e+10
1475, 3.68475e+10
1476, 3.68475e+10
1477, 3.68475e+10
1478, 3.68475e+10
1479, 3.68475e+10
1480, 3.68475e+10
1481, 3.68475e+10
1482, 3.68475e+10
1483, 3.67813e+10
1484, 3.67813e+10
1485, 3.67813e+10
1486, 3.67813e+10
1487, 3.67813e+10
1488, 3.67813e+10
1489, 3.67813e+10
1490, 3.67813e+10
1491, 3.67813e+10
1492, 3.67813e+10
1493, 3.67813e+10
1494, 3.67813e+10
1495, 3.67813e+10
1496, 3.67813e+10
1497, 3.67813e+10
1498, 3.67813e+10
1499, 3.67813e+10
1500, 3.67813e+10
1501, 3.67813e+10
1502, 3.67813e+10
1503, 3.67813e+10
1504, 3.67813e+10
1505, 3.67813e+10
1506, 3.67813e+10
1507, 3.67813e+10
1508, 3.67813e+10
1509, 3.67813e+10
1510, 3.67813e+10
1511, 3.67813e+10
1512, 3.67813e+10
1513, 3.67813e+10
1514, 3.67813e+10
1515, 3.67813e+10
1516, 3.67813e+10
1517, 3.67813e+10
1518, 3.67813e+10
1519, 3.67813e+10
1520, 3.67813e+10
1521, 3.67813e+10
1522, 3.67813e+10
1523, 3.67813e+10
1524, 3.67813e+10
1525, 3.67813e+10
1526, 3.67813e+10
1527, 3.67813e+10
1528, 3.67813e+10
1529, 3.67813e+10
1530, 3.67813e+10
1531, 3.67813e+10
1532, 3.67813e+10
1533, 3.67813e+10
1534, 3.67813e+10
1535, 3.67813e+10
1536, 3.67813e+10
1537, 3.67813e+10
1538, 3.67813e+10
1539, 3.67813e+10
1540, 3.67813e+10
1541, 3.67813e+10
1542, 3.67813e+10
1543, 3.67813e+10
1544, 3.67813e+10
1545, 3.67813e+10
1546, 3.67813e+10
1547, 3.67813e+10
1548, 3.67813e+10
1549, 3.67813e+10
1550, 3.67813e+10
1551, 3.67813e+10
1552, 3.67813e+10
1553, 3.67813e+10
1554, 3.67813e+10
1555, 3.67813e+10
1556, 3.67813e+10
1557, 3.67813e+10
1558, 3.67813e+10
1559, 3.67813e+10
1560, 3.67813e+10
1561, 3.67813e+10
1562, 3.67813e+10
1563, 3.67813e+10
1564, 3.67813e+10
1565, 3.67813e+10
1566, 3.67813e+10
1567, 3.67813e+10
1568, 3.67813e+10
1569, 3.67813e+10
1570, 3.67813e+10
1571, 3.67813e+10
1572, 3.67813e+10
1573, 3.67813e+10
1574, 3.67813e+10
1575, 3.67813e+10
1576, 3.67813e+10
1577, 3.67813e+10
1578, 3.67813e+10
1579, 3.67813e+10
1580, 3.67813e+10
1581, 3.67813e+10
1582, 3.67813e+10
1583, 3.67813e+10
1584, 3.67813e+10
1585, 3.67813e+10
1586, 3.67813e+10
1587, 3.67813e+10
1588, 3.67813e+10
1589, 3.67813e+10
1590, 3.67813e+10
1591, 3.67813e+10
1592, 3.67813e+10
1593, 3.67813e+10
1594, 3.67813e+10
1595, 3.67813e+10
1596, 3.67813e+10
1597, 3.67813e+10
1598, 3.67813e+10
1599, 3.67813e+10
1600, 3.67813e+10
1601, 3.67813e+10
1602, 3.67813e+10
1603, 3.67813e+10
1604, 3.67813e+10
1605, 3.67813e+10
1606, 3.67813e+10
1607, 3.67813e+10
1608, 3.67813e+10
1609, 3.67813e+10
1610, 3.67813e+10
1611, 3.67813e+10
1612, 3.67813e+10
1613, 3.67813e+10
1614, 3.67813e+10
1615, 3.67813e+10
1616, 3.67813e+10
1617, 3.67813e+10
1618, 3.67813e+10
1619, 3.67813e+10
1620, 3.67813e+10
1621, 3.67813e+10
1622, 3.67813e+10
1623, 3.67813e+10
1624, 3.67813e+10
1625, 3.67813e+10
1626, 3.67813e+10
1627, 3.67813e+10
1628, 3.67813e+10
1629, 3.67813e+10
1630, 3.67813e+10
1631, 3.67813e+10
1632, 3.67813e+10
1633, 3.67813e+10
1634, 3.67813e+10
1635, 3.67813e+10
1636, 3.67813e+10
1637, 3.67813e+10
1638, 3.67813e+10
1639, 3.67813e+10
1640, 3.67813e+10
1641, 3.67813e+10
1642, 3.67813e+10
1643, 3.67813e+10
1644, 3.67813e+10
1645, 3.67813e+10
1646, 3.67813e+10
1647, 3.67813e+10
1648, 3.67813e+10
1649, 3.67813e+10
1650, 3.67813e+10
1651, 3.67813e+10
1652, 3.67813e+10
1653, 3.67813e+10
1654, 3.67813e+10
1655, 3.67813e+10
1656, 3.67813e+10
1657, 3.67813e+10
1658, 3.67813e+10
1659, 3.67813e+10
1660, 3.67813e+10
1661, 3.67813e+10
1662, 3.67813e+10
1663, 3.67813e+10
1664, 3.67813e+10
1665, 3.67813e+10
1666, 3.67813e+10
1667, 3.67813e+10
1668, 3.67813e+10
1669, 3.67813e+10
1670, 3.67813e+10
1671, 3.67813e+10
1672, 3.67813e+10
1673, 3.67813e+10
1674, 3.67813e+10
1675, 3.67813e+10
1676, 3.67813e+10
1677, 3.67813e+10
1678, 3.67813e+10
1679, 3.67813e+10
1680, 3.67813e+10
1681, 3.67813e+10
1682, 3.67813e+10
1683, 3.67813e+10
1684, 3.67813e+10
1685, 3.67813e+10
1686, 3.67813e+10
1687, 3.67813e+10
1688, 3.67813e+10
1689, 3.67813e+10
1690, 3.67813e+10
1691, 3.67813e+10
1692, 3.67813e+10
1693, 3.67813e+10
1694, 3.67813e+10
1695, 3.67813e+10
1696, 3.67813e+10
1697, 3.67813e+10
1698, 3.67813e+10
1699, 3.67813e+10
1700, 3.67813e+10
1701, 3.67813e+10
1702, 3.67813e+10
1703, 3.67813e+10
1704, 3.67813e+10
1705, 3.67813e+10
1706, 3.67813e+10
1707, 3.67813e+10
1708, 3.67813e+10
1709, 3.67813e+10
1710, 3.67813e+10
1711, 3.67813e+10
1712, 3.67813e+10
1713, 3.67813e+10
1714, 3.67813e+10
1715, 3.67813e+10
1716, 3.67813e+10
1717, 3.67813e+10
1718, 3.67813e+10
1719, 3.67813e+10
1720, 3.67813e+10
1721, 3.67813e+10
1722, 3.67813e+10
1723, 3.67813e+10
1724, 3.67813e+10
1725, 3.67813e+10
1726, 3.67813e+10
1727, 3.67813e+10
1728, 3.67813e+10
1729, 3.67813e+10
1730, 3.67813e+10
1731, 3.67813e+10
1732, 3.67813e+10
1733, 3.67813e+10
1734, 3.67813e+10
1735, 3.67813e+10
1736, 3.67813e+10
1737, 3.67813e+10
1738, 3.67813e+10
1739, 3.67813e+10
1740, 3.67813e+10
1741, 3.67813e+10
1742, 3.67813e+10
1743, 3.67813e+10
1744, 3.67813e+10
1745, 3.67813e+10
1746, 3.67813e+10
1747, 3.67813e+10
1748, 3.67813e+10
1749, 3.67813e+10
1750, 3.67813e+10
1751, 3.67813e+10
1752, 3.67813e+10
1753, 3.67813e+10
1754, 3.67813e+10
1755, 3.67813e+10
1756, 3.67813e+10
1757, 3.67813e+10
1758, 3.67813e+10
1759, 3.67813e+10
1760, 3.67813e+10
1761, 3.67813e+10
1762, 3.67813e+10
1763, 3.67813e+10
1764, 3.67813e+10
1765, 3.67813e+10
1766, 3.67813e+10
1767, 3.67813e+10
1768, 3.67813e+10
1769, 3.67813e+10
1770, 3.67813e+10
1771, 3.67813e+10
1772, 3.67813e+10
1773, 3.67813e+10
1774, 3.67813e+10
1775, 3.67813e+10
1776, 3.67813e+10
1777, 3.67813e+10
1778, 3.67813e+10
1779, 3.67813e+10
1780, 3.67813e+10
1781, 3.67813e+10
1782, 3.67813e+10
1783, 3.67813e+10
1784, 3.67813e+10
1785, 3.67813e+10
1786, 3.67813e+10
1787, 3.67813e+10
1788, 3.67813e+10
1789, 3.67813e+10
1790, 3.67813e+10
1791, 3.67813e+10
1792, 3.67813e+10
1793, 3.67813e+10
1794, 3.67813e+10
1795, 3.67813e+10
1796, 3.67813e+10
1797, 3.67813e+10
1798, 3.67813e+10
1799, 3.67813e+10
1800, 3.67813e+10
1801, 3.67813e+10
1802, 3.67813e+10
1803, 3.67813e+10
1804, 3.67813e+10
1805, 3.67813e+10
1806, 3.67813e+10
1807, 3.67813e+10
1808, 3.67813e+10
1809, 3.67813e+10
1810, 3.67813e+10
1811, 3.67813e+10
1812, 3.67813e+10
1813, 3.67813e+10
1814, 3.67813e+10
1815, 3.67813e+10
1816, 3.67813e+10
1817, 3.67813e+10
1818, 3.67813e+10
1819, 3.67813e+10
1820, 3.67813e+10
1821, 3.67813e+10
1822, 3.67813e+10
1823, 3.67813e+10
1824, 3.67813e+10
1825, 3.67813e+10
1826, 3.67813e+10
1827, 3.67813e+10
1828, 3.67813e+10
1829, 3.67813e+10
1830, 3.67813e+10
1831, 3.67813e+10
1832, 3.67813e+10
1833, 3.67813e+10
1834, 3.67813e+10
1835, 3.67813e+10
1836, 3.67813e+10
1837, 3.67813e+10
1838, 3.67813e+10
1839, 3.67813e+10
1840, 3.67813e+10
1841, 3.67813e+10
1842, 3.67813e+10
1843, 3.67813e+10
1844, 3.67813e+10
1845, 3.67813e+10
1846, 3.67813e+10
1847, 3.67813e+10
1848, 3.67813e+10
1849, 3.67813e+10
1850, 3.67813e+10
1851, 3.67813e+10
1852, 3.67813e+10
1853, 3.67813e+10
1854, 3.67813e+10
1855, 3.67813e+10
1856, 3.67813e+10
1857, 3.67813e+10
1858, 3.67813e+10
1859, 3.67813e+10
1860, 3.67813e+10
1861, 3.67813e+10
1862, 3.67813e+10
1863, 3.67813e+10
1864, 3.67813e+10
1865, 3.67813e+10
1866, 3.67813e+10
1867, 3.67813e+10
1868, 3.67813e+10
1869, 3.67813e+10
1870, 3.67813e+10
1871, 3.67813e+10
1872, 3.67813e+10
1873, 3.67813e+10
1874, 3.67813e+10
1875, 3.67813e+10
1876, 3.67813e+10
1877, 3.67813e+10
1878, 3.67813e+10
1879, 3.67813e+10
1880, 3.67813e+10
1881, 3.67813e+10
1882, 3.67813e+10
1883, 3.67813e+10
1884, 3.67813e+10
1885, 3.67813e+10
1886, 3.67813e+10
1887, 3.67813e+10
1888, 3.67813e+10
1889, 3.67813e+10
1890, 3.67813e+10
1891, 3.67813e+10
1892, 3.67813e+10
1893, 3.67813e+10
1894, 3.67813e+10
1895, 3.67813e+10
1896, 3.67813e+10
1897, 3.67813e+10
1898, 3.67813e+10
1899, 3.67813e+10
1900, 3.67813e+10
1901, 3.67813e+10
1902, 3.67813e+10
1903, 3.67813e+10
1904, 3.67813e+10
1905, 3.67813e+10
1906, 3.67813e+10
1907, 3.67813e+10
1908, 3.67813e+10
1909, 3.67813e+10
1910, 3.67813e+10
1911, 3.67813e+10
1912, 3.67813e+10
1913, 3.67813e+10
1914, 3.67813e+10
1915, 3.67813e+10
1916, 3.67813e+10
1917, 3.67813e+10
1918, 3.67813e+10
1919, 3.67813e+10
1920, 3.67813e+10
1921, 3.67813e+10
1922, 3.67813e+10
1923, 3.67813e+10
1924, 3.67813e+10
1925, 3.67813e+10
1926, 3.67813e+10
1927, 3.67813e+10
1928, 3.67692e+10
1929, 3.67692e+10
1930, 3.67692e+10
1931, 3.67692e+10
1932, 3.67692e+10
1933, 3.67692e+10
1934, 3.67692e+10
1935, 3.67692e+10
1936, 3.67692e+10
1937, 3.67692e+10
1938, 3.67692e+10
1939, 3.67692e+10
1940, 3.67692e+10
1941, 3.67692e+10
1942, 3.67692e+10
1943, 3.67692e+10
1944, 3.67692e+10
1945, 3.67692e+10
1946, 3.67692e+10
1947, 3.67692e+10
1948, 3.67692e+10
1949, 3.67692e+10
1950, 3.67692e+10
1951, 3.67692e+10
1952, 3.67692e+10
1953, 3.67692e+10
1954, 3.67692e+10
1955, 3.67692e+10
1956, 3.67692e+10
1957, 3.67692e+10
1958, 3.67692e+10
1959, 3.67692e+10
1960, 3.67692e+10
1961, 3.67692e+10
1962, 3.67692e+10
1963, 3.67692e+10
1964, 3.67692e+10
1965, 3.67692e+10
1966, 3.67692e+10
1967, 3.67692e+10
1968, 3.67692e+10
1969, 3.67692e+10
1970, 3.67692e+10
1971, 3.67692e+10
1972, 3.67692e+10
1973, 3.67692e+10
1974, 3.67692e+10
1975, 3.67692e+10
1976, 3.67692e+10
1977, 3.67692e+10
1978, 3.67692e+10
1979, 3.67692e+10
1980, 3.67692e+10
1981, 3.67692e+10
1982, 3.67692e+10
1983, 3.67692e+10
1984, 3.67692e+10
1985, 3.67651e+10
1986, 3.67651e+10
1987, 3.67651e+10
1988, 3.67651e+10
1989, 3.67651e+10
1990, 3.67651e+10
1991, 3.67651e+10
1992, 3.67651e+10
1993, 3.67651e+10
1994, 3.67651e+10
1995, 3.67651e+10
1996, 3.67651e+10
1997, 3.67651e+10
1998, 3.67651e+10
1999, 3.67651e+10
2000, 3.67651e+10
2001, 3.67651e+10
2002, 3.67651e+10
2003, 3.67651e+10
2004, 3.67651e+10
2005, 3.67651e+10
2006, 3.67651e+10
2007, 3.67651e+10
2008, 3.67651e+10
2009, 3.67651e+10
2010, 3.67651e+10
2011, 3.67651e+10
2012, 3.67651e+10
2013, 3.67651e+10
2014, 3.67651e+10
2015, 3.67651e+10
2016, 3.67651e+10
2017, 3.67651e+10
2018, 3.67651e+10
2019, 3.67651e+10
2020, 3.67651e+10
2021, 3.67651e+10
2022, 3.67651e+10
2023, 3.67651e+10
2024, 3.67651e+10
2025, 3.67651e+10
2026, 3.67651e+10
2027, 3.67651e+10
2028, 3.67651e+10
2029, 3.67651e+10
2030, 3.67651e+10
2031, 3.67651e+10
2032, 3.67651e+10
2033, 3.67651e+10
2034, 3.67651e+10
2035, 3.67651e+10
2036, 3.67651e+10
2037, 3.67651e+10
2038, 3.67651e+10
2039, 3.67651e+10
2040, 3.67651e+10
2041, 3.67651e+10
2042, 3.67651e+10
2043, 3.67651e+10
2044, 3.67651e+10
2045, 3.67651e+10
2046, 3.67651e+10
2047, 3.67651e+10
2048, 3.67651e+10
2049, 3.67651e+10
2050, 3.67651e+10
2051, 3.67651e+10
2052, 3.67651e+10
2053, 3.67651e+10
2054, 3.67651e+10
2055, 3.67651e+10
2056, 3.67651e+10
2057, 3.67651e+10
2058, 3.67651e+10
2059, 3.67651e+10
2060, 3.67651e+10
2061, 3.67651e+10
2062, 3.67651e+10
2063, 3.67651e+10
2064, 3.67651e+10
2065, 3.67651e+10
2066, 3.67651e+10
2067, 3.67651e+10
2068, 3.67651e+10
2069, 3.67651e+10
2070, 3.67651e+10
2071, 3.67651e+10
2072, 3.67651e+10
2073, 3.67651e+10
2074, 3.67651e+10
2075, 3.67651e+10
2076, 3.67651e+10
2077, 3.67651e+10
2078, 3.67651e+10
2079, 3.67651e+10
2080, 3.67651e+10
2081, 3.67651e+10
2082, 3.67651e+10
2083, 3.67651e+10
2084, 3.67651e+10
2085, 3.67651e+10
2086, 3.67651e+10
2087, 3.67651e+10
2088, 3.67651e+10
2089, 3.67651e+10
2090, 3.67651e+10
2091, 3.67651e+10
2092, 3.67651e+10
2093, 3.67651e+10
2094, 3.67651e+10
2095, 3.67651e+10
2096, 3.67651e+10
2097, 3.67651e+10
2098, 3.67651e+10
2099, 3.67651e+10
2100, 3.67651e+10
2101, 3.67651e+10
2102, 3.67651e+10
2103, 3.67651e+10
2104, 3.67651e+10
2105, 3.67651e+10
2106, 3.67651e+10
2107, 3.67651e+10
2108, 3.67651e+10
2109, 3.67651e+10
2110, 3.67651e+10
2111, 3.67651e+10
2112, 3.67651e+10
2113, 3.67651e+10
2114, 3.67651e+10
2115, 3.67651e+10
2116, 3.67651e+10
2117, 3.67651e+10
2118, 3.67651e+10
2119, 3.67651e+10
2120, 3.67651e+10
2121, 3.67651e+10
2122, 3.67651e+10
2123, 3.67651e+10
2124, 3.67651e+10
2125, 3.67651e+10
2126, 3.67365e+10
2127, 3.67365e+10
2128, 3.67365e+10
2129, 3.67365e+10
2130, 3.67365e+10
2131, 3.67365e+10
2132, 3.67365e+10
2133, 3.67365e+10
2134, 3.67365e+10
2135, 3.67365e+10
2136, 3.67365e+10
2137, 3.67365e+10
2138, 3.67365e+10
2139, 3.67365e+10
2140, 3.67365e+10
2141, 3.67365e+10
2142, 3.67365e+10
2143, 3.67365e+10
2144, 3.67365e+10
2145, 3.67365e+10
2146, 3.67365e+10
2147, 3.67365e+10
2148, 3.67365e+10
2149, 3.67365e+10
2150, 3.67365e+10
2151, 3.67365e+10
2152, 3.67365e+10
2153, 3.67365e+10
2154, 3.67365e+10
2155, 3.67365e+10
2156, 3.67365e+10
2157, 3.67365e+10
2158, 3.67365e+10
2159, 3.67365e+10
2160, 3.67365e+10
2161, 3.67365e+10
2162, 3.67365e+10
2163, 3.67365e+10
2164, 3.67365e+10
2165, 3.67365e+10
2166, 3.67365e+10
2167, 3.67365e+10
2168, 3.67365e+10
2169, 3.67365e+10
2170, 3.67365e+10
2171, 3.67365e+10
2172, 3.67365e+10
2173, 3.67365e+10
2174, 3.67365e+10
2175, 3.67365e+10
2176, 3.67365e+10
2177, 3.67365e+10
2178, 3.67365e+10
2179, 3.67365e+10
2180, 3.67365e+10
2181, 3.67365e+10
2182, 3.67365e+10
2183, 3.67365e+10
2184, 3.67365e+10
2185, 3.67365e+10
2186, 3.67365e+10
2187, 3.67365e+10
2188, 3.67365e+10
2189, 3.67365e+10
2190, 3.67365e+10
2191, 3.67365e+10
2192, 3.67365e+10
2193, 3.67365e+10
2194, 3.67365e+10
2195, 3.67365e+10
2196, 3.67365e+10
2197, 3.67365e+10
2198, 3.67365e+10
2199, 3.67365e+10
2200, 3.67365e+10
2201, 3.67365e+10
2202, 3.67365e+10
2203, 3.67365e+10
2204, 3.67365e+10
2205, 3.67365e+10
2206, 3.67365e+10
2207, 3.67365e+10
2208, 3.67365e+10
2209, 3.67365e+10
2210, 3.67365e+10
2211, 3.67365e+10
2212, 3.67365e+10
2213, 3.67365e+10
2214, 3.67365e+10
2215, 3.67365e+10
2216, 3.67365e+10
2217, 3.67365e+10
2218, 3.67365e+10
2219, 3.67365e+10
2220, 3.67365e+10
2221, 3.67365e+10
2222, 3.67365e+10
2223, 3.67365e+10
2224, 3.67365e+10
2225, 3.67365e+10
2226, 3.67365e+10
2227, 3.67365e+10
2228, 3.67365e+10
2229, 3.67365e+10
2230, 3.67365e+10
2231, 3.67365e+10
2232, 3.67365e+10
2233, 3.67365e+10
2234, 3.67365e+10
2235, 3.67365e+10
2236, 3.67365e+10
2237, 3.67365e+10
2238, 3.67365e+10
2239, 3.67365e+10
2240, 3.67365e+10
2241, 3.67365e+10
2242, 3.67365e+10
2243, 3.67365e+10
2244, 3.67365e+10
2245, 3.67365e+10
2246, 3.67365e+10
2247, 3.67365e+10
2248, 3.67365e+10
2249, 3.67365e+10
2250, 3.67365e+10
2251, 3.67365e+10
2252, 3.67365e+10
2253, 3.67365e+10
2254, 3.67365e+10
2255, 3.67365e+10
2256, 3.67365e+10
2257, 3.67365e+10
2258, 3.67365e+10
2259, 3.67365e+10
2260, 3.67365e+10
2261, 3.67365e+10
2262, 3.67365e+10
2263, 3.67365e+10
2264, 3.67365e+10
2265, 3.67365e+10
2266, 3.67365e+10
2267, 3.67365e+10
2268, 3.67365e+10
2269, 3.67365e+10
2270, 3.67365e+10
2271, 3.67365e+10
2272, 3.67365e+10
2273, 3.67365e+10
2274, 3.67365e+10
2275, 3.67365e+10
2276, 3.67365e+10
2277, 3.67365e+10
2278, 3.67365e+10
2279, 3.67365e+10
2280, 3.67365e+10
2281, 3.67365e+10
2282, 3.67365e+10
2283, 3.67365e+10
2284, 3.67365e+10
2285, 3.67365e+10
2286, 3.67365e+10
2287, 3.67365e+10
2288, 3.67365e+10
2289, 3.67365e+10
2290, 3.67365e+10
2291, 3.67365e+10
2292, 3.67365e+10
2293, 3.67365e+10
2294, 3.67365e+10
2295, 3.67365e+10
2296, 3.67365e+10
2297, 3.67365e+10
2298, 3.67365e+10
2299, 3.67365e+10
2300, 3.67365e+10
2301, 3.67365e+10
2302, 3.67365e+10
2303, 3.67365e+10
2304, 3.67365e+10
2305, 3.67365e+10
2306, 3.67365e+10
2307, 3.67365e+10
2308, 3.67365e+10
2309, 3.67365e+10
2310, 3.67365e+10
2311, 3.67365e+10
2312, 3.67365e+10
2313, 3.67365e+10
2314, 3.67365e+10
2315, 3.67365e+10
2316, 3.67365e+10
2317, 3.67365e+10
2318, 3.67365e+10
2319, 3.67365e+10
2320, 3.67365e+10
2321, 3.67365e+10
2322, 3.67365e+10
2323, 3.67365e+10
2324, 3.67365e+10
2325, 3.67365e+10
2326, 3.67365e+10
2327, 3.67365e+10
2328, 3.67365e+10
2329, 3.67365e+10
2330, 3.67365e+10
2331, 3.67365e+10
2332, 3.67365e+10
2333, 3.67365e+10
2334, 3.67365e+10
2335, 3.67365e+10
2336, 3.67365e+10
2337, 3.67365e+10
2338, 3.67365e+10
2339, 3.67365e+10
2340, 3.67365e+10
2341, 3.67365e+10
2342, 3.67365e+10
2343, 3.67365e+10
2344, 3.67365e+10
2345, 3.67365e+10
2346, 3.67365e+10
2347, 3.67365e+10
2348, 3.67365e+10
2349, 3.67365e+10
2350, 3.67365e+10
2351, 3.67365e+10
2352, 3.67365e+10
2353, 3.67365e+10
2354, 3.67365e+10
2355, 3.67365e+10
2356, 3.67365e+10
2357, 3.67365e+10
2358, 3.67365e+10
2359, 3.67365e+10
2360, 3.67365e+10
2361, 3.67365e+10
2362, 3.67365e+10
2363, 3.67365e+10
2364, 3.67365e+10
2365, 3.67365e+10
2366, 3.67365e+10
2367, 3.67365e+10
2368, 3.67365e+10
2369, 3.67365e+10
2370, 3.67365e+10
2371, 3.67365e+10
2372, 3.67365e+10
2373, 3.67365e+10
2374, 3.67365e+10
2375, 3.67365e+10
2376, 3.67365e+10
2377, 3.67365e+10
2378, 3.67365e+10
2379, 3.67365e+10
2380, 3.67365e+10
2381, 3.67365e+10
2382, 3.67365e+10
2383, 3.67365e+10
2384, 3.67365e+10
2385, 3.67365e+10
2386, 3.67365e+10
2387, 3.67365e+10
2388, 3.67365e+10
2389, 3.67365e+10
2390, 3.67365e+10
2391, 3.67365e+10
2392, 3.67365e+10
2393, 3.67365e+10
2394, 3.67365e+10
2395, 3.67365e+10
2396, 3.67365e+10
2397, 3.67365e+10
2398, 3.67365e+10
2399, 3.67365e+10
2400, 3.67365e+10
2401, 3.67365e+10
2402, 3.67365e+10
2403, 3.67365e+10
2404, 3.67365e+10
2405, 3.67365e+10
2406, 3.67365e+10
2407, 3.67365e+10
2408, 3.67365e+10
2409, 3.67365e+10
2410, 3.67365e+10
2411, 3.67365e+10
2412, 3.67365e+10
2413, 3.67365e+10
2414, 3.67365e+10
2415, 3.67365e+10
2416, 3.67365e+10
2417, 3.67365e+10
2418, 3.67365e+10
2419, 3.67365e+10
2420, 3.67365e+10
2421, 3.67365e+10
2422, 3.67365e+10
2423, 3.67365e+10
2424, 3.67365e+10
2425, 3.67365e+10
2426, 3.67365e+10
2427, 3.67365e+10
2428, 3.67365e+10
2429, 3.67365e+10
2430, 3.67365e+10
2431, 3.67365e+10
2432, 3.67365e+10
2433, 3.67365e+10
2434, 3.67365e+10
2435, 3.67365e+10
2436, 3.67365e+10
2437, 3.67365e+10
2438, 3.67365e+10
2439, 3.67365e+10
2440, 3.67365e+10
2441, 3.67365e+10
2442, 3.67365e+10
2443, 3.67365e+10
2444, 3.67365e+10
2445, 3.67365e+10
2446, 3.67365e+10
2447, 3.67365e+10
2448, 3.67365e+10
2449, 3.67365e+10
2450, 3.67365e+10
2451, 3.67365e+10
2452, 3.67365e+10
2453, 3.67365e+10
2454, 3.67365e+10
2455, 3.67365e+10
2456, 3.67365e+10
2457, 3.67365e+10
2458, 3.67365e+10
2459, 3.67365e+10
2460, 3.67365e+10
2461, 3.67365e+10
2462, 3.67365e+10
2463, 3.67365e+10
2464, 3.67365e+10
2465, 3.67365e+10
2466, 3.67365e+10
2467, 3.67365e+10
2468, 3.67365e+10
2469, 3.67365e+10
2470, 3.67365e+10
2471, 3.67365e+10
2472, 3.67365e+10
2473, 3.67365e+10
2474, 3.67365e+10
2475, 3.67365e+10
2476, 3.67365e+10
2477, 3.67365e+10
2478, 3.67365e+10
2479, 3.67365e+10
2480, 3.67365e+10
2481, 3.67365e+10
2482, 3.67365e+10
2483, 3.67365e+10
2484, 3.67365e+10
2485, 3.67365e+10
2486, 3.67365e+10
2487, 3.67365e+10
2488, 3.67365e+10
2489, 3.67365e+10
2490, 3.67365e+10
2491, 3.67365e+10
2492, 3.67365e+10
2493, 3.67365e+10
2494, 3.67365e+10
2495, 3.67365e+10
2496, 3.67365e+10
2497, 3.67365e+10
2498, 3.67365e+10
2499, 3.67365e+10
2500, 3.67365e+10
2501, 3.67365e+10
2502, 3.67365e+10
2503, 3.67365e+10
2504, 3.67365e+10
2505, 3.67365e+10
2506, 3.67365e+10
2507, 3.67365e+10
2508, 3.67365e+10
2509, 3.67365e+10
2510, 3.67365e+10
2511, 3.67365e+10
2512, 3.67365e+10
2513, 3.67365e+10
2514, 3.67365e+10
2515, 3.67365e+10
2516, 3.67365e+10
2517, 3.67365e+10
2518, 3.67365e+10
2519, 3.67365e+10
2520, 3.67365e+10
2521, 3.67365e+10
2522, 3.67365e+10
2523, 3.67365e+10
2524, 3.67365e+10
2525, 3.67365e+10
2526, 3.67365e+10
2527, 3.67365e+10
2528, 3.67365e+10
2529, 3.67365e+10
2530, 3.67365e+10
2531, 3.67365e+10
2532, 3.67365e+10
2533, 3.67365e+10
2534, 3.67365e+10
2535, 3.67365e+10
2536, 3.67365e+10
2537, 3.67365e+10
2538, 3.67365e+10
2539, 3.67365e+10
2540, 3.67365e+10
2541, 3.67365e+10
2542, 3.67365e+10
2543, 3.67365e+10
2544, 3.67365e+10
2545, 3.67365e+10
2546, 3.67365e+10
2547, 3.67365e+10
2548, 3.67365e+10
2549, 3.67365e+10
2550, 3.67365e+10
2551, 3.67365e+10
2552, 3.67365e+10
2553, 3.67365e+10
2554, 3.67365e+10
2555, 3.67365e+10
2556, 3.67365e+10
2557, 3.67365e+10
2558, 3.67365e+10
2559, 3.67365e+10
2560, 3.67365e+10
2561, 3.67365e+10
2562, 3.67365e+10
2563, 3.67365e+10
2564, 3.67365e+10
2565, 3.67365e+10
2566, 3.67365e+10
2567, 3.67365e+10
2568, 3.67365e+10
2569, 3.67365e+10
2570, 3.67365e+10
2571, 3.67365e+10
2572, 3.67365e+10
2573, 3.67365e+10
2574, 3.67365e+10
2575, 3.67365e+10
2576, 3.67365e+10
2577, 3.67365e+10
2578, 3.67365e+10
2579, 3.67365e+10
2580, 3.67365e+10
2581, 3.67365e+10
2582, 3.67365e+10
2583, 3.67365e+10
2584, 3.67365e+10
2585, 3.67365e+10
2586, 3.67365e+10
2587, 3.67365e+10
2588, 3.67365e+10
2589, 3.67365e+10
2590, 3.67365e+10
2591, 3.67365e+10
2592, 3.67365e+10
2593, 3.67365e+10
2594, 3.67365e+10
2595, 3.67365e+10
2596, 3.67365e+10
2597, 3.67365e+10
2598, 3.67365e+10
2599, 3.67365e+10
2600, 3.67365e+10
2601, 3.67365e+10
2602, 3.67365e+10
2603, 3.67365e+10
2604, 3.67365e+10
2605, 3.67365e+10
2606, 3.67365e+10
2607, 3.67365e+10
2608, 3.67365e+10
2609, 3.67365e+10
2610, 3.67365e+10
2611, 3.67365e+10
2612, 3.67365e+10
2613, 3.67365e+10
2614, 3.67365e+10
2615, 3.67365e+10
2616, 3.67365e+10
2617, 3.67365e+10
2618, 3.67365e+10
2619, 3.67365e+10
2620, 3.67365e+10
2621, 3.67365e+10
2622, 3.67365e+10
2623, 3.67365e+10
2624, 3.67365e+10
2625, 3.67365e+10
2626, 3.67365e+10
2627, 3.67365e+10
2628, 3.67365e+10
2629, 3.67365e+10
2630, 3.67365e+10
2631, 3.67365e+10
2632, 3.67365e+10
2633, 3.67365e+10
2634, 3.67365e+10
2635, 3.67365e+10
2636, 3.67365e+10
2637, 3.67365e+10
2638, 3.67365e+10
2639, 3.67365e+10
2640, 3.67365e+10
2641, 3.67365e+10
2642, 3.67365e+10
2643, 3.67365e+10
2644, 3.67365e+10
2645, 3.67365e+10
2646, 3.67365e+10
2647, 3.67365e+10
2648, 3.67365e+10
2649, 3.67365e+10
2650, 3.67365e+10
2651, 3.67365e+10
2652, 3.67365e+10
2653, 3.67365e+10
2654, 3.67365e+10
2655, 3.67365e+10
2656, 3.67365e+10
2657, 3.67365e+10
2658, 3.67365e+10
2659, 3.67365e+10
2660, 3.67365e+10
2661, 3.67365e+10
2662, 3.67365e+10
2663, 3.67365e+10
2664, 3.67365e+10
2665, 3.67365e+10
2666, 3.67365e+10
2667, 3.67365e+10
2668, 3.67365e+10
2669, 3.67365e+10
2670, 3.67365e+10
2671, 3.67365e+10
2672, 3.67365e+10
2673, 3.67365e+10
2674, 3.67365e+10
2675, 3.67365e+10
2676, 3.67365e+10
2677, 3.67365e+10
2678, 3.67365e+10
2679, 3.67365e+10
2680, 3.67365e+10
2681, 3.67365e+10
2682, 3.67365e+10
2683, 3.67365e+10
2684, 3.67365e+10
2685, 3.67365e+10
2686, 3.67365e+10
2687, 3.67365e+10
2688, 3.67365e+10
2689, 3.67365e+10
2690, 3.67365e+10
2691, 3.67365e+10
2692, 3.67365e+10
2693, 3.67365e+10
2694, 3.67365e+10
2695, 3.67365e+10
2696, 3.67365e+10
2697, 3.67365e+10
2698, 3.67365e+10
2699, 3.67365e+10
2700, 3.67365e+10
2701, 3.67365e+10
2702, 3.67365e+10
2703, 3.67365e+10
2704, 3.67365e+10
2705, 3.67365e+10
2706, 3.67365e+10
2707, 3.67365e+10
2708, 3.67365e+10
2709, 3.67365e+10
2710, 3.67365e+10
2711, 3.67365e+10
2712, 3.67365e+10
2713, 3.67365e+10
2714, 3.67365e+10
2715, 3.67365e+10
2716, 3.67365e+10
2717, 3.67365e+10
2718, 3.67365e+10
2719, 3.67365e+10
2720, 3.67365e+10
2721, 3.67365e+10
2722, 3.67365e+10
2723, 3.67365e+10
2724, 3.67365e+10
2725, 3.67365e+10
2726, 3.67365e+10
2727, 3.67365e+10
2728, 3.67365e+10
2729, 3.67365e+10
2730, 3.67365e+10
2731, 3.67365e+10
2732, 3.67365e+10
2733, 3.67365e+10
2734, 3.67365e+10
2735, 3.67365e+10
2736, 3.67365e+10
2737, 3.67365e+10
2738, 3.67365e+10
2739, 3.67365e+10
2740, 3.67365e+10
2741, 3.67365e+10
2742, 3.67365e+10
2743, 3.67365e+10
2744, 3.67365e+10
2745, 3.67365e+10
2746, 3.67365e+10
2747, 3.67365e+10
2748, 3.67365e+10
2749, 3.67365e+10
2750, 3.67365e+10
2751, 3.67365e+10
2752, 3.67365e+10
2753, 3.67365e+10
2754, 3.67365e+10
2755, 3.67365e+10
2756, 3.67365e+10
2757, 3.67365e+10
2758, 3.67365e+10
2759, 3.67365e+10
2760, 3.67365e+10
2761, 3.67365e+10
2762, 3.67365e+10
2763, 3.67365e+10
2764, 3.67365e+10
2765, 3.67365e+10
2766, 3.67365e+10
2767, 3.67365e+10
2768, 3.67365e+10
2769, 3.67365e+10
2770, 3.67365e+10
2771, 3.67365e+10
2772, 3.67365e+10
2773, 3.67365e+10
2774, 3.67365e+10
2775, 3.67365e+10
2776, 3.67365e+10
2777, 3.67365e+10
2778, 3.67365e+10
2779, 3.67365e+10
2780, 3.67365e+10
2781, 3.67365e+10
2782, 3.67365e+10
2783, 3.67365e+10
2784, 3.67365e+10
2785, 3.67365e+10
2786, 3.67365e+10
2787, 3.67365e+10
2788, 3.67365e+10
2789, 3.67365e+10
2790, 3.67365e+10
2791, 3.67365e+10
2792, 3.67365e+10
2793, 3.67365e+10
2794, 3.67365e+10
2795, 3.67365e+10
2796, 3.67365e+10
2797, 3.67365e+10
2798, 3.67365e+10
2799, 3.67365e+10
2800, 3.67365e+10
2801, 3.67365e+10
2802, 3.67365e+10
2803, 3.67365e+10
2804, 3.67365e+10
2805, 3.67365e+10
2806, 3.67365e+10
2807, 3.67365e+10
2808, 3.67365e+10
2809, 3.67365e+10
2810, 3.67365e+10
2811, 3.67365e+10
2812, 3.67365e+10
2813, 3.67365e+10
2814, 3.67365e+10
2815, 3.67365e+10
2816, 3.67365e+10
2817, 3.67365e+10
2818, 3.67365e+10
2819, 3.67365e+10
2820, 3.67365e+10
2821, 3.67365e+10
2822, 3.67365e+10
2823, 3.67365e+10
2824, 3.67365e+10
2825, 3.67365e+10
2826, 3.67365e+10
2827, 3.67365e+10
2828, 3.67365e+10
2829, 3.67365e+10
2830, 3.67365e+10
2831, 3.67365e+10
2832, 3.67365e+10
2833, 3.67365e+10
2834, 3.67365e+10
2835, 3.67365e+10
2836, 3.67365e+10
2837, 3.67365e+10
2838, 3.67365e+10
2839, 3.67365e+10
2840, 3.67365e+10
2841, 3.67365e+10
2842, 3.67365e+10
2843, 3.67365e+10
2844, 3.67365e+10
2845, 3.67365e+10
2846, 3.67365e+10
2847, 3.67365e+10
2848, 3.67365e+10
2849, 3.67365e+10
2850, 3.67365e+10
2851, 3.67365e+10
2852, 3.67365e+10
2853, 3.67365e+10
2854, 3.67365e+10
2855, 3.67365e+10
2856, 3.67365e+10
2857, 3.67365e+10
2858, 3.67365e+10
2859, 3.67365e+10
2860, 3.67365e+10
2861, 3.67365e+10
2862, 3.67365e+10
2863, 3.67365e+10
2864, 3.67365e+10
2865, 3.67365e+10
2866, 3.67365e+10
2867, 3.67365e+10
2868, 3.67365e+10
2869, 3.67365e+10
2870, 3.67365e+10
2871, 3.67365e+10
2872, 3.67365e+10
2873, 3.67365e+10
2874, 3.67365e+10
2875, 3.67365e+10
2876, 3.67365e+10
2877, 3.67365e+10
2878, 3.67365e+10
2879, 3.67365e+10
2880, 3.67365e+10
2881, 3.67365e+10
2882, 3.67365e+10
2883, 3.67365e+10
2884, 3.67365e+10
2885, 3.67365e+10
2886, 3.67365e+10
2887, 3.67365e+10
2888, 3.67365e+10
2889, 3.67365e+10
2890, 3.67365e+10
2891, 3.67365e+10
2892, 3.67365e+10
2893, 3.67365e+10
2894, 3.67365e+10
2895, 3.67365e+10
2896, 3.67365e+10
2897, 3.67365e+10
2898, 3.67365e+10
2899, 3.67365e+10
2900, 3.67365e+10
2901, 3.67365e+10
2902, 3.67365e+10
2903, 3.67365e+10
2904, 3.67365e+10
2905, 3.67365e+10
2906, 3.67365e+10
2907, 3.67365e+10
2908, 3.67365e+10
2909, 3.67365e+10
2910, 3.67365e+10
2911, 3.67365e+10
2912, 3.67365e+10
2913, 3.67365e+10
2914, 3.67365e+10
2915, 3.67365e+10
2916, 3.67365e+10
2917, 3.67365e+10
2918, 3.67365e+10
2919, 3.67365e+10
2920, 3.67365e+10
2921, 3.67365e+10
2922, 3.67365e+10
2923, 3.67365e+10
2924, 3.67365e+10
2925, 3.67365e+10
2926, 3.67365e+10
2927, 3.67365e+10
2928, 3.67365e+10
2929, 3.67365e+10
2930, 3.67365e+10
2931, 3.67365e+10
2932, 3.67365e+10
2933, 3.67365e+10
2934, 3.67365e+10
2935, 3.67365e+10
2936, 3.67365e+10
2937, 3.67365e+10
2938, 3.67365e+10
2939, 3.67365e+10
2940, 3.67365e+10
2941, 3.67365e+10
2942, 3.67365e+10
2943, 3.67365e+10
2944, 3.67365e+10
2945, 3.67365e+10
2946, 3.67365e+10
2947, 3.67365e+10
2948, 3.67365e+10
2949, 3.67365e+10
2950, 3.67365e+10
2951, 3.67365e+10
2952, 3.67365e+10
2953, 3.67365e+10
2954, 3.67365e+10
2955, 3.67365e+10
2956, 3.67365e+10
2957, 3.67365e+10
2958, 3.67365e+10
2959, 3.67365e+10
2960, 3.67365e+10
2961, 3.67365e+10
2962, 3.67365e+10
2963, 3.67365e+10
2964, 3.67365e+10
2965, 3.67365e+10
2966, 3.67365e+10
2967, 3.67365e+10
2968, 3.67365e+10
2969, 3.67365e+10
2970, 3.67365e+10
2971, 3.67365e+10
2972, 3.67365e+10
2973, 3.67365e+10
2974, 3.67365e+10
2975, 3.67365e+10
2976, 3.67365e+10
2977, 3.67365e+10
2978, 3.67365e+10
2979, 3.67365e+10
2980, 3.67365e+10
2981, 3.67365e+10
2982, 3.67365e+10
2983, 3.67365e+10
2984, 3.67365e+10
2985, 3.67365e+10
2986, 3.67365e+10
2987, 3.67365e+10
2988, 3.67365e+10
2989, 3.67365e+10
2990, 3.67365e+10
2991, 3.67365e+10
2992, 3.67365e+10
2993, 3.67365e+10
2994, 3.67365e+10
2995, 3.67365e+10
2996, 3.67365e+10
2997, 3.67365e+10
2998, 3.67365e+10
2999, 3.67365e+10
3000, 3.67365e+10
3001, 3.67365e+10
3002, 3.67365e+10
3003, 3.67365e+10
3004, 3.67365e+10
3005, 3.67365e+10
3006, 3.67365e+10
3007, 3.67365e+10
3008, 3.67365e+10
3009, 3.67365e+10
3010, 3.67365e+10
3011, 3.67365e+10
3012, 3.67365e+10
3013, 3.67365e+10
3014, 3.67365e+10
3015, 3.67365e+10
3016, 3.67365e+10
3017, 3.67365e+10
3018, 3.67365e+10
3019, 3.67365e+10
3020, 3.67365e+10
3021, 3.67365e+10
3022, 3.67365e+10
3023, 3.67365e+10
3024, 3.67365e+10
3025, 3.67365e+10
3026, 3.67365e+10
3027, 3.67365e+10
3028, 3.67365e+10
3029, 3.67365e+10
3030, 3.67365e+10
3031, 3.67365e+10
3032, 3.67365e+10
3033, 3.67365e+10
3034, 3.67365e+10
3035, 3.67365e+10
3036, 3.67365e+10
3037, 3.67365e+10
3038, 3.67365e+10
3039, 3.67365e+10
3040, 3.67365e+10
3041, 3.67365e+10
3042, 3.67365e+10
3043, 3.67365e+10
3044, 3.67365e+10
3045, 3.67365e+10
3046, 3.67365e+10
3047, 3.67365e+10
3048, 3.67365e+10
3049, 3.67365e+10
3050, 3.67365e+10
3051, 3.67365e+10
3052, 3.67365e+10
3053, 3.67365e+10
3054, 3.67365e+10
3055, 3.67365e+10
3056, 3.67365e+10
3057, 3.67365e+10
3058, 3.67365e+10
3059, 3.67365e+10
3060, 3.67365e+10
3061, 3.67365e+10
3062, 3.67365e+10
3063, 3.67365e+10
3064, 3.67365e+10
3065, 3.67365e+10
3066, 3.67365e+10
3067, 3.67365e+10
3068, 3.67365e+10
3069, 3.67365e+10
3070, 3.67365e+10
3071, 3.67365e+10
3072, 3.67365e+10
3073, 3.67365e+10
3074, 3.67365e+10
3075, 3.67365e+10
3076, 3.67365e+10
3077, 3.67365e+10
3078, 3.67365e+10
3079, 3.67365e+10
3080, 3.67365e+10
3081, 3.67365e+10
3082, 3.67365e+10
3083, 3.67365e+10
3084, 3.67365e+10
3085, 3.67365e+10
3086, 3.67365e+10
3087, 3.67365e+10
3088, 3.67365e+10
3089, 3.67365e+10
3090, 3.67365e+10
3091, 3.67365e+10
3092, 3.67365e+10
3093, 3.67365e+10
3094, 3.67365e+10
3095, 3.67365e+10
3096, 3.67365e+10
3097, 3.67365e+10
3098, 3.67365e+10
3099, 3.67365e+10
3100, 3.67365e+10
3101, 3.67365e+10
3102, 3.67365e+10
3103, 3.67365e+10
3104, 3.67365e+10
3105, 3.67365e+10
3106, 3.67365e+10
3107, 3.67365e+10
3108, 3.67365e+10
3109, 3.67365e+10
3110, 3.67365e+10
3111, 3.67365e+10
3112, 3.67365e+10
3113, 3.67365e+10
3114, 3.67365e+10
3115, 3.67365e+10
3116, 3.67365e+10
3117, 3.67365e+10
3118, 3.67365e+10
3119, 3.67365e+10
3120, 3.67365e+10
3121, 3.67365e+10
3122, 3.67365e+10
3123, 3.67365e+10
3124, 3.67365e+10
3125, 3.67365e+10
3126, 3.67365e+10
3127, 3.67365e+10
3128, 3.67365e+10
3129, 3.67365e+10
3130, 3.67365e+10
3131, 3.67365e+10
3132, 3.67365e+10
3133, 3.67365e+10
3134, 3.67365e+10
3135, 3.67365e+10
3136, 3.67365e+10
3137, 3.67365e+10
3138, 3.67365e+10
3139, 3.67365e+10
3140, 3.67365e+10
3141, 3.67365e+10
3142, 3.67365e+10
3143, 3.67365e+10
3144, 3.67365e+10
3145, 3.67365e+10
3146, 3.67365e+10
3147, 3.67365e+10
3148, 3.67365e+10
3149, 3.67365e+10
3150, 3.67365e+10
3151, 3.67365e+10
3152, 3.67365e+10
3153, 3.67365e+10
3154, 3.67365e+10
3155, 3.67365e+10
3156, 3.67365e+10
3157, 3.67365e+10
3158, 3.67365e+10
3159, 3.67365e+10
3160, 3.67365e+10
3161, 3.67365e+10
3162, 3.67365e+10
3163, 3.67365e+10
3164, 3.67365e+10
3165, 3.67365e+10
3166, 3.67365e+10
3167, 3.67365e+10
3168, 3.67365e+10
3169, 3.67365e+10
3170, 3.67365e+10
3171, 3.67365e+10
3172, 3.67365e+10
3173, 3.67365e+10
3174, 3.67365e+10
3175, 3.67365e+10
3176, 3.67365e+10
3177, 3.67365e+10
3178, 3.67365e+10
3179, 3.67365e+10
3180, 3.67365e+10
3181, 3.67365e+10
3182, 3.67365e+10
3183, 3.67365e+10
3184, 3.67365e+10
3185, 3.67365e+10
3186, 3.67365e+10
3187, 3.67365e+10
3188, 3.67365e+10
3189, 3.67365e+10
3190, 3.67365e+10
3191, 3.67365e+10
3192, 3.67365e+10
3193, 3.67365e+10
3194, 3.67365e+10
3195, 3.67365e+10
3196, 3.67365e+10
3197, 3.67365e+10
3198, 3.67365e+10
3199, 3.67365e+10
3200, 3.67365e+10
3201, 3.67365e+10
3202, 3.67365e+10
3203, 3.67365e+10
3204, 3.67365e+10
3205, 3.67365e+10
3206, 3.67365e+10
3207, 3.67365e+10
3208, 3.67365e+10
3209, 3.67365e+10
3210, 3.67365e+10
3211, 3.67365e+10
3212, 3.67365e+10
3213, 3.67365e+10
3214, 3.67365e+10
3215, 3.67365e+10
3216, 3.67365e+10
3217, 3.67365e+10
3218, 3.67365e+10
3219, 3.67365e+10
3220, 3.67365e+10
3221, 3.67365e+10
3222, 3.67365e+10
3223, 3.67365e+10
3224, 3.67365e+10
3225, 3.67365e+10
3226, 3.67365e+10
3227, 3.67365e+10
3228, 3.67365e+10
3229, 3.67365e+10
3230, 3.67365e+10
3231, 3.67365e+10
3232, 3.67365e+10
3233, 3.67365e+10
3234, 3.67365e+10
3235, 3.67365e+10
3236, 3.67365e+10
3237, 3.67365e+10
3238, 3.67365e+10
3239, 3.67365e+10
3240, 3.67365e+10
3241, 3.67365e+10
3242, 3.67365e+10
3243, 3.67365e+10
3244, 3.67365e+10
3245, 3.67365e+10
3246, 3.67365e+10
3247, 3.67365e+10
3248, 3.67365e+10
3249, 3.67365e+10
3250, 3.67365e+10
3251, 3.67365e+10
3252, 3.67365e+10
3253, 3.67365e+10
3254, 3.67365e+10
3255, 3.67365e+10
3256, 3.67365e+10
3257, 3.67365e+10
3258, 3.67365e+10
3259, 3.67365e+10
3260, 3.67365e+10
3261, 3.67365e+10
3262, 3.67365e+10
3263, 3.67365e+10
3264, 3.67365e+10
3265, 3.67365e+10
3266, 3.67365e+10
3267, 3.67365e+10
3268, 3.67365e+10
3269, 3.67365e+10
3270, 3.67365e+10
3271, 3.67365e+10
3272, 3.67365e+10
3273, 3.67365e+10
3274, 3.67365e+10
3275, 3.67365e+10
3276, 3.67365e+10
3277, 3.67365e+10
3278, 3.67365e+10
3279, 3.67365e+10
3280, 3.67365e+10
3281, 3.67365e+10
3282, 3.67365e+10
3283, 3.67365e+10
3284, 3.67365e+10
3285, 3.67365e+10
3286, 3.67365e+10
3287, 3.67365e+10
3288, 3.67365e+10
3289, 3.67365e+10
3290, 3.67365e+10
3291, 3.67365e+10
3292, 3.67365e+10
3293, 3.67365e+10
3294, 3.67365e+10
3295, 3.67365e+10
3296, 3.67365e+10
3297, 3.67365e+10
3298, 3.67365e+10
3299, 3.67365e+10
3300, 3.67365e+10
3301, 3.67365e+10
3302, 3.67365e+10
3303, 3.67365e+10
3304, 3.67365e+10
3305, 3.67365e+10
3306, 3.67365e+10
3307, 3.67365e+10
3308, 3.67365e+10
3309, 3.67365e+10
3310, 3.67365e+10
3311, 3.67365e+10
3312, 3.67365e+10
3313, 3.67365e+10
3314, 3.67365e+10
3315, 3.67365e+10
3316, 3.67365e+10
3317, 3.67365e+10
3318, 3.67365e+10
3319, 3.67365e+10
3320, 3.67365e+10
3321, 3.67365e+10
3322, 3.67365e+10
3323, 3.67365e+10
3324, 3.67365e+10
3325, 3.67365e+10
3326, 3.67365e+10
3327, 3.67365e+10
3328, 3.67365e+10
3329, 3.67365e+10
3330, 3.67365e+10
3331, 3.67365e+10
3332, 3.67365e+10
3333, 3.67365e+10
3334, 3.67365e+10
3335, 3.67365e+10
3336, 3.67365e+10
3337, 3.67365e+10
3338, 3.67365e+10
3339, 3.67365e+10
3340, 3.67365e+10
3341, 3.67365e+10
3342, 3.67365e+10
3343, 3.67365e+10
3344, 3.67365e+10
3345, 3.67365e+10
3346, 3.67365e+10
3347, 3.67365e+10
3348, 3.67365e+10
3349, 3.67365e+10
3350, 3.67365e+10
3351, 3.67365e+10
3352, 3.67365e+10
3353, 3.67365e+10
3354, 3.67365e+10
3355, 3.67365e+10
3356, 3.67365e+10
3357, 3.67365e+10
3358, 3.67365e+10
3359, 3.67365e+10
3360, 3.67365e+10
3361, 3.67365e+10
3362, 3.67365e+10
3363, 3.67365e+10
3364, 3.67365e+10
3365, 3.67365e+10
3366, 3.67365e+10
3367, 3.67365e+10
3368, 3.67365e+10
3369, 3.67365e+10
3370, 3.67365e+10
3371, 3.67365e+10
3372, 3.67365e+10
3373, 3.67365e+10
3374, 3.67365e+10
3375, 3.67365e+10
3376, 3.67365e+10
3377, 3.67365e+10
3378, 3.67365e+10
3379, 3.67365e+10
3380, 3.67365e+10
3381, 3.67365e+10
3382, 3.67365e+10
3383, 3.67365e+10
3384, 3.67365e+10
3385, 3.67365e+10
3386, 3.67365e+10
3387, 3.67365e+10
3388, 3.67365e+10
3389, 3.67365e+10
3390, 3.67365e+10
3391, 3.67365e+10
3392, 3.67365e+10
3393, 3.67365e+10
3394, 3.67365e+10
3395, 3.67365e+10
3396, 3.67365e+10
3397, 3.67365e+10
3398, 3.67365e+10
3399, 3.67365e+10
3400, 3.67365e+10
3401, 3.67365e+10
3402, 3.67365e+10
3403, 3.67365e+10
3404, 3.67365e+10
3405, 3.67365e+10
3406, 3.67365e+10
3407, 3.67365e+10
3408, 3.67365e+10
3409, 3.67365e+10
3410, 3.67365e+10
3411, 3.67365e+10
3412, 3.67365e+10
3413, 3.67365e+10
3414, 3.67365e+10
3415, 3.67365e+10
3416, 3.67365e+10
3417, 3.67365e+10
3418, 3.67365e+10
3419, 3.67365e+10
3420, 3.67365e+10
3421, 3.67365e+10
3422, 3.67365e+10
3423, 3.67365e+10
3424, 3.67365e+10
3425, 3.67365e+10
3426, 3.67365e+10
3427, 3.67365e+10
3428, 3.67365e+10
3429, 3.67365e+10
3430, 3.67365e+10
3431, 3.67365e+10
3432, 3.67365e+10
3433, 3.67365e+10
3434, 3.67365e+10
3435, 3.67365e+10
3436, 3.67365e+10
3437, 3.67365e+10
3438, 3.67365e+10
3439, 3.67365e+10
3440, 3.67365e+10
3441, 3.67365e+10
3442, 3.67365e+10
3443, 3.67365e+10
3444, 3.67365e+10
3445, 3.67365e+10
3446, 3.67365e+10
3447, 3.67365e+10
3448, 3.67365e+10
3449, 3.67365e+10
3450, 3.67365e+10
3451, 3.67365e+10
3452, 3.67365e+10
3453, 3.67365e+10
3454, 3.67365e+10
3455, 3.67365e+10
3456, 3.67365e+10
3457, 3.67365e+10
3458, 3.67365e+10
3459, 3.67365e+10
3460, 3.67365e+10
3461, 3.67365e+10
3462, 3.67365e+10
3463, 3.67365e+10
3464, 3.67365e+10
3465, 3.67365e+10
3466, 3.67365e+10
3467, 3.67365e+10
3468, 3.67365e+10
3469, 3.67365e+10
3470, 3.67365e+10
3471, 3.67365e+10
3472, 3.67365e+10
3473, 3.67365e+10
3474, 3.67365e+10
3475, 3.67365e+10
3476, 3.67365e+10
3477, 3.67365e+10
3478, 3.67365e+10
3479, 3.67365e+10
3480, 3.67365e+10
3481, 3.67365e+10
3482, 3.67365e+10
3483, 3.67365e+10
3484, 3.67365e+10
3485, 3.67365e+10
3486, 3.67365e+10
3487, 3.67365e+10
3488, 3.67365e+10
3489, 3.67365e+10
3490, 3.67365e+10
3491, 3.67365e+10
3492, 3.67365e+10
3493, 3.67365e+10
3494, 3.67365e+10
3495, 3.67365e+10
3496, 3.67365e+10
3497, 3.67365e+10
3498, 3.67365e+10
3499, 3.67365e+10
3500, 3.67365e+10
3501, 3.67365e+10
3502, 3.67365e+10
3503, 3.67365e+10
3504, 3.67365e+10
3505, 3.67365e+10
3506, 3.67365e+10
3507, 3.67365e+10
3508, 3.67365e+10
3509, 3.67365e+10
3510, 3.67365e+10
3511, 3.67365e+10
3512, 3.67365e+10
3513, 3.67365e+10
3514, 3.67365e+10
3515, 3.67365e+10
3516, 3.67365e+10
3517, 3.67365e+10
3518, 3.67365e+10
3519, 3.67365e+10
3520, 3.67365e+10
3521, 3.67365e+10
3522, 3.67365e+10
3523, 3.67365e+10
3524, 3.67365e+10
3525, 3.67365e+10
3526, 3.67365e+10
3527, 3.67365e+10
3528, 3.67365e+10
3529, 3.67365e+10
3530, 3.67365e+10
3531, 3.67365e+10
3532, 3.67365e+10
3533, 3.67365e+10
3534, 3.67365e+10
3535, 3.67365e+10
3536, 3.67365e+10
3537, 3.67365e+10
3538, 3.67365e+10
3539, 3.67365e+10
3540, 3.67365e+10
3541, 3.67365e+10
3542, 3.67365e+10
3543, 3.67365e+10
3544, 3.67365e+10
3545, 3.67365e+10
3546, 3.67365e+10
3547, 3.67365e+10
3548, 3.67365e+10
3549, 3.67365e+10
3550, 3.67365e+10
3551, 3.67365e+10
3552, 3.67365e+10
3553, 3.67365e+10
3554, 3.67365e+10
3555, 3.67365e+10
3556, 3.67365e+10
3557, 3.67365e+10
3558, 3.67365e+10
3559, 3.67365e+10
3560, 3.67365e+10
3561, 3.67365e+10
3562, 3.67365e+10
3563, 3.67365e+10
3564, 3.67365e+10
3565, 3.67365e+10
3566, 3.67365e+10
3567, 3.67365e+10
3568, 3.67365e+10
3569, 3.67365e+10
3570, 3.67365e+10
3571, 3.67365e+10
3572, 3.67365e+10
3573, 3.67365e+10
3574, 3.67365e+10
3575, 3.67365e+10
3576, 3.67365e+10
3577, 3.67365e+10
3578, 3.67365e+10
3579, 3.67365e+10
3580, 3.67365e+10
3581, 3.67365e+10
3582, 3.67365e+10
3583, 3.67365e+10
3584, 3.67365e+10
3585, 3.67365e+10
3586, 3.67365e+10
3587, 3.67365e+10
3588, 3.67365e+10
3589, 3.67365e+10
3590, 3.67365e+10
3591, 3.67365e+10
3592, 3.67365e+10
3593, 3.67365e+10
3594, 3.67365e+10
3595, 3.67365e+10
3596, 3.67365e+10
3597, 3.67365e+10
3598, 3.67365e+10
3599, 3.67365e+10
3600, 3.67365e+10
3601, 3.67365e+10
3602, 3.67365e+10
3603, 3.67365e+10
3604, 3.67365e+10
3605, 3.67365e+10
3606, 3.67365e+10
3607, 3.67365e+10
3608, 3.67365e+10
3609, 3.67365e+10
3610, 3.67365e+10
3611, 3.67365e+10
3612, 3.67365e+10
3613, 3.67365e+10
3614, 3.67365e+10
3615, 3.67365e+10
3616, 3.67365e+10
3617, 3.67365e+10
3618, 3.67365e+10
3619, 3.67365e+10
3620, 3.67365e+10
3621, 3.67365e+10
3622, 3.67365e+10
3623, 3.67365e+10
3624, 3.67365e+10
3625, 3.67365e+10
3626, 3.67365e+10
3627, 3.67365e+10
3628, 3.67365e+10
3629, 3.67365e+10
3630, 3.67365e+10
3631, 3.67365e+10
3632, 3.67365e+10
3633, 3.67365e+10
3634, 3.67365e+10
3635, 3.67365e+10
3636, 3.67365e+10
3637, 3.67365e+10
3638, 3.67365e+10
3639, 3.67365e+10
3640, 3.67365e+10
3641, 3.67365e+10
3642, 3.67365e+10
3643, 3.67365e+10
3644, 3.67365e+10
3645, 3.67365e+10
3646, 3.67365e+10
3647, 3.67365e+10
3648, 3.67365e+10
3649, 3.67365e+10
3650, 3.67365e+10
3651, 3.67365e+10
3652, 3.67365e+10
3653, 3.67365e+10
3654, 3.67365e+10
3655, 3.67365e+10
3656, 3.67365e+10
3657, 3.67365e+10
3658, 3.67365e+10
3659, 3.67365e+10
3660, 3.67365e+10
3661, 3.67365e+10
3662, 3.67365e+10
3663, 3.67365e+10
3664, 3.67365e+10
3665, 3.67365e+10
3666, 3.67365e+10
3667, 3.67365e+10
3668, 3.67365e+10
3669, 3.67365e+10
3670, 3.67365e+10
3671, 3.67365e+10
3672, 3.67365e+10
3673, 3.67365e+10
3674, 3.67365e+10
3675, 3.67365e+10
3676, 3.67365e+10
3677, 3.67365e+10
3678, 3.67365e+10
3679, 3.67365e+10
3680, 3.67365e+10
3681, 3.67365e+10
3682, 3.67365e+10
3683, 3.67365e+10
3684, 3.67365e+10
3685, 3.67365e+10
3686, 3.67365e+10
3687, 3.67365e+10
3688, 3.67365e+10
3689, 3.67365e+10
3690, 3.67365e+10
3691, 3.67365e+10
3692, 3.67365e+10
3693, 3.67365e+10
3694, 3.67365e+10
3695, 3.67365e+10
3696, 3.67365e+10
3697, 3.67365e+10
3698, 3.67365e+10
3699, 3.67365e+10
3700, 3.67365e+10
3701, 3.67365e+10
3702, 3.67365e+10
3703, 3.67365e+10
3704, 3.67365e+10
3705, 3.67365e+10
3706, 3.67365e+10
3707, 3.67365e+10
3708, 3.67365e+10
3709, 3.67365e+10
3710, 3.67365e+10
3711, 3.67365e+10
3712, 3.67365e+10
3713, 3.67365e+10
3714, 3.67365e+10
3715, 3.67365e+10
3716, 3.67365e+10
3717, 3.67365e+10
3718, 3.67365e+10
3719, 3.67365e+10
3720, 3.67365e+10
3721, 3.67365e+10
3722, 3.67365e+10
3723, 3.67365e+10
3724, 3.67365e+10
3725, 3.67365e+10
3726, 3.67365e+10
3727, 3.67365e+10
3728, 3.67365e+10
3729, 3.67365e+10
3730, 3.67365e+10
3731, 3.67365e+10
3732, 3.67365e+10
3733, 3.67365e+10
3734, 3.67365e+10
3735, 3.67365e+10
3736, 3.67365e+10
3737, 3.67365e+10
3738, 3.67365e+10
3739, 3.67365e+10
3740, 3.67365e+10
3741, 3.67365e+10
3742, 3.67365e+10
3743, 3.67365e+10
3744, 3.67365e+10
3745, 3.67365e+10
3746, 3.67365e+10
3747, 3.67365e+10
3748, 3.67365e+10
3749, 3.67365e+10
3750, 3.67365e+10
3751, 3.67365e+10
3752, 3.67365e+10
3753, 3.67365e+10
3754, 3.67365e+10
3755, 3.67365e+10
3756, 3.67365e+10
3757, 3.67365e+10
3758, 3.67365e+10
3759, 3.67365e+10
3760, 3.67365e+10
3761, 3.67365e+10
3762, 3.67365e+10
3763, 3.67365e+10
3764, 3.67365e+10
3765, 3.67365e+10
3766, 3.67365e+10
3767, 3.67365e+10
3768, 3.67365e+10
3769, 3.67365e+10
3770, 3.67365e+10
3771, 3.67365e+10
3772, 3.67365e+10
3773, 3.67365e+10
3774, 3.67365e+10
3775, 3.67365e+10
3776, 3.67365e+10
3777, 3.67365e+10
3778, 3.67365e+10
3779, 3.67365e+10
3780, 3.67365e+10
3781, 3.67365e+10
3782, 3.67365e+10
3783, 3.67365e+10
3784, 3.67365e+10
3785, 3.67365e+10
3786, 3.67365e+10
3787, 3.67365e+10
3788, 3.67365e+10
3789, 3.67365e+10
3790, 3.67365e+10
3791, 3.67365e+10
3792, 3.67365e+10
3793, 3.67365e+10
3794, 3.67365e+10
3795, 3.67365e+10
3796, 3.67365e+10
3797, 3.67365e+10
3798, 3.67365e+10
3799, 3.67365e+10
3800, 3.67365e+10
3801, 3.67365e+10
3802, 3.67365e+10
3803, 3.67365e+10
3804, 3.67365e+10
3805, 3.67365e+10
3806, 3.67365e+10
3807, 3.67365e+10
3808, 3.67365e+10
3809, 3.67365e+10
3810, 3.67365e+10
3811, 3.67365e+10
3812, 3.67365e+10
3813, 3.67365e+10
3814, 3.67365e+10
3815, 3.67365e+10
3816, 3.67365e+10
3817, 3.67365e+10
3818, 3.67365e+10
3819, 3.67365e+10
3820, 3.67365e+10
3821, 3.67365e+10
3822, 3.67365e+10
3823, 3.67365e+10
3824, 3.67365e+10
3825, 3.67365e+10
3826, 3.67365e+10
3827, 3.67365e+10
3828, 3.67365e+10
3829, 3.67365e+10
3830, 3.67365e+10
3831, 3.67365e+10
3832, 3.67365e+10
3833, 3.67365e+10
3834, 3.67365e+10
3835, 3.67365e+10
3836, 3.67365e+10
3837, 3.67365e+10
3838, 3.67365e+10
3839, 3.67365e+10
3840, 3.67365e+10
3841, 3.67365e+10
3842, 3.67365e+10
3843, 3.67365e+10
3844, 3.67365e+10
3845, 3.67365e+10
3846, 3.67365e+10
3847, 3.67365e+10
3848, 3.67365e+10
3849, 3.67365e+10
3850, 3.67365e+10
3851, 3.67365e+10
3852, 3.67365e+10
3853, 3.67365e+10
3854, 3.67365e+10
3855, 3.67365e+10
3856, 3.67365e+10
3857, 3.67365e+10
3858, 3.67365e+10
3859, 3.67365e+10
3860, 3.67365e+10
3861, 3.67365e+10
3862, 3.67365e+10
3863, 3.67365e+10
3864, 3.67365e+10
3865, 3.67365e+10
3866, 3.67365e+10
3867, 3.67365e+10
3868, 3.67365e+10
3869, 3.67365e+10
3870, 3.67365e+10
3871, 3.67365e+10
3872, 3.67365e+10
3873, 3.67365e+10
3874, 3.67365e+10
3875, 3.67365e+10
3876, 3.67365e+10
3877, 3.67365e+10
3878, 3.67365e+10
3879, 3.67365e+10
3880, 3.67365e+10
3881, 3.67365e+10
3882, 3.67365e+10
3883, 3.67365e+10
3884, 3.67365e+10
3885, 3.67365e+10
3886, 3.67365e+10
3887, 3.67365e+10
3888, 3.67365e+10
3889, 3.67365e+10
3890, 3.67365e+10
3891, 3.67365e+10
3892, 3.67365e+10
3893, 3.67365e+10
3894, 3.67365e+10
3895, 3.67365e+10
3896, 3.67365e+10
3897, 3.67365e+10
3898, 3.67365e+10
3899, 3.67365e+10
3900, 3.67365e+10
3901, 3.67365e+10
3902, 3.67365e+10
3903, 3.67365e+10
3904, 3.67365e+10
3905, 3.67365e+10
3906, 3.67365e+10
3907, 3.67365e+10
3908, 3.67365e+10
3909, 3.67365e+10
3910, 3.67365e+10
3911, 3.67365e+10
3912, 3.67365e+10
3913, 3.67365e+10
3914, 3.67365e+10
3915, 3.67365e+10
3916, 3.67365e+10
3917, 3.67365e+10
3918, 3.67365e+10
3919, 3.67365e+10
3920, 3.67365e+10
3921, 3.67365e+10
3922, 3.67365e+10
3923, 3.67365e+10
3924, 3.67365e+10
3925, 3.67365e+10
3926, 3.67365e+10
3927, 3.67365e+10
3928, 3.67365e+10
3929, 3.67365e+10
3930, 3.67365e+10
3931, 3.67365e+10
3932, 3.67365e+10
3933, 3.67365e+10
3934, 3.67365e+10
3935, 3.67365e+10
3936, 3.67365e+10
3937, 3.67365e+10
3938, 3.67365e+10
3939, 3.67365e+10
3940, 3.67365e+10
3941, 3.67365e+10
3942, 3.67365e+10
3943, 3.67365e+10
3944, 3.67365e+10
3945, 3.67365e+10
3946, 3.67365e+10
3947, 3.67365e+10
3948, 3.67365e+10
3949, 3.67365e+10
3950, 3.67365e+10
3951, 3.67365e+10
3952, 3.67365e+10
3953, 3.67365e+10
3954, 3.67365e+10
3955, 3.67365e+10
3956, 3.67365e+10
3957, 3.67365e+10
3958, 3.67365e+10
3959, 3.67365e+10
3960, 3.67365e+10
3961, 3.67365e+10
3962, 3.67365e+10
3963, 3.67365e+10
3964, 3.67365e+10
3965, 3.67365e+10
3966, 3.67365e+10
3967, 3.67365e+10
3968, 3.67365e+10
3969, 3.67365e+10
3970, 3.67365e+10
3971, 3.67365e+10
3972, 3.67365e+10
3973, 3.67365e+10
3974, 3.67365e+10
3975, 3.67365e+10
3976, 3.67365e+10
3977, 3.67365e+10
3978, 3.67365e+10
3979, 3.67365e+10
3980, 3.67365e+10
3981, 3.67365e+10
3982, 3.67365e+10
3983, 3.67365e+10
3984, 3.67365e+10
3985, 3.67365e+10
3986, 3.67365e+10
3987, 3.67365e+10
3988, 3.67365e+10
3989, 3.67365e+10
3990, 3.67365e+10
3991, 3.67365e+10
3992, 3.67365e+10
3993, 3.67365e+10
3994, 3.67365e+10
3995, 3.67365e+10
3996, 3.67365e+10
3997, 3.67365e+10
3998, 3.67365e+10
3999, 3.67365e+10
4000, 3.67365e+10
4001, 3.67365e+10
4002, 3.67365e+10
4003, 3.67365e+10
4004, 3.67365e+10
4005, 3.67365e+10
4006, 3.67365e+10
4007, 3.67365e+10
4008, 3.67365e+10
4009, 3.67365e+10
4010, 3.67365e+10
4011, 3.67365e+10
4012, 3.67365e+10
4013, 3.67365e+10
4014, 3.67365e+10
4015, 3.67365e+10
4016, 3.67365e+10
4017, 3.67365e+10
4018, 3.67365e+10
4019, 3.67365e+10
4020, 3.67365e+10
4021, 3.67365e+10
4022, 3.67365e+10
4023, 3.67365e+10
4024, 3.67365e+10
4025, 3.67365e+10
4026, 3.67365e+10
4027, 3.67365e+10
4028, 3.67365e+10
4029, 3.67365e+10
4030, 3.67365e+10
4031, 3.67365e+10
4032, 3.67365e+10
4033, 3.67365e+10
4034, 3.67365e+10
4035, 3.67365e+10
4036, 3.67365e+10
4037, 3.67365e+10
4038, 3.67365e+10
4039, 3.67365e+10
4040, 3.67365e+10
4041, 3.67365e+10
4042, 3.67365e+10
4043, 3.67365e+10
4044, 3.67365e+10
4045, 3.67365e+10
4046, 3.67365e+10
4047, 3.67365e+10
4048, 3.67365e+10
4049, 3.67365e+10
4050, 3.67365e+10
4051, 3.67365e+10
4052, 3.67365e+10
4053, 3.67365e+10
4054, 3.67365e+10
4055, 3.67365e+10
4056, 3.67365e+10
4057, 3.67365e+10
4058, 3.67365e+10
4059, 3.67365e+10
4060, 3.67365e+10
4061, 3.67365e+10
4062, 3.67365e+10
4063, 3.67365e+10
4064, 3.67365e+10
4065, 3.67365e+10
4066, 3.67365e+10
4067, 3.67365e+10
4068, 3.67365e+10
4069, 3.67365e+10
4070, 3.67365e+10
4071, 3.67365e+10
4072, 3.67365e+10
4073, 3.67365e+10
4074, 3.67365e+10
4075, 3.67365e+10
4076, 3.67365e+10
4077, 3.67365e+10
4078, 3.67365e+10
4079, 3.67365e+10
4080, 3.67365e+10
4081, 3.67365e+10
4082, 3.67365e+10
4083, 3.67365e+10
4084, 3.67365e+10
4085, 3.67365e+10
4086, 3.67365e+10
4087, 3.67365e+10
4088, 3.67365e+10
4089, 3.67365e+10
4090, 3.67365e+10
4091, 3.67365e+10
4092, 3.67365e+10
4093, 3.67365e+10
4094, 3.67365e+10
4095, 3.67365e+10
4096, 3.67365e+10
4097, 3.67365e+10
4098, 3.67365e+10
4099, 3.67365e+10
4100, 3.67365e+10
4101, 3.67365e+10
4102, 3.67365e+10
4103, 3.67365e+10
4104, 3.67365e+10
4105, 3.67365e+10
4106, 3.67365e+10
4107, 3.67365e+10
4108, 3.67365e+10
4109, 3.67365e+10
4110, 3.67365e+10
4111, 3.67365e+10
4112, 3.67365e+10
4113, 3.67365e+10
4114, 3.67365e+10
4115, 3.67365e+10
4116, 3.67365e+10
4117, 3.67365e+10
4118, 3.67365e+10
4119, 3.67365e+10
4120, 3.67365e+10
4121, 3.67365e+10
4122, 3.67365e+10
4123, 3.67365e+10
4124, 3.67365e+10
4125, 3.67365e+10
4126, 3.67365e+10
4127, 3.67365e+10
4128, 3.67365e+10
4129, 3.67365e+10
4130, 3.67365e+10
4131, 3.67365e+10
4132, 3.67365e+10
4133, 3.67365e+10
4134, 3.67365e+10
4135, 3.67365e+10
4136, 3.67365e+10
4137, 3.67365e+10
4138, 3.67365e+10
4139, 3.67365e+10
4140, 3.67365e+10
4141, 3.67365e+10
4142, 3.67365e+10
4143, 3.67365e+10
4144, 3.67365e+10
4145, 3.67365e+10
4146, 3.67365e+10
4147, 3.67365e+10
4148, 3.67365e+10
4149, 3.67365e+10
4150, 3.67365e+10
4151, 3.67365e+10
4152, 3.67365e+10
4153, 3.67365e+10
4154, 3.67365e+10
4155, 3.67365e+10
4156, 3.67365e+10
4157, 3.67365e+10
4158, 3.67365e+10
4159, 3.67365e+10
4160, 3.67365e+10
4161, 3.67365e+10
4162, 3.67365e+10
4163, 3.67365e+10
4164, 3.67365e+10
4165, 3.67365e+10
4166, 3.67365e+10
4167, 3.67365e+10
4168, 3.67365e+10
4169, 3.67365e+10
4170, 3.67365e+10
4171, 3.67365e+10
4172, 3.67365e+10
4173, 3.67365e+10
4174, 3.67365e+10
4175, 3.67365e+10
4176, 3.67365e+10
4177, 3.67365e+10
4178, 3.67365e+10
4179, 3.67365e+10
4180, 3.67365e+10
4181, 3.67365e+10
4182, 3.67365e+10
4183, 3.67365e+10
4184, 3.67365e+10
4185, 3.67365e+10
4186, 3.67365e+10
4187, 3.67365e+10
4188, 3.67365e+10
4189, 3.67365e+10
4190, 3.67365e+10
4191, 3.67365e+10
4192, 3.67365e+10
4193, 3.67365e+10
4194, 3.67365e+10
4195, 3.67365e+10
4196, 3.67365e+10
4197, 3.67365e+10
4198, 3.67365e+10
4199, 3.67365e+10
4200, 3.67365e+10
4201, 3.67365e+10
4202, 3.67365e+10
4203, 3.67365e+10
4204, 3.67365e+10
4205, 3.67365e+10
4206, 3.67365e+10
4207, 3.67365e+10
4208, 3.67365e+10
4209, 3.67365e+10
4210, 3.67365e+10
4211, 3.67365e+10
4212, 3.67365e+10
4213, 3.67365e+10
4214, 3.67365e+10
4215, 3.67365e+10
4216, 3.67365e+10
4217, 3.67365e+10
4218, 3.67365e+10
4219, 3.67365e+10
4220, 3.67365e+10
4221, 3.67365e+10
4222, 3.67365e+10
4223, 3.67365e+10
4224, 3.67365e+10
4225, 3.67365e+10
4226, 3.67365e+10
4227, 3.67365e+10
4228, 3.67365e+10
4229, 3.67365e+10
4230, 3.67365e+10
4231, 3.67365e+10
4232, 3.67365e+10
4233, 3.67365e+10
4234, 3.67365e+10
4235, 3.67365e+10
4236, 3.67365e+10
4237, 3.67365e+10
4238, 3.67365e+10
4239, 3.67365e+10
4240, 3.67365e+10
4241, 3.67365e+10
4242, 3.67365e+10
4243, 3.67365e+10
4244, 3.67365e+10
4245, 3.67365e+10
4246, 3.67365e+10
4247, 3.67365e+10
4248, 3.67365e+10
4249, 3.67365e+10
4250, 3.67365e+10
4251, 3.67365e+10
4252, 3.67365e+10
4253, 3.67365e+10
4254, 3.67365e+10
4255, 3.67365e+10
4256, 3.67365e+10
4257, 3.67365e+10
4258, 3.67365e+10
4259, 3.67365e+10
4260, 3.67365e+10
4261, 3.67365e+10
4262, 3.67365e+10
4263, 3.67365e+10
4264, 3.67365e+10
4265, 3.67365e+10
4266, 3.67365e+10
4267, 3.67365e+10
4268, 3.67365e+10
4269, 3.67365e+10
4270, 3.67365e+10
4271, 3.67365e+10
4272, 3.67365e+10
4273, 3.67365e+10
4274, 3.67365e+10
4275, 3.67365e+10
4276, 3.67365e+10
4277, 3.67365e+10
4278, 3.67365e+10
4279, 3.67365e+10
4280, 3.67365e+10
4281, 3.67365e+10
4282, 3.67365e+10
4283, 3.67365e+10
4284, 3.67365e+10
4285, 3.67365e+10
4286, 3.67365e+10
4287, 3.67365e+10
4288, 3.67365e+10
4289, 3.67365e+10
4290, 3.67365e+10
4291, 3.67365e+10
4292, 3.67365e+10
4293, 3.67365e+10
4294, 3.67365e+10
4295, 3.67365e+10
4296, 3.67365e+10
4297, 3.67365e+10
4298, 3.67365e+10
4299, 3.67365e+10
4300, 3.67365e+10
4301, 3.67365e+10
4302, 3.67365e+10
4303, 3.67365e+10
4304, 3.67365e+10
4305, 3.67365e+10
4306, 3.67365e+10
4307, 3.67365e+10
4308, 3.67365e+10
4309, 3.67365e+10
4310, 3.67365e+10
4311, 3.67365e+10
4312, 3.67365e+10
4313, 3.67365e+10
4314, 3.67365e+10
4315, 3.67365e+10
4316, 3.67365e+10
4317, 3.67365e+10
4318, 3.67365e+10
4319, 3.67365e+10
4320, 3.67365e+10
4321, 3.67365e+10
4322, 3.67365e+10
4323, 3.67365e+10
4324, 3.67365e+10
4325, 3.67365e+10
4326, 3.67365e+10
4327, 3.67365e+10
4328, 3.67365e+10
4329, 3.67365e+10
4330, 3.67365e+10
4331, 3.67365e+10
4332, 3.67365e+10
4333, 3.67365e+10
4334, 3.67365e+10
4335, 3.67365e+10
4336, 3.67365e+10
4337, 3.67365e+10
4338, 3.67365e+10
4339, 3.67365e+10
4340, 3.67365e+10
4341, 3.67365e+10
4342, 3.67365e+10
4343, 3.67365e+10
4344, 3.67365e+10
4345, 3.67365e+10
4346, 3.67365e+10
4347, 3.67365e+10
4348, 3.67365e+10
4349, 3.67365e+10
4350, 3.67365e+10
4351, 3.67365e+10
4352, 3.67365e+10
4353, 3.67365e+10
4354, 3.67365e+10
4355, 3.67365e+10
4356, 3.67365e+10
4357, 3.67365e+10
4358, 3.67365e+10
4359, 3.67365e+10
4360, 3.67365e+10
4361, 3.67365e+10
4362, 3.67365e+10
4363, 3.67365e+10
4364, 3.67365e+10
4365, 3.67365e+10
4366, 3.67365e+10
4367, 3.67365e+10
4368, 3.67365e+10
4369, 3.67365e+10
4370, 3.67365e+10
4371, 3.67365e+10
4372, 3.67365e+10
4373, 3.67365e+10
4374, 3.67365e+10
4375, 3.67365e+10
4376, 3.67365e+10
4377, 3.67365e+10
4378, 3.67365e+10
4379, 3.67365e+10
4380, 3.67365e+10
4381, 3.67365e+10
4382, 3.67365e+10
4383, 3.67365e+10
4384, 3.67365e+10
4385, 3.67365e+10
4386, 3.67365e+10
4387, 3.67365e+10
4388, 3.67365e+10
4389, 3.67365e+10
4390, 3.67365e+10
4391, 3.67365e+10
4392, 3.67365e+10
4393, 3.67365e+10
4394, 3.67365e+10
4395, 3.67365e+10
4396, 3.67365e+10
4397, 3.67365e+10
4398, 3.67365e+10
4399, 3.67365e+10
4400, 3.67365e+10
4401, 3.67365e+10
4402, 3.67365e+10
4403, 3.67365e+10
4404, 3.67365e+10
4405, 3.67365e+10
4406, 3.67365e+10
4407, 3.67365e+10
4408, 3.67365e+10
4409, 3.67365e+10
4410, 3.67365e+10
4411, 3.67365e+10
4412, 3.67365e+10
4413, 3.67365e+10
4414, 3.67365e+10
4415, 3.67365e+10
4416, 3.67365e+10
4417, 3.67365e+10
4418, 3.67365e+10
4419, 3.67365e+10
4420, 3.67365e+10
4421, 3.67365e+10
4422, 3.67365e+10
4423, 3.67365e+10
4424, 3.67365e+10
4425, 3.67365e+10
4426, 3.67365e+10
4427, 3.67365e+10
4428, 3.67365e+10
4429, 3.67365e+10
4430, 3.67365e+10
4431, 3.67365e+10
4432, 3.67365e+10
4433, 3.67365e+10
4434, 3.67365e+10
4435, 3.67365e+10
4436, 3.67365e+10
4437, 3.67365e+10
4438, 3.67365e+10
4439, 3.67365e+10
4440, 3.67365e+10
4441, 3.67365e+10
4442, 3.67365e+10
4443, 3.67365e+10
4444, 3.67365e+10
4445, 3.67365e+10
4446, 3.67365e+10
4447, 3.67365e+10
4448, 3.67365e+10
4449, 3.67365e+10
4450, 3.67365e+10
4451, 3.67365e+10
4452, 3.67365e+10
4453, 3.67365e+10
4454, 3.67365e+10
4455, 3.67365e+10
4456, 3.67365e+10
4457, 3.67365e+10
4458, 3.67365e+10
4459, 3.67365e+10
4460, 3.67365e+10
4461, 3.67365e+10
4462, 3.67365e+10
4463, 3.67365e+10
4464, 3.67365e+10
4465, 3.67365e+10
4466, 3.67365e+10
4467, 3.67365e+10
4468, 3.67365e+10
4469, 3.67365e+10
4470, 3.67365e+10
4471, 3.67365e+10
4472, 3.67365e+10
4473, 3.67365e+10
4474, 3.67365e+10
4475, 3.67365e+10
4476, 3.67365e+10
4477, 3.67365e+10
4478, 3.67365e+10
4479, 3.67365e+10
4480, 3.67365e+10
4481, 3.67365e+10
4482, 3.67365e+10
4483, 3.67365e+10
4484, 3.67365e+10
4485, 3.67365e+10
4486, 3.67365e+10
4487, 3.67365e+10
4488, 3.67365e+10
4489, 3.67365e+10
4490, 3.67365e+10
4491, 3.67365e+10
4492, 3.67365e+10
4493, 3.67365e+10
4494, 3.67365e+10
4495, 3.67365e+10
4496, 3.67365e+10
4497, 3.67365e+10
4498, 3.67365e+10
4499, 3.67365e+10
4500, 3.67365e+10
4501, 3.67365e+10
4502, 3.67365e+10
4503, 3.67365e+10
4504, 3.67365e+10
4505, 3.67365e+10
4506, 3.67365e+10
4507, 3.67365e+10
4508, 3.67365e+10
4509, 3.67365e+10
4510, 3.67365e+10
4511, 3.67365e+10
4512, 3.67365e+10
4513, 3.67365e+10
4514, 3.67365e+10
4515, 3.67365e+10
4516, 3.67365e+10
4517, 3.67365e+10
4518, 3.67365e+10
4519, 3.67365e+10
4520, 3.67365e+10
4521, 3.67365e+10
4522, 3.67365e+10
4523, 3.67365e+10
4524, 3.67365e+10
4525, 3.67365e+10
4526, 3.67365e+10
4527, 3.67365e+10
4528, 3.67365e+10
4529, 3.67365e+10
4530, 3.67365e+10
4531, 3.67365e+10
4532, 3.67365e+10
4533, 3.67365e+10
4534, 3.67365e+10
4535, 3.67365e+10
4536, 3.67365e+10
4537, 3.67365e+10
4538, 3.67365e+10
4539, 3.67365e+10
4540, 3.67365e+10
4541, 3.67365e+10
4542, 3.67365e+10
4543, 3.67365e+10
4544, 3.67365e+10
4545, 3.67365e+10
4546, 3.67365e+10
4547, 3.67365e+10
4548, 3.67365e+10
4549, 3.67365e+10
4550, 3.67365e+10
4551, 3.67365e+10
4552, 3.67365e+10
4553, 3.67365e+10
4554, 3.67365e+10
4555, 3.67365e+10
4556, 3.67365e+10
4557, 3.67365e+10
4558, 3.67365e+10
4559, 3.67365e+10
4560, 3.67365e+10
4561, 3.67365e+10
4562, 3.67365e+10
4563, 3.67365e+10
4564, 3.67365e+10
4565, 3.67365e+10
4566, 3.67365e+10
4567, 3.67365e+10
4568, 3.67365e+10
4569, 3.67365e+10
4570, 3.67365e+10
4571, 3.67365e+10
4572, 3.67365e+10
4573, 3.67365e+10
4574, 3.67365e+10
4575, 3.67365e+10
4576, 3.67365e+10
4577, 3.67365e+10
4578, 3.67365e+10
4579, 3.67365e+10
4580, 3.67365e+10
4581, 3.67365e+10
4582, 3.67365e+10
4583, 3.67365e+10
4584, 3.67365e+10
4585, 3.67365e+10
4586, 3.67365e+10
4587, 3.67365e+10
4588, 3.67365e+10
4589, 3.67365e+10
4590, 3.67365e+10
4591, 3.67365e+10
4592, 3.67365e+10
4593, 3.67365e+10
4594, 3.67365e+10
4595, 3.67365e+10
4596, 3.67365e+10
4597, 3.67365e+10
4598, 3.67365e+10
4599, 3.67365e+10
4600, 3.67365e+10
4601, 3.67365e+10
4602, 3.67365e+10
4603, 3.67365e+10
4604, 3.67365e+10
4605, 3.67365e+10
4606, 3.67365e+10
4607, 3.67365e+10
4608, 3.67365e+10
4609, 3.67365e+10
4610, 3.67365e+10
4611, 3.67365e+10
4612, 3.67365e+10
4613, 3.67365e+10
4614, 3.67365e+10
4615, 3.67365e+10
4616, 3.67365e+10
4617, 3.67365e+10
4618, 3.67365e+10
4619, 3.67365e+10
4620, 3.67365e+10
4621, 3.67365e+10
4622, 3.67365e+10
4623, 3.67365e+10
4624, 3.67365e+10
4625, 3.67365e+10
4626, 3.67365e+10
4627, 3.67365e+10
4628, 3.67365e+10
4629, 3.67365e+10
4630, 3.67365e+10
4631, 3.67365e+10
4632, 3.67365e+10
4633, 3.67365e+10
4634, 3.67365e+10
4635, 3.67365e+10
4636, 3.67365e+10
4637, 3.67365e+10
4638, 3.67365e+10
4639, 3.67365e+10
4640, 3.67365e+10
4641, 3.67365e+10
4642, 3.67365e+10
4643, 3.67365e+10
4644, 3.67365e+10
4645, 3.67365e+10
4646, 3.67365e+10
4647, 3.67365e+10
4648, 3.67365e+10
4649, 3.67365e+10
4650, 3.67365e+10
4651, 3.67365e+10
4652, 3.67365e+10
4653, 3.67365e+10
4654, 3.67365e+10
4655, 3.67365e+10
4656, 3.67365e+10
4657, 3.67365e+10
4658, 3.67365e+10
4659, 3.67365e+10
4660, 3.67365e+10
4661, 3.67365e+10
4662, 3.67365e+10
4663, 3.67365e+10
4664, 3.67365e+10
4665, 3.67365e+10
4666, 3.67365e+10
4667, 3.67365e+10
4668, 3.67365e+10
4669, 3.67365e+10
4670, 3.67365e+10
4671, 3.67365e+10
4672, 3.67365e+10
4673, 3.67365e+10
4674, 3.67365e+10
4675, 3.67365e+10
4676, 3.67365e+10
4677, 3.67365e+10
4678, 3.67365e+10
4679, 3.67365e+10
4680, 3.67365e+10
4681, 3.67365e+10
4682, 3.67365e+10
4683, 3.67365e+10
4684, 3.67365e+10
4685, 3.67365e+10
4686, 3.67365e+10
4687, 3.67365e+10
4688, 3.67365e+10
4689, 3.67365e+10
4690, 3.67365e+10
4691, 3.67365e+10
4692, 3.67365e+10
4693, 3.67365e+10
4694, 3.67365e+10
4695, 3.67365e+10
4696, 3.67365e+10
4697, 3.67365e+10
4698, 3.67365e+10
4699, 3.67365e+10
4700, 3.67365e+10
4701, 3.67365e+10
4702, 3.67365e+10
4703, 3.67365e+10
4704, 3.67365e+10
4705, 3.67365e+10
4706, 3.67365e+10
4707, 3.67365e+10
4708, 3.67365e+10
4709, 3.67365e+10
4710, 3.67365e+10
4711, 3.67365e+10
4712, 3.67365e+10
4713, 3.67365e+10
4714, 3.67365e+10
4715, 3.67365e+10
4716, 3.67365e+10
4717, 3.67365e+10
4718, 3.67365e+10
4719, 3.67365e+10
4720, 3.67365e+10
4721, 3.67365e+10
4722, 3.67365e+10
4723, 3.67365e+10
4724, 3.67365e+10
4725, 3.67365e+10
4726, 3.67365e+10
4727, 3.67365e+10
4728, 3.67365e+10
4729, 3.67365e+10
4730, 3.67365e+10
4731, 3.67365e+10
4732, 3.67365e+10
4733, 3.67365e+10
4734, 3.67365e+10
4735, 3.67365e+10
4736, 3.67365e+10
4737, 3.67365e+10
4738, 3.67365e+10
4739, 3.67365e+10
4740, 3.67365e+10
4741, 3.67365e+10
4742, 3.67365e+10
4743, 3.67365e+10
4744, 3.67365e+10
4745, 3.67365e+10
4746, 3.67365e+10
4747, 3.67365e+10
4748, 3.67365e+10
4749, 3.67365e+10
4750, 3.67365e+10
4751, 3.67365e+10
4752, 3.67365e+10
4753, 3.67365e+10
4754, 3.67365e+10
4755, 3.67365e+10
4756, 3.67365e+10
4757, 3.67365e+10
4758, 3.67365e+10
4759, 3.67365e+10
4760, 3.67365e+10
4761, 3.67365e+10
4762, 3.67365e+10
4763, 3.67365e+10
4764, 3.67365e+10
4765, 3.67365e+10
4766, 3.67365e+10
4767, 3.67365e+10
4768, 3.67365e+10
4769, 3.67365e+10
4770, 3.67365e+10
4771, 3.67365e+10
4772, 3.67365e+10
4773, 3.67365e+10
4774, 3.67365e+10
4775, 3.67365e+10
4776, 3.67365e+10
4777, 3.67365e+10
4778, 3.67365e+10
4779, 3.67365e+10
4780, 3.67365e+10
4781, 3.67365e+10
4782, 3.67365e+10
4783, 3.67365e+10
4784, 3.67365e+10
4785, 3.67365e+10
4786, 3.67365e+10
4787, 3.67365e+10
4788, 3.67365e+10
4789, 3.67365e+10
4790, 3.67365e+10
4791, 3.67365e+10
4792, 3.67365e+10
4793, 3.67365e+10
4794, 3.67365e+10
4795, 3.67365e+10
4796, 3.67365e+10
4797, 3.67365e+10
4798, 3.67365e+10
4799, 3.67365e+10
4800, 3.67365e+10
4801, 3.67365e+10
4802, 3.67365e+10
4803, 3.67365e+10
4804, 3.67365e+10
4805, 3.67365e+10
4806, 3.67365e+10
4807, 3.67365e+10
4808, 3.67365e+10
4809, 3.67365e+10
4810, 3.67365e+10
4811, 3.67365e+10
4812, 3.67365e+10
4813, 3.67365e+10
4814, 3.67365e+10
4815, 3.67365e+10
4816, 3.67365e+10
4817, 3.67365e+10
4818, 3.67365e+10
4819, 3.67365e+10
4820, 3.67365e+10
4821, 3.67365e+10
4822, 3.67365e+10
4823, 3.67365e+10
4824, 3.67365e+10
4825, 3.67365e+10
4826, 3.67365e+10
4827, 3.67365e+10
4828, 3.67365e+10
4829, 3.67365e+10
4830, 3.67365e+10
4831, 3.67365e+10
4832, 3.67365e+10
4833, 3.67365e+10
4834, 3.67365e+10
4835, 3.67365e+10
4836, 3.67365e+10
4837, 3.67365e+10
4838, 3.67365e+10
4839, 3.67365e+10
4840, 3.67365e+10
4841, 3.67365e+10
4842, 3.67365e+10
4843, 3.67365e+10
4844, 3.67365e+10
4845, 3.67365e+10
4846, 3.67365e+10
4847, 3.67365e+10
4848, 3.67365e+10
4849, 3.67365e+10
4850, 3.67365e+10
4851, 3.67365e+10
4852, 3.67365e+10
4853, 3.67365e+10
4854, 3.67365e+10
4855, 3.67365e+10
4856, 3.67365e+10
4857, 3.67365e+10
4858, 3.67365e+10
4859, 3.67365e+10
4860, 3.67365e+10
4861, 3.67365e+10
4862, 3.67365e+10
4863, 3.67365e+10
4864, 3.67365e+10
4865, 3.67365e+10
4866, 3.67365e+10
4867, 3.67365e+10
4868, 3.67365e+10
4869, 3.67365e+10
4870, 3.67365e+10
4871, 3.67365e+10
4872, 3.67365e+10
4873, 3.67365e+10
4874, 3.67365e+10
4875, 3.67365e+10
4876, 3.67365e+10
4877, 3.67365e+10
4878, 3.67365e+10
4879, 3.67365e+10
4880, 3.67365e+10
4881, 3.67365e+10
4882, 3.67365e+10
4883, 3.67365e+10
4884, 3.67365e+10
4885, 3.67365e+10
4886, 3.67365e+10
4887, 3.67365e+10
4888, 3.67365e+10
4889, 3.67365e+10
4890, 3.67365e+10
4891, 3.67365e+10
4892, 3.67365e+10
4893, 3.67365e+10
4894, 3.67365e+10
4895, 3.67365e+10
4896, 3.67365e+10
4897, 3.67365e+10
4898, 3.67365e+10
4899, 3.67365e+10
4900, 3.67365e+10
4901, 3.67365e+10
4902, 3.67365e+10
4903, 3.67365e+10
4904, 3.67365e+10
4905, 3.67365e+10
4906, 3.67365e+10
4907, 3.67365e+10
4908, 3.67365e+10
4909, 3.67365e+10
4910, 3.67365e+10
4911, 3.67365e+10
4912, 3.67365e+10
4913, 3.67365e+10
4914, 3.67365e+10
4915, 3.67365e+10
4916, 3.67365e+10
4917, 3.67365e+10
4918, 3.67365e+10
4919, 3.67365e+10
4920, 3.67365e+10
4921, 3.67365e+10
4922, 3.67365e+10
4923, 3.67365e+10
4924, 3.67365e+10
4925, 3.67365e+10
4926, 3.67365e+10
4927, 3.67365e+10
4928, 3.67365e+10
4929, 3.67365e+10
4930, 3.67365e+10
4931, 3.67365e+10
4932, 3.67365e+10
4933, 3.67365e+10
4934, 3.67365e+10
4935, 3.67365e+10
4936, 3.67365e+10
4937, 3.67365e+10
4938, 3.67365e+10
4939, 3.67365e+10
4940, 3.67365e+10
4941, 3.67365e+10
4942, 3.67365e+10
4943, 3.67365e+10
4944, 3.67365e+10
4945, 3.67365e+10
4946, 3.67365e+10
4947, 3.67365e+10
4948, 3.67365e+10
4949, 3.67365e+10
4950, 3.67365e+10
4951, 3.67365e+10
4952, 3.67365e+10
4953, 3.67365e+10
4954, 3.67365e+10
4955, 3.67365e+10
4956, 3.67365e+10
4957, 3.67365e+10
4958, 3.67365e+10
4959, 3.67365e+10
4960, 3.67365e+10
4961, 3.67365e+10
4962, 3.67365e+10
4963, 3.67365e+10
4964, 3.67365e+10
4965, 3.67365e+10
4966, 3.67365e+10
4967, 3.67365e+10
4968, 3.67365e+10
4969, 3.67365e+10
4970, 3.67365e+10
4971, 3.67365e+10
4972, 3.67365e+10
4973, 3.67365e+10
4974, 3.67365e+10
4975, 3.67365e+10
4976, 3.67365e+10
4977, 3.67365e+10
4978, 3.67365e+10
4979, 3.67365e+10
4980, 3.67365e+10
4981, 3.67365e+10
