-18.846730106889197 24.138804268741666 -81.8784895457893 -22.763918729438018 6.362370135766497 0.5238173795981282 34.7462031525435 -3.831702321466963 -51.907431631231994 -65.79998806104213 46.97442681900492 -75.84939503265547 -21.78136193486482 -82.24880695016606 -38.049898056618694 41.18963452782819 -25.454550728280736 39.10727450318558 60.234271405326496 28.68880595894143 24.896310614013387 -64.76289143695189 42.00100351719868 -57.58585177119924 -35.208961837850666 46.62539044846798 -60.46227225572449 -47.05431368720099 55.36820571058115 51.01286822576952 65.93900876978546 40.1203693324139 70.47203195497909 9.331024089115502 -18.901267530297574 -79.13877630624373 -45.80047295339445 99.34120377939999 49.397517272775616 22.2506212332259 56.10016428236432 21.835366974410576 95.31402298403498 33.90831238433924 -80.43478768437154 28.330401029389407 31.58136058314443 -36.998989798088374 -39.709335537655434 -11.96314143529051 1.4779447468476832 -36.56661778820196 -95.84529896798611 48.36339859343292 -46.25350528108585 -85.74211299349503 -61.290318863636564 -10.211772362189421 13.171184108191909 -17.559276097686705 -37.99947551997509 98.81890401361684 50.482037505778976 -19.403831379880614 -32.40231161225384 -82.30212252428419 71.12118958813946 44.6111859629973 49.00761450568629 38.462225010886726 31.588077601334135 -55.65783409414604 58.04237328612746 78.86204330793828 -44.759844918974736 -18.888614422421142 -14.145652690808404 47.11636455107353 31.356470348861507 -98.69001901491437 23.07201677084963 77.30383242557824 -2.04113189314657 10.544339686072448 11.153897982605997 98.55514671655871 16.136542767837668 51.90063525011891 -59.64255487221401 95.1891491325735 48.39761477698244 60.9413616726095 -39.31494092403858 89.42362297822487 -49.14177114886689 72.44533117744791 38.23125438274286 28.37607741175526 90.3597309779988 -37.22635327761756
-91.77809569896525 58.868425967183384 23.9567926995216 -79.06948976798951 -7.633082484401115 83.87557356295076 86.24438330932054 -15.248677044535924 29.687827639859506 -95.58944337608222 -19.708633746564814 14.260883599187267 42.438960155099835 -0.27448374332766434 30.721910457442135 36.76996870821827 -80.72887801347323 20.515026276891263 -31.731571468718457 -34.00980614802596 -20.539364456452745 -99.75580863556421 -95.46000712071665 -81.14063750968477 -2.244724820368617 88.36557612777662 86.18280034565245 78.73111995100263 11.680504288363807 1.3192865420138133 85.43864839935051 90.77637401616875 -88.11477673135167 -50.30138115514766 44.147542098010064 96.95773468965626 -86.87534417639009 -98.00952668465195 -56.57363684711445 -60.79310120345329 -57.557472572509674 83.53849493787371 -35.06928277792886 -30.561541739085897 93.50507100045311 2.65735044533173 -97.93759012226491 -39.33705830310039 -24.1962946294247 -52.36367453373183 77.99050434397407 -77.17523863251202 30.229544933537966 72.2222862451454 5.141776027899709 -22.703484774244018 45.39132086180635 -24.24621821384241 -48.86684000247505 -53.951166492157675 -38.57059932768632 -1.9530135605640737 -22.37131381572985 -68.9990360866477 -37.82407971276109 9.34957664226684 5.73417589443126 -87.52854291986966 4.694133870495591 -39.25990834226065 -41.685286437545614 -44.43221258665182 0.4968483489161457 62.486097667568686 13.240145835679456 -35.27890960093127 -73.4414310619149 33.027046039022366 9.390492417365962 95.98965250696784 44.836717975951444 5.7859266474510775 -79.08631756697048 -26.905424119212967 19.814479060577895 50.190860115819845 77.99259558711037 -21.41282717337485 62.766632027775415 -7.4374478412024985 11.182475974415908 82.04644088066215 -63.5519795213187 79.42979793534303 -43.17542248444006 -6.262237255887044 67.96644482669271 -16.36864879193456 56.87590891051627 77.96281286075171
65.81769905389169 -23.130169401007933 45.51703987546884 31.57412300016017 5.66644000666561 5.136782957463154 92.44379364579959 40.47690533821827 58.64440470162515 68.89722492709464 57.01137362969601 26.459825853566343 96.88039444783135 0.013521769077144086 28.50770167789949 96.04366121821647 -51.67117768011016 13.676921594249066 25.00249924012485 -56.96633748658995 93.83610340142863 -61.162806416617556 34.854380600278176 -49.59749574488532 90.750482631278 -89.92206045618771 16.517435330747986 53.198071728194435 -62.03109512899765 73.60880812907055 78.34537238096937 48.46564681470261 55.51749340540346 76.04017029701401 93.13874912185048 44.80263419264938 32.68266381876569 -41.245912994090084 -3.110449731784783 -9.184228816047366 -92.21213165584071 -6.03934747158668 -6.749540801986171 -89.87596442801336 22.009021017391703 89.52291208870545 8.407812495265162 16.665625295297716 -88.528145464697 23.29213821498513 -12.845222439576332 37.798243247250696 -83.14369272746731 -78.15244720504764 17.81190212423307 -71.11369401712552 -98.17164313541345 57.144443012934715 -38.81927742207682 -87.35812790143368 -40.53549078839873 -80.33319856200683 57.035988765465845 -13.63991300739545 90.78053286615037 28.72578831951421 -90.69557124838434 -52.99178646156588 43.3940367049145 -18.62412728136418 9.057289828016366 -50.62091814813243 20.33728240744388 -36.71302096232396 -10.619007038381412 -82.6890254556101 -66.96439584427927 29.51765124209416 -84.02460207707414 94.09799010772676 -71.5208883936009 89.72464633245283 -59.190315278817486 50.119667901030766 87.65527935058975 60.3105317989714 82.93961779433374 -20.95973420354524 95.62890928740597 92.26188056493956 84.29535109796214 75.35191828976596 -57.967425213752776 87.70404200018095 -82.9251931129598 -1.291413086019901 -71.5408948346709 -85.17208273364889 -14.846666595802944 59.03687232223655
-77.56668844356301 14.144224270017688 14.450572728973881 15.144663222489797 67.79692276597348 16.411415566110648 -85.87528563526948 -80.71774298264023 -75.98714884722904 -50.67375114281552 -50.172112242319415 -88.91208814318101 10.287450462376597 86.31765518136342 43.397771002942676 -34.64762296681556 93.0719136724278 30.075973299825023 -26.449502561913405 53.58639618008414 -3.055583728718304 -85.27287964171606 -23.976733605985984 -76.88725844956588 -55.70100869792158 -35.631600022457405 3.8129662319373665 42.29687574149662 -22.585970240209136 -72.55715965673238 54.151595102798495 -61.03120960940216 20.187345586058598 45.65865140540558 -61.07478742609309 -71.98281577219822 35.659732437589724 -3.2864083797500285 1.8911531915994289 -39.8845194663606 71.70504315710275 -65.56797528067838 7.760547259982957 -72.04787233490302 55.3935086480661 92.97634646435026 9.699934158149802 -68.47511109277227 33.56977556380235 -39.666021642514984 -30.89809369084439 14.39535691931178 -54.38769189524171 10.314317121233586 23.856659629856637 -68.43756046887113 92.01813713069427 -3.4794517233084576 -3.05031004133221 67.32758401707972 18.04720026741002 -53.69671644061689 -18.333384490570225 40.70271145798705 -34.58301489109634 43.42191753903529 -77.8061205511936 -61.77547306562738 89.37985636600197 7.955317707167779 -71.2184960055431 -62.25153499440417 -10.110817383509769 92.00955923551246 31.084451720132364 9.293041259677508 71.50914770497752 -74.28926016080302 1.6945805239022604 -0.8820234762417556 -25.096883482854466 -18.536622329912518 -82.26732960571921 78.16548582109652 -84.61986592123382 -68.10246450088393 47.306476976699656 -81.3250318590399 97.7229104583985 89.62287829922752 99.10426122097084 45.125677190047895 -63.44609974316522 10.90295911021066 -77.6390423901733 43.08417607761049 -46.229314618790205 60.4135185486893 -70.81609282486153 9.03050937174146
-0.8143680399813604 -80.37262269069052 -7.419804464418476 78.5672184371455 -90.87995344465887 33.585880705896415 53.89736324311477 -34.84831353502568 -88.65344603218553 -51.70945564808071 -46.138165507243166 79.72065969427945 -19.470929748614353 -60.852381522527786 -69.60290906041573 35.42542368142628 56.24231238141894 -23.425305025607273 -39.20094884289795 -52.388414474453086 -23.69540733820064 11.067916630068495 76.45661266617986 64.14287697445928 47.29430878901448 -39.746829809175324 -13.752594540425548 40.37448509784946 -65.31906365731123 64.14322051294488 -54.913903627197925 -38.825750452295146 28.553722588594667 -23.306471559817737 -21.95503963240246 -57.00029203899626 -81.36443594971382 -24.94467559349806 64.09399692764418 -10.14430712186551 18.82387753352566 77.70644845305276 32.082045157565375 29.656945686828493 -96.44931753979789 73.49629677530567 -61.0719571154188 -45.32436966988173 63.37858647707938 -63.82859832568182 32.85411294746211 3.8000733870900945 -58.522621222268256 -64.53168971265396 45.55667652169714 52.41298532552895 -66.38740989974366 -61.17361139790538 6.606864635362413 -6.504484153435357 -46.72582642224168 59.14135308688853 -17.310853155306887 9.68651911932568 -11.964917769826286 -35.19198221245759 71.11193085227498 62.76227230363827 -4.038488758133553 25.209584322576603 4.31674538450622 -60.22734317311495 -16.01055139831105 57.5612377001363 98.0492210451448 98.61779637148584 -57.33127282942798 -25.28989257170136 -7.689059007021456 -9.643754576478031 -45.040136066803505 -9.539506093626855 20.471758444479022 91.23373377257496 -11.816399306481173 11.005451369605794 37.012486390348926 76.60640535072466 -70.40500614588669 -22.60990592084265 38.16546611454697 91.49316009942692 -48.10248078521235 -47.96694133001231 82.54605651125325 83.90270957203944 -55.2600892185231 66.47417320543829 13.66917658125817 13.900392449388988
-62.51602791053627 79.28943000641527 69.3911922412087 -37.04643810422328 -13.085365830935785 -57.374322763341176 -41.86258567345433 -70.51868884339045 -26.66999220202561 69.38961617101154 40.107048766364585 78.57611247236943 16.97197379748394 -77.03330936368174 -80.48373753902418 -39.83917968766715 -80.3048227287515 52.47551290411755 -45.01944117012402 -30.499997972623476 7.002269132503784 3.077633670286261 -49.83806267897486 21.70782065929427 29.54094227464344 75.89106035426215 -39.730738863435676 -4.097613269837879 8.985314908036997 -19.07396612667334 -90.26050232409017 15.4557540004066 70.59005443156468 87.91688262569576 -11.510289690419157 9.88353783326528 86.5880916464699 -59.07811174138076 48.130966078654836 -36.82660623330021 14.820612030564263 -33.17397288032373 -26.359068400322244 -48.397931573857456 43.13888211180284 -30.181994205140498 81.3097624174872 -16.974105817088002 95.33753348533847 -85.0353331242046 -21.433875554102144 -96.32859993635088 -87.98166250748272 -42.651679290480594 67.10686865502453 85.81771313549754 66.48603801819647 44.52132026851248 -90.191832553429 -15.074126251738335 99.67820224706955 87.04811308695997 -1.8343509334866894 -61.26486569599261 50.73369451702342 -81.15689458880806 -56.58742592691595 -34.13991099385416 -38.74725880010652 24.953465529450128 90.99444783587484 23.67970414808896 -21.59948468266589 -67.07501237757148 66.78390996397792 -96.96691934582289 -68.25978018005756 99.7135208923745 81.07290791652227 21.07589942678969 95.76046137159554 38.33191938982483 -64.74815862326994 50.34577728562209 -5.909374891813172 -93.48881485136906 -99.24499230879307 94.46917138020237 97.28809549182421 93.37223594146087 73.54702754365877 -3.593186238103698 -34.63193736589032 38.85993963194494 -37.18625254065153 55.39798965144678 64.5769640274084 -48.559397795783866 27.42937919799688 89.04046994451522
-96.30245359884117 -95.56358665485263 -2.174007519280366 -85.15886761719051 -11.178760678311207 57.768501553531735 76.98903641655258 57.034077044175945 -66.55031882293692 84.31796160539585 -83.81028273218674 -62.82217063280273 -84.36746687832719 -68.01863329715991 96.07739056664309 -33.540768667274534 31.87196090417578 29.443322556402848 17.243265351829024 10.024512246972094 8.867376672495311 -5.86633634446703 -98.83241443090259 79.42095280768947 -44.289132121626196 24.45770742948912 67.12609226408233 -89.2078541170757 -57.981627549541216 -71.13164723770603 -14.088125405923051 96.54354051610034 -56.98029539337015 76.97968438850941 -98.41665783423326 19.308515375718514 2.8269783737412126 -20.16574981808435 75.29007874242782 56.05083562745662 50.41642989923636 99.76990538231166 22.606079185149014 51.54796487873904 -81.88020108599486 -95.6181489792447 -67.28111975627013 34.260385481370406 64.10485911608458 -36.90000140951828 32.64338662632554 90.2157200043045 -22.516809227138012 -46.7868274130818 28.898781789960594 94.04935620137718 52.04624862075974 81.49032183624198 -73.26924770605478 -58.77876558132116 -29.193387838938804 93.8545258232021 -4.502927989599996 -75.35795568133207 -20.935299250796263 94.44132767344641 -17.950056500315853 -93.103546650369 -39.556446811123735 -56.85819683829336 -80.85013004327914 48.7794706402301 -38.93351005863721 21.80658137014815 78.36925778856013 68.63370303267357 54.049301970530564 -16.69620921464363 -23.64856670895894 27.064492347109635 63.8047465447122 95.56861310843158 80.71135757042208 -71.91927744749955 -42.91519184468366 -73.50344861592409 -16.365161129201738 10.367749761170614 29.039615747179823 -73.70870287310483 -5.509304885982672 35.19902985250275 60.89085347915727 43.27577608358399 54.98566959323432 47.33052172575776 51.06601403118026 -99.7599091918192 79.87428224732338 79.31288289534155
35.99467779640594 -89.8815556464237 -73.51687562446739 74.5516987562471 90.75048030975901 3.194448980264468 51.37052446104701 34.41978768510842 56.952228288463544 75.19550534787024 6.196845948203304 -94.56673009736977 7.044138981266386 -79.60123339241649 58.20048227694744 61.30713132428437 93.31747987621046 89.60891217688845 -47.18030503473205 73.07055864721491 56.51411889144501 -62.102320930417186 87.21016424427 9.615862049273233 -87.67406798950574 -88.06387706063698 -40.561000242121615 -59.19163783850754 40.54126398770131 -67.35573782886897 63.32678950467914 13.019002862467644 -64.55289348050428 48.694248921477964 48.087597339429124 80.63727045192397 -31.021441579787123 -87.62415654177389 35.921401003856715 -74.42718075246681 -12.889149501760542 -8.861172897670656 78.68259305615689 71.97568683947034 67.52699787654001 -25.787523968943034 -7.196375973040659 65.81423519367345 -8.28665162389268 5.583599737329806 -33.88527199100437 23.02161531041027 -91.83702313738154 7.591516198512778 -79.12839636550922 -15.97957615157803 -19.70287527790279 -43.55259342095068 70.8321786072809 -58.65727662255465 72.84170939224492 57.158872895187386 77.95373304527132 -38.564398319029316 54.87826872380924 -9.457702295161099 -59.287934004423136 36.783190910169424 7.492873189858699 -77.71749755210266 83.18581893178126 43.26457315033707 11.52441934785216 -66.69520141629147 -68.96988487857902 -17.984097196003333 33.76634016250256 -12.013327159284444 -30.762582731800208 -77.75717007789191 70.01863259660607 -61.577776869848755 8.724904571161375 -9.603591960794006 -39.93978498634048 -42.208396096942714 -48.19330657178986 -35.912222332065284 26.2421756990081 -77.69840104187406 -23.14746052181181 -44.75623722920541 -68.09535000093949 78.50028049978738 1.4831138029603608 -2.990067176357684 -81.98574489932116 -79.86885779352755 -20.345136585681274 -4.895874773048135
86.22095123585976 71.81345293702412 79.75899049234329 -27.461245814605945 89.60440047886831 7.790719245378554 6.8277074410247 -41.543964154583875 4.465358153667779 2.7253261432777407 80.38441399561106 -87.33042889315392 -61.76020507836628 -87.57037375485275 -89.26253999722233 97.33232416960541 -26.072105523380756 -87.02609867132985 -76.09184508641557 -17.302682415611898 -27.853312301470808 -61.80017649035976 -92.26811131860318 -73.33837155375974 -21.180832829617046 43.68615717686674 -2.5644665985952315 13.167129224241833 19.13707021631663 67.55481658539324 -72.72953605395605 18.047220303393388 80.28587487144458 30.50467431315178 13.480228860527404 -52.70629141420709 -86.25660067888211 68.56661589131434 14.03182773358536 -99.51187233625095 -6.24825308557871 -49.82604993964181 32.21480855591895 19.580084149798864 -21.976883631565045 -16.147744650578062 -33.265630525836926 -81.007943464096 -78.75912527160757 -97.01579637970899 87.81988106824826 50.44438975297004 35.16552963728242 -90.78900062499457 91.27780798845723 -76.49392775313862 0.5288557166274899 6.8383912620995915 -50.373136151825506 85.99340484573631 -16.443073170498266 -8.730628943538804 -42.83212131017653 59.51890149428286 -27.06112188606933 4.2207359292593765 60.46359120554769 -97.90291044050564 18.636102184589348 16.96956609870041 14.609127052299826 38.534004772644494 -81.39623603795947 -2.736123646233324 -4.365877021734477 -6.889024557059955 47.54173343423105 15.784989059501925 -23.428954599237656 70.10985376319766 -19.047847178288407 3.3103417174049383 -42.63841860374939 11.043881604080113 72.47844840697502 18.78884629615966 -59.90868306205854 -59.14503435216412 12.088550780720041 -23.040558522209338 -97.74222174335875 27.938943882479037 -12.372787240887817 67.24978809064751 8.532285539897686 -38.688843950481555 95.60739154582421 8.581998441896403 -24.276882666275483 16.631078943556446
96.55088268255182 56.56424041190229 -48.82581142083053 4.94205010270656 2.7378120770329417 -38.50510104320322 -81.82122898251708 5.72864856041339 -63.28290671795289 -62.74900741469569 24.002625935180674 77.60957079860671 68.2262092323621 27.768417305967503 -13.320283839755987 47.87869418520597 -26.148108718351864 50.21298641921342 38.31839126257643 -9.325821869722773 92.89989176905016 -27.911074363108696 -82.48904572678184 96.902438380461 -80.11086502133924 -72.75605721125125 -63.52103935109359 -63.38073634623855 -79.92662011898318 97.51926925657116 -51.140817794227985 -32.97473828868951 7.876838073401842 -53.86858027462446 4.35156840730167 81.74422696846116 -49.15289951198831 99.45143007543723 -15.415967280757513 99.49290945864286 -44.24963133854298 39.76648431677444 88.28374629850447 -73.61270601570087 -87.3282455453293 9.16227786566428 30.433528973574482 43.25934438475605 32.60261088245332 -87.31185936911537 -19.485806571086542 -17.493706990881336 -16.81321818027783 14.775096055352904 33.98032437786111 62.07703780476277 -16.943247518853738 67.55881544431512 97.37691498906275 -22.072096043912552 36.530893574797915 -5.337279407304948 11.432053106197216 -14.911225496928452 95.72683186355334 -3.4213655503258877 -48.417067428180886 95.44149591363268 -54.58360842640704 -37.216908803070496 -92.49708531860279 77.42828089317334 -15.265745692646675 11.317571253092368 -37.74520254405229 -77.72024157075242 79.22992041714295 -19.127810986395673 -84.27858530843073 -98.3774346010228 95.93164392281437 -55.429352681910785 -45.25554335800772 -24.102789705703714 -46.27130752437287 4.300638867630369 -80.66180477273983 71.9359771902804 12.83347678208979 70.67028789995197 1.675478743580669 -59.56702166186292 35.33986136796187 59.04842613588772 -48.75364967150448 80.03446608179243 -14.081939477600486 74.36060315528565 64.48812748924581 75.87614427957172
-74.66587589641705 -9.767171096284486 -60.87693269393208 -65.96460641368209 -47.45547104311421 -72.74060735207584 33.11199403362619 78.32815591820645 -32.828128525896076 60.93485384484225 15.898790631489888 64.66908313107058 47.18319430808566 68.91904550880804 -62.31487687860724 87.99111444732429 -68.60812792410884 -56.28651013477979 -17.13588557720969 -79.69210884210702 -70.14081949178417 -53.2853438207912 18.76616839295731 31.55981296106964 46.231565951897494 56.19740780020757 -7.931963661709489 -30.708102401147556 71.33947959938072 -66.57989829040235 78.63517136915277 45.64760783350613 96.50792488765552 -39.94920054737461 -1.716635900283194 -93.2031149466385 -33.78900134475691 -17.934986470543095 -53.04557746147272 31.749078283597754 -51.875104620846216 -25.501952196051406 85.46241761801693 72.45107910282775 26.2567346981119 73.77473577082921 25.001494729747222 18.72376506058673 0.11990100761040878 24.27995596631642 -67.9317505491668 84.21632986058518 -44.98989236902899 59.772309102034114 -29.162461812268134 89.6021539218342 -54.99786434456186 94.8484713997488 -61.966689988090295 38.5833509698644 -41.578202662351394 -89.67106628331076 -78.43608782899145 -49.42248492629113 -10.008458401567054 55.17590886626516 -54.32267461803906 -36.3425292814886 34.774063117779406 95.03203001817351 52.48582982673844 -86.93868897521916 67.05612104827196 -91.20197164757383 -18.782577453013147 59.38655705579271 67.21858488052385 18.72955192869246 -43.41030581060137 13.221777352545331 26.983139549832586 38.92078787278061 98.7311703656055 -33.26311669449835 21.603667849919987 36.58445818601237 -33.29560068663906 24.24930401220304 51.04924014080157 85.75231251994475 16.57962406422304 66.2950699892385 23.672450473193194 63.82018669461047 -40.699647990111345 2.454569806365342 86.4263129074011 -36.22264477239352 33.55430455635249 71.45575002797568
27.953719988426357 90.5281534997755 9.414099587467334 52.3863322926332 22.069444479645668 40.33499727267852 9.701586853554318 62.00813345694672 76.92553117679003 -60.41522293084141 82.90964428666791 17.31290012869397 41.74393376112053 -42.012711500433575 35.492625123355566 -21.743139359807827 -56.07272453507714 -34.500348447478274 67.26306324252081 8.907676591282467 -31.66015374185504 77.34332079348397 -84.5228639842581 17.428832931196638 -39.93642562784476 27.05570361970402 -78.14114581532156 67.8652782597276 34.24094599035604 -87.07578508720859 -62.468636697173885 27.08899576416384 74.3710667947525 -93.52009183160457 -14.845552237619913 82.68992436360969 30.846841096005534 7.977845081643949 -8.144391990101525 84.86539230755338 62.62955233603341 67.81622040824598 81.26603992960665 78.88445568330812 -1.2162856364292765 -5.879787158558685 99.25500449110254 -0.35972091037939435 82.00641006777579 58.755787168624494 -22.60792505727143 -66.0284646929649 -97.24534500299964 31.70966975950776 52.738719795736586 -62.258080798636286 -92.33682000572236 55.2956579644937 9.450680477461333 -12.118145881143832 19.874210541042416 30.02350295438211 -57.621161346404094 -97.8926291176528 12.225703749142824 38.53973623068745 76.79427209597222 46.96127690742321 43.68682946662915 35.858791608681315 44.930285850733355 3.231587660357434 -95.0071808565625 32.50363083594553 -49.227532580471276 62.71630248349953 -19.37250765838631 -83.54531020118236 -41.093925688583724 69.10418932377013 47.48576389843947 -11.905967008271375 33.41675521418301 -14.634982881606916 -29.336767019223146 -4.902953633016651 -1.4676121880697224 57.62145419118113 43.22523559670785 0.5296654749936209 -90.32974489538326 -77.32645833816704 65.72566774216327 4.865574369390785 -12.312672470946026 20.778586303677486 -27.969438876671163 84.64163934820533 9.911432057968625 -58.60279894570384
2.0355451815393195 -52.28619077428795 49.83377350793583 -9.588583853985938 -47.197696901334105 -24.6893950068076 24.61855211029453 -70.6986816302035 -47.39446899977191 -58.829639889062314 39.52318374879778 -7.156765769938204 -72.37693398383102 -79.68727295986858 -11.376500679944073 75.82233117383072 38.82531727765058 70.46962130090856 39.461674750815945 91.99471776179473 78.54971169029153 -57.67229476562494 81.59194934752549 -10.121887654413086 54.446463030604235 -29.645146602096034 93.63047855747729 -5.624036990047728 -3.663376543705283 47.75108563401935 27.680101415108908 -44.826124836171275 -30.465388292030042 16.77607417994618 98.64761140998749 -98.15248229967139 96.7815054198179 16.93815935025438 34.05565728734365 -96.96061694398472 9.668338598102764 -31.473056058259743 -5.102030020358654 -39.93140526941499 -10.335688222382558 -33.48355607107611 -14.057060412015261 -69.94605808879315 45.056411486635625 52.32153959637495 92.63013119065329 -22.731853369718678 -2.8302508898095198 8.643482739179603 17.36136531486467 5.518950598435552 27.64284672112518 -97.24752784253351 -42.941508548362165 75.56205245987275 -16.74916078507252 -40.547461020623324 -91.4235486396888 -23.33663998590194 -89.56562137759376 90.36645091507609 -85.9727544388129 8.783630798919148 10.037606536795664 90.05617419013683 40.70225021361898 -77.31145620752844 -96.20560864240684 78.21989008130191 34.63370360136213 -61.93909246165461 -40.54148066649594 47.358783994453205 -49.687547837343146 0.919822655661946 -56.439342390003965 -98.03616401996076 8.78179915232937 57.407704337795195 -22.434776644872613 -41.859302219662744 6.195419244264627 -64.1804325155142 67.92931995190449 -48.473144612486685 -59.807545913072026 -85.17416740811899 -89.80152352356481 -61.18750888286597 -53.82611710865846 -30.03111149857871 -34.383782076592155 69.04378406163681 14.546130254792018 -46.79875562213245
94.78738017836699 -27.938213969624343 20.08833410886963 -77.9319856740614 -71.7426846433441 -37.51122623074683 35.691448146113686 37.79644498505638 45.16688073805096 78.8421458774896 -60.31621759107488 33.10390432797183 -12.248044214145267 75.06170008364609 43.097170900223574 -47.882030425005915 36.96968595498424 -45.3419569673589 -74.80177182432541 -77.43116947244613 14.606342078684847 -6.8853372545193 43.44672893777715 -62.497225509727386 -73.58654009468297 0.6788341424741162 -73.49185791517277 -8.312346202989346 -40.36773668034408 72.07197952383143 -70.23858315765332 -27.975164053420713 -52.68747109017124 67.35211794599786 -32.90214408416574 41.87513955920801 14.750984869617966 -98.489409684654 -24.376890765658388 27.323115165492 -43.645336460853244 51.84279249712475 13.619146711445396 68.26797679585877 92.40064255265014 -67.51351359762276 -89.42547534430682 3.178508966763573 -98.2506298341866 89.00480783606673 58.719736737592 -72.14043546114726 8.531091185298266 73.71645007817972 10.196934037034495 57.367967550345554 -40.87266416142528 -74.36273637388943 35.19630203212344 -5.5712840790288 -21.041090304481756 -70.35589243152236 -0.1563173336275696 56.91270125813506 73.67840004602641 73.91729082476098 74.03962476551916 -96.66205489015822 13.101143434310188 23.50364658233981 -43.88429199836348 29.25261306705457 -7.8836909733684735 -99.44132971929068 -28.103595545313922 -94.68577171806405 -48.41751778772825 -88.98362470728296 -75.05570523095655 1.3656340553803545 -99.01480265168277 -37.914690995250375 -70.52439882394275 -89.51428820948462 -22.15011149858303 -20.513883370590065 64.93712949720992 -38.199664998502115 -50.66189856254824 79.32048048138972 38.67415292250624 31.035111693422493 21.521316075182995 -24.551808379159752 -45.80370715644815 59.03932033842145 89.66806911742336 -55.296217023622084 26.72216383668325 -87.05229579050018
-43.1407374363272 81.95882796950443 -46.155559434426976 -75.93345071334392 24.060779302698165 58.59543217950943 -50.449510355154594 -92.47087752151278 84.84064033807522 -52.58873750317539 41.385104007989895 -38.92997120787924 82.32268679097089 98.93998053372874 46.52614287704006 -35.31098689826737 21.49650130801139 18.12811254067772 4.309180749237612 -56.98256619356676 -25.45236209159205 -97.25444036828776 2.9994003596044223 -52.52671210070214 -37.1700533029067 20.95666822973716 8.720114958638533 -39.26589121253803 -20.082918387150357 -82.32672774358497 -0.47698938380855793 87.23492264323602 34.04461823779408 -10.205427028269767 54.33011293473683 13.794468091246046 -8.996408263920188 -3.10414005791219 36.77464241259713 97.98235463981112 66.65544965639833 84.90472897943323 72.3692575901768 11.753880168637124 48.77219035605091 -25.790315106172173 95.6065791296979 -1.724824426463826 46.61948367833293 -93.72069772210772 62.629029965393784 -50.07844368875065 86.62340605971445 79.31815657656657 -49.229505113083235 -60.64209451411684 45.91870515698858 68.58433670442443 -33.84265313119626 -18.12512759022347 55.262771047245536 -26.331984617862076 17.17909740516697 52.753421257587945 42.007975623277815 -5.4611998390303995 -90.95492668239886 72.64859738025157 -66.73165364011237 -31.900560707818343 -64.24402217443388 -97.42440192748592 -19.32867173763033 57.418210191651866 66.76337817892173 26.96078944512827 -27.148281604632913 -14.55812110519119 23.825871463210177 63.95768919447923 -72.35918491376682 -92.0024195116 25.518582848230324 62.25201618241414 -56.684450240569184 -21.027011170730248 -60.58798948298283 -78.70935222203349 96.95297722442484 -42.71014436824707 57.791844311748235 -30.104788917128772 0.11890455486171447 88.33400799012162 58.99156861677116 27.75900163361591 26.733631765790605 -82.40308934343247 -0.9242980990816818 -6.174364151010735
-71.41500420934403 21.117141831687064 -84.89263520111908 43.70468629566747 -22.51111036938663 48.726835093764066 18.08797007862819 -16.602074353806543 -54.786951426687345 34.12940789379769 91.69724539944261 94.32186708985682 -9.91328026478601 2.862267123775041 13.080295356048993 -62.696017603790644 74.42696880624456 -81.3915221033874 -26.444423577700647 -81.80179929982027 71.75976449368187 -70.99939523329968 62.56683927291127 -56.527283390732784 -64.22189369882028 -30.349243060999754 69.0760796215747 -23.811198069957257 -13.329278395488302 0.5141493970810131 -6.592847801744512 -69.97047480950354 8.918664466799939 53.29702395620407 -27.101812744243986 -92.03443854769169 93.51872464888433 -35.55111266333617 -16.379787039316412 -73.04775185100527 -3.9879480805913943 69.92296709569789 -77.08879688502456 37.21529632433024 29.54384048979705 8.549385117342794 24.693527731207695 -21.908254619827943 -88.74568763351552 -97.24835966401719 -30.433064978151634 -8.858990348371478 50.04247628887768 -35.35236445417257 -27.921111429177643 -66.70745633452637 94.32450310778927 86.43320225067342 -13.52721789649263 69.86629602488816 -37.82726005112185 21.591391680262277 85.64159939497969 31.69436016878143 -85.38027514357431 69.27255818634131 -38.99497192496521 10.364485262277157 -27.999379924403684 36.063299436667876 -75.77298868365179 -95.35912547090402 26.278558331503874 19.421547721450978 89.98393916185478 -51.01238635950847 45.08860456810001 -93.2736602723024 17.31839464133469 52.37392503892326 10.827954551652482 33.76251934870376 11.29412328966761 87.47760639302331 -32.57419675798015 2.7843131477816456 94.92546050068981 -98.72537366618666 -45.888597114693155 -40.207050361255384 65.48228408510653 43.67214749325163 -3.7483679699008974 -53.87175807405333 -65.77694788673567 98.45847519421633 -93.68842161872726 25.76650756469421 -84.09139512078498 28.22204868711026
19.228822417035857 5.166762954219763 91.69932093176755 -24.717874733112282 -2.6088070016888025 94.18773823743419 80.11496246405272 -5.306605273738299 -60.04325626581601 49.749289934550035 -32.53778249309947 -7.968705088060801 -29.550625870544266 -33.01548533721224 68.0240007105169 -2.2762602175809548 9.2417785544189 70.27117318227269 -4.632318783778899 -38.99306969003733 -32.04391610170221 -17.7457369581266 -66.89178900690382 7.2712368194133035 -26.6440738704202 97.2409698326851 -40.172418636966654 96.22927429240335 32.58899973844785 1.1360603366608046 43.069371685049504 -97.00181465614857 -90.29105979213172 99.1490852931158 -99.83490673440474 -49.12683755214506 49.516321520170436 -24.702419813844955 87.63316674117092 40.52482583489339 -99.1719032758099 -79.69075752073866 -75.59169818905478 -33.96652010879623 -20.17798082536308 -27.355349169153342 -15.589649819423414 -33.7584926326238 31.193978294848307 89.46054111900207 37.86945216830651 4.309921499135655 39.02999826474732 -57.09883379534979 -95.42497201486711 14.423186582629825 -11.36635096175904 43.28793083703448 75.5668125169664 -55.90047762599908 43.44567169804159 -27.517392498242145 56.215850607406026 -28.83922002371196 -44.773369515564745 -30.423866820798224 57.56283729811142 -39.890372004622776 -33.42204697317621 76.51200971779906 -4.97297946156452 -4.585722549060307 -5.9781783841130505 15.085845188225022 16.153587801724 -65.79033666375531 -84.59237934835487 -33.8601369119492 6.166202786746894 -79.42756010347182 -20.240973188005825 -44.29466897584711 -76.94247207774691 -84.00989783537285 15.950189395834883 -89.0892812659616 71.22009457769909 34.52184274334181 -16.483866344358617 34.263960345051686 -99.29806866035132 89.61953607167018 -59.62253337013945 -40.66614076249975 23.488006145118902 15.93935683382162 28.817191867508427 77.75772581719039 -49.4024484103426 40.23915403291991
97.61913023990408 34.87578004935543 3.444458661535492 26.28037134145174 12.443055298912142 -97.66870470655844 -45.65181274863346 6.721342867970478 26.32512740795454 -33.642636840281014 -71.31024206693273 42.076042257444215 -69.21139064611346 -64.23832754776247 -89.40606799264205 63.78018009200943 -11.218014426333681 -75.59460467243717 13.789146866293379 71.3355748715716 0.7330874471658433 -1.8045676371871053 -34.1779661840401 -90.26859516763703 1.714384010448228 -53.42065719722522 -86.96475081955286 8.30501286314869 -68.558827397934 6.743124716947534 65.20545204606171 44.33909100588957 34.98856925300805 -73.28408623011796 -54.69815958818902 -41.00388674867914 43.34504403063599 35.83182973582376 -21.816102308143925 34.402400212421156 53.82848824778716 52.62622287557889 -94.42246367552278 38.26754399945622 -66.82737423924584 -54.56758825678818 -52.08132266972212 6.527758959958604 -10.602220832591769 64.30701962908526 -75.21145498696804 -22.450003878361045 58.79852093557324 44.115677045977776 27.82065057582787 -70.19885460635842 -87.37864020708004 62.33614629146521 -92.02201115000801 -56.724586315433065 -7.623617987113462 -11.888789122035831 -84.02145751052447 26.52128819431003 12.557016442539918 82.67617840026372 -44.01670401808333 -1.0020734701889182 -11.014602037817383 70.51188583836475 -2.9562200973988837 -86.39258537496522 54.22097023317099 -51.7383867675127 10.725752899377312 84.87650890033694 67.54582802563266 41.37734129763447 42.7608563427726 0.5117863289530078 96.30225514812943 61.342986836520026 97.00383270805443 -81.9908439025004 -88.11918712442454 -29.051743638498138 -52.519634734559716 25.43171438041678 -44.79048076119749 -73.76991212065641 -78.76470776034441 10.231741478566605 86.79485514816955 44.772774133135584 -52.495166154971095 -17.340374258753428 48.13942227080818 -51.051594188212036 78.4078514705638 5.14290976285281
-14.95096715825808 -77.0522590839327 -50.21944959628979 67.53687767640292 -9.407307839011352 -95.84034124562619 17.354568385798984 37.4907688911691 5.5374337237503966 40.099618558659245 -68.84533153725268 83.03956672694522 -50.26748196338582 -9.307981929471538 83.66203829555349 19.717384184928804 39.04068266867475 -43.3715072577189 26.01789968268045 -71.84412521314147 12.198301696217072 32.458283691468296 -41.33531778877404 8.590000762605882 64.88292507730503 -82.2940841182527 31.638400951852418 32.29811061568867 -7.209006376254962 -5.891525015838056 24.951263101510435 -94.44401658447323 -54.6985196343178 57.16683768798748 -75.97482851430979 -75.28643975178136 -71.61491806865496 -97.5470339046285 59.90886088176583 -19.51441907188638 -65.58167208372979 -30.8866521138833 -97.30921701292372 77.40408435372132 34.57669159157203 -29.757319303946787 -9.516105370786448 -0.5842802589709208 -33.51004528475589 -47.427904115065765 -81.79973210985143 33.9534092269582 88.95309701701203 11.344034085835759 -71.09419109874409 24.08923523763214 58.597774914977805 43.98835236054512 9.10117519617745 17.697279848939985 27.92197665848586 10.806705143537854 -55.910502428922456 61.26791243946644 72.55741358181865 -60.07746893404455 -1.3594835476686882 91.96604730607987 -1.2818290142688937 -35.354814118254126 -79.57507198652533 79.25558636126186 30.977498691079774 32.597322582797005 25.847371126524294 -4.251898976918426 -70.19804396848876 -90.39382021660114 83.57336436151516 80.78101760936954 20.88254692294811 -65.40186195106912 -55.48315128575225 -88.51458346449749 56.401106630426455 2.629479317930091 -25.44753237821152 96.62053781136717 -7.301033146048084 38.743774941883316 -17.71800974285614 -0.5601865664067134 0.8191571004908269 7.681848910938086 -18.81696245613074 57.75828958854953 6.975279832421407 46.633642324520906 63.87283237106601 -77.08101012878879
56.122304529608556 -40.160294071227966 -11.732480064958011 -2.361512866708452 40.96123531565735 -85.51707384778011 82.22203647725644 -98.10386597530152 88.70332461019461 56.67303993776318 -76.48473018133366 19.30172492150453 -96.75297463035027 -53.93444679589925 84.63538189919961 56.65158071184683 -7.831183093367983 46.30489464070186 -6.968140663385952 4.219314496508204 -35.98977430157224 6.063217194791065 95.3703977641473 47.88581250675415 92.02496852719258 -76.89303758836317 9.75499605610554 -63.96188116263053 27.426986489480583 56.475635599875574 47.30475028413983 7.398267945415142 -8.300560737508263 -70.96643969733591 -56.75269555951709 78.34803435495098 -56.95682678761131 27.847820049143095 0.15912173476296232 25.372011249677854 -45.341810396281865 -38.88614084057358 -17.599360374460886 48.31379551601876 -38.82342555681282 70.70563114360087 13.690224886260864 -6.405399205938352 -12.192676765859204 -98.44045561722092 -14.893197338857277 27.791146467239855 69.02399733330398 11.075065682561629 -50.637568529323 16.562106165516454 -69.44946373199919 99.03405991321702 93.16931077095089 -81.36639616403852 -85.77587532792323 55.932328007899855 28.23376881611651 -77.82465626153237 -94.89796469770894 -61.143063594331196 51.149540133387404 78.78328890979105 19.215008571394293 -61.59008674689981 -54.580574796985104 47.65065636912752 79.52187927249832 -11.813669494199132 71.42721339714348 -52.75111805232111 -84.38375402885414 75.03069924208819 75.99551201716855 87.98674273863577 21.876929906945136 -21.848661175994863 -42.05587483463822 58.698240012873384 78.24153038211224 38.47573040690733 -12.289450597444329 98.66295051313077 -38.716028263387074 -76.35918121533697 76.75193717618737 95.71865602694268 43.10052744089191 15.255006270844135 19.838994720554197 8.031870525275849 -73.63903979274087 77.44204179732287 -43.66081687898933 89.84382830597917
-30.61996475371484 -34.33064621323494 -30.82738275127832 -88.74538409432013 53.894358824158076 -23.490295082008615 24.592794828638546 81.39936283936024 30.977053213251452 -2.438527150856018 93.26540739446355 -24.521587014726535 39.41206200858355 28.453153695139036 58.831823941202146 -62.19094455221308 -9.26215762402795 -95.23795381933667 11.907915933155166 -58.79816820177359 -9.155490072237285 -19.304835181652223 59.32506884204719 61.38649065687821 -16.83521454000922 -52.89324687390384 -46.61634133287349 -59.15418498801262 -5.890203005140876 -12.230180668611993 -14.62851193541583 -89.26377310640325 43.5945847796626 -66.02225711276573 -16.21750898756646 -27.166986953260945 49.076832006574676 -44.36885207145347 81.27818626301001 21.3914241696763 -62.344493074669096 -16.313074604194483 -3.408925761533993 -15.397473329459359 28.456388478247277 71.55352672632031 -43.993792457019595 65.72533012037547 -16.101459934550675 -28.638791456488377 54.39464269768507 32.168755284893905 46.87170692619054 94.37384676567339 97.8017367765278 -58.997707390303745 42.87022050916357 99.47490721708056 -9.115257462229238 68.1351433115062 32.87389675323044 80.20232400518083 42.0171232578825 98.4814943537225 48.45916468097599 78.85975447690555 3.850681039754676 -1.4827979042383248 -83.45458934330298 60.02767268200802 -17.036353478334803 30.115692225721062 60.948562132988286 -50.85507953358004 67.42778939672465 68.83464984419223 -74.74987168099794 70.50699855206838 17.568660587525684 21.732405332775755 -28.494614553606496 58.39910155528651 -92.84554150325035 -34.187753189280954 95.50847706096118 38.83228215208692 -56.18536179467392 -23.22683084750436 95.04381044681406 81.26891073071491 59.47370837597521 -71.88376395092743 4.193447661160164 -78.34643807401193 -65.01039963277562 -97.36490053246047 -40.304537981008615 -37.02292802538987 67.58814428232577 27.18351761081537
26.90900369120503 -20.132272192492294 72.09750733367491 32.17051032822303 40.50914543482463 53.961896981204916 62.264883292469165 -18.34069361134773 68.29386916091016 -42.654528021019104 58.67181789349215 45.65425198805431 -54.100038148493404 -27.298584428140884 81.65206941140846 23.311903778666206 43.49148740601825 -68.29922436554469 -82.79906507243578 -96.01277655845264 -23.302959118808488 -76.1387075148776 40.56553665917136 18.932519504775996 -75.10616644677022 14.000007472837012 -78.46907927268876 84.44081855825112 37.31102826287827 21.806751537058773 52.49708189361223 -83.91001601563302 11.646310625729456 -40.69530854047754 56.847044963437185 -74.35806896696289 53.99528127395638 -0.7234977204160913 -25.051824590648323 39.011758784511755 6.700185115422158 54.21644024801995 -21.000872539643467 50.57311319857851 -28.848566813248652 79.93758499497486 -55.552851979537586 -89.71427618354357 -55.60245231592127 93.5930129061224 -79.73034411536437 -78.10353670681008 88.39042130706099 -16.76525013857895 -1.3156347028588726 56.20687574715225 16.979102833981628 29.834027067912814 2.347149815709315 6.552541509666128 -82.9907871011099 -60.53499653453647 -26.517335203760382 37.30317981319661 47.851392568035976 -52.809289004623075 -27.574329316591786 50.58661600482131 3.7410739678425955 74.88181138813027 31.88290908857695 -56.465338463117654 92.43987960532402 95.09350165153748 12.348784356080756 3.8444392124622055 10.650878746779696 -44.47278762279012 50.323065760095744 79.85092333404421 -58.187273518383506 49.58006259333783 94.77457312974104 -50.45474005533626 -33.49828774873238 14.061676689257368 27.965586218089072 82.13175557185687 41.96463058728676 73.99360905087698 22.785957909100745 97.64450335603433 58.95495935059438 -46.49135018828574 85.39290639115958 54.18773466922667 16.71918338776534 -2.6660742336808596 -37.57991624200048 -18.637157734252938
-73.7260931584062 -31.38707218025219 -0.8279399998485815 -93.11708608138869 -37.31419775557845 -95.2102798651501 57.68524153483088 43.75289399599097 62.799448501465406 -57.80802342305218 -74.31952893536987 -97.92382177088199 17.27776417023432 -60.01903795173564 69.32501737876234 -61.91574872261649 -34.52517516064377 28.160353320450923 -61.029758264817204 17.030242262378565 33.98439603606113 -3.905210944387136 -9.270778501501425 -40.285442692862496 -22.74155817777661 25.551764944807204 -78.79968236149324 65.43997920326706 -54.46776643737541 -85.4196868659512 -88.57805038728827 -82.80343737624713 -78.69469785502798 61.71356064202362 3.968056809352035 -36.7817468193403 -33.13458074368154 -87.62179676346496 20.1781622920755 -15.976315719994005 70.27066986733894 -60.231351790431 -93.09542677233631 4.788082177433097 40.27124705947608 -36.47031517272625 -17.251628513312895 99.18595563141457 -33.928628459965054 87.1131881824301 9.091690889659844 68.14337824668999 -83.34677335983665 92.41817712813415 31.17562656843208 -34.17517368746881 82.89130499866843 -24.814366899242728 -29.33007843615114 77.88660578044508 44.76325388441302 -86.66241442388804 66.89000615892866 -76.86281227920968 19.38071644297841 80.46244899091911 -3.0958429090717487 86.4016332919594 -73.49589739914259 -86.51031734036644 11.938937246482169 -87.2097525378549 49.43309681452365 76.89566481205469 -82.96869769515746 78.43087755872986 -91.19606940309903 1.203524626322519 44.440767786734284 -52.00478991398838 -80.10870591487375 -4.299276318765251 54.531556636061936 50.80461756123941 -2.9509235835943883 51.75263632481935 -39.605548560831714 -30.78814699612586 -63.999210077572855 -50.240971618456044 2.703467443176038 -15.031488003221497 -84.72782384021411 -38.76502177104142 59.108529503828606 70.61356196558214 -7.283856835483007 0.4195118736819694 3.889191750541457 64.31317870556722
5.449144612985464 -58.88556095834314 -39.20496312126858 54.693874642984326 -40.53978563444187 92.45585364068475 55.01008393540636 75.16540346741408 82.36462210465027 -26.066525469869234 7.772751133656939 63.12904127272472 -40.4776726792782 -21.08037376285408 7.470299494526714 6.3454733523506945 12.97168875645822 -82.03950502442181 -99.6285847717838 -24.891320815797016 26.810866413175447 -58.7155594229825 -88.03151819368415 -93.08116189811241 -99.88243825301704 -21.365911980657444 95.44754997635104 -38.86219912257902 9.30176629236368 49.16796045207451 39.521768118799656 61.00090421555734 -79.96470349136425 8.725583818944656 -42.10862468809391 94.84831713987143 -2.6514360793470786 -5.318526744524689 -62.23496691768919 -78.6501013702801 -39.243304209013054 89.2481847189292 35.119154257777126 -83.58612160253544 -26.75287993890197 63.21831412885081 29.877845438875823 33.265797858368614 91.63578690624254 -45.79950359257297 -11.490129584581325 -11.639174489791571 -89.46501170129493 -24.832343261916677 35.8727220486048 -12.397129454402588 42.29952555386444 -0.5060739091692597 -94.15454600099447 -14.197889051882456 92.32336717123755 -66.74408870834398 -7.90199801443427 29.083285049638164 25.391190981322325 37.23844765283033 14.807877836453514 80.26209183842673 88.9173126528749 -99.40172139897298 -40.204922875841916 30.0726319174116 -84.81041868317487 -28.014762530279967 59.373995116215184 1.0959034959304574 -17.471746284258046 46.41425848460315 -30.87282861235667 -46.435981712411035 88.439137706921 -39.75313737672528 17.905598905017527 -86.81340094517094 -72.64340060049979 76.69952187165586 -85.81149605034003 -62.17287255226198 -0.6737903996378805 54.940256797722526 -59.77998348662108 31.76582068235561 -7.760983804058583 -59.3257284654688 63.80040949549513 -75.6985687220444 70.82066812643671 81.78207773010914 -13.114320033421151 -5.127335362548479
-95.22265211402785 59.07630847944233 -19.488649505144622 95.69721899155834 45.643240839871225 -3.370840291759052 -47.48397707621448 -98.72779746058885 40.64092883398092 2.1664843109899152 -8.585487559914611 35.7563719618764 45.87608721485742 -30.99213146690782 21.141077822643936 -28.554552046923803 91.2014967869876 -3.363402339435467 -6.375968275201174 -7.129130257879268 53.45793016903184 33.85918253629575 -81.01957339753119 -35.68383574241632 41.34340644236113 73.69444836846321 -32.24516170982328 -34.674263751774575 1.6225623754003209 -95.07944780408772 -64.55535131141139 -44.544820699449474 73.96281291097935 50.08971652140542 -4.031217805162385 -33.04168080629026 -13.432824098130808 -57.90573069989606 -14.766869200068072 18.68324794346516 11.228270341383336 33.44061486570348 -36.004831577709396 -29.931564410746333 36.660752465341716 39.76633166647497 25.19930418369691 -52.23673053812821 3.8790225072899744 -71.41359323725145 -33.080773693501214 -43.78913608963848 -74.56990541128388 -48.35447097384093 76.27921136028758 92.21240074117935 -43.92326290491895 43.68858611067563 -75.52108877863071 69.91020314786493 -66.21315787179716 85.35273116837084 6.032616083381569 30.59392220496406 12.731552317762976 96.16641685663382 81.07348235977648 -45.8109173584873 -90.4374939831865 -77.59215797219656 -31.770604797956665 -68.37715179631789 0.7375561432965156 56.0071886578566 52.82956846345533 0.9067648569883744 39.89527399368259 -41.93883427565426 -48.549738493296935 60.64546848621538 88.33647263283862 46.54907313035616 43.073336050772355 -35.17307606853255 81.96617481963858 -82.13027200580008 -33.10612506410797 70.42916064781173 -16.814813628548578 87.61977006682102 85.74878188134579 46.73166559100298 39.801237313259236 -17.928477038367376 -35.87904547007123 -43.97138504941207 -15.81712421720836 -18.931763192933175 -16.3155653656532 88.12485823010653
70.58060852382718 24.322475128953485 -74.33830328215272 67.43946194297442 -39.801026247469174 58.974765541082064 -90.02613980338565 -50.52772879966625 -78.65188488463451 -95.18169276500781 -81.68424743550224 -63.65688823603553 -76.99803048406955 -20.404696114310212 -89.25298427006388 92.97564411635292 -55.79143570416936 6.790305339138314 83.40683864019056 60.99739483401919 29.031063215476365 -90.8829176053051 -29.877989422626044 -3.3312610837186156 -8.477690534419608 67.80704668940308 79.3256007943647 47.316197118020085 -28.915311504464086 -3.7994399778193895 -9.455241009564276 48.84186952260589 -66.28116875082253 -29.99619397420301 75.87292740147953 -15.037589011313287 3.1496606035991306 -10.18589371754652 -17.407052278276552 4.784505982179937 -57.94377040093857 30.469459390776166 6.103365324140199 -99.13601660755154 -48.8764590984202 -57.21734539203251 55.724915873717066 -70.95956972989225 96.1235912577782 73.31856259838193 -52.015497220842555 51.852225319923605 60.62321523283427 29.404942271099685 -24.06797991101284 33.49470197184988 12.096791250490526 -73.7043275508629 -78.70748950415557 -50.59592197431455 23.51662623214675 85.54205323069701 -27.261598659286193 -67.49219297574899 -29.530116579682584 -92.48113599193847 -10.459188502722895 79.29446244384059 85.76093527341843 7.697337097187031 43.4092830383353 54.88975596727664 -83.19134412578086 -1.2785562411116587 -82.14408822804502 90.8579220309926 47.26130896205669 66.96789593720683 -68.77114813310739 -73.18838414455212 58.975350724705635 -34.2572088584362 49.75720750031681 -39.47691662244459 -32.01747296920969 -8.569332582106853 -73.49781148084395 -89.9665664610251 -99.71861421767758 -4.436267001308764 -67.69927318274655 -67.80307722831859 35.448740148312055 -57.20259521212403 -84.27463945159019 -23.31011858116942 64.9050574320878 93.71824218054036 -84.93913717387254 22.972492688001324
63.39237880291853 55.03064718269016 93.9601223697957 -93.34049295969282 -9.566485988876352 -23.804923769117252 92.13604199759081 -81.89593750838463 85.66257701842056 59.87001606495346 -34.29082182080123 89.69086755365987 44.98232633111263 -33.329560241161516 -50.3665513145815 33.784491135051326 22.195155916901356 -52.4110931646548 50.342961215833014 75.62221780644424 38.28923509594378 -86.99904773099057 69.47296962274089 54.58757104974899 -8.117368555198823 -66.63763145121175 -77.6063738475461 -19.75502325702014 59.10850727168656 -68.00148044861643 -27.32737187093528 -31.42182361006438 45.70148012049788 98.78624493318998 96.00355798354639 78.37001436192733 79.45728289068737 18.6022760518634 -22.650702922267158 -95.343975802 42.601359583367525 -57.34445267151471 -65.79370966166876 -22.02790110077639 52.90916300842889 65.81334602972177 -58.91428089847999 95.64475508883788 -96.6942814735003 1.044556205472034 64.09198422781529 34.588723258600936 -14.15069181783602 86.18202798842609 42.062708951631436 -97.83980523852556 19.736041126080323 54.66091757323596 -88.47004598903911 52.86083317823406 22.697236422686657 -20.514575802115203 63.371951086486234 52.848243197970106 -88.64183549486586 17.641999926541004 78.30735671048441 23.054124615555565 -21.620040983212533 28.143379107631205 -6.631673439984496 45.29125065627224 -81.31562966725133 29.324641971129182 -29.60658450256699 84.34884605866725 2.353167971704238 -11.05358792262227 47.83823996672882 56.77916314063373 -73.88358799733777 -34.19928223287292 15.139103900895392 44.27878733854362 76.52359142672248 72.66160555059909 17.767185060844653 -9.8104398123009 -60.50200808195343 6.782341647865749 -0.3680075518998791 7.013726957282756 9.758727258108095 -59.81098200673218 -87.52078030861759 61.8871935025721 -58.282690117547546 -86.2508183339879 -70.87002750488429 42.40605330448744
89.64618114614396 -49.61965786683318 -65.7657629178594 -89.8127504635132 66.45085961732912 -18.708285642406636 46.723970433540785 -92.5059137403033 39.422124553197705 50.15143239205753 86.86995616024052 -99.51112329247083 92.5838832929661 -84.89654777355184 60.53913815268092 32.17813277695154 -18.367700444805493 -62.45640439638065 -44.69480544839455 27.593581315388278 -34.79322451769286 -58.146136126843295 40.362897662413616 -27.749106298058535 -31.29358535328946 -71.26137858506809 83.32105102414903 91.79080680855586 -94.93992668048823 48.73212329442288 -39.10315648822782 86.17311582214685 -35.7367391559046 -85.35834161040859 1.053060033940966 72.09614602379256 -52.17746494581525 -14.462798024834186 -31.960946312044598 -26.728022104708174 11.936307075859375 53.67859631372863 -79.80268799800967 10.06380648445679 64.1858907500744 71.67355991870957 -35.74174976560013 79.02870941605619 78.87535688769032 58.149649681105444 10.368082301561856 47.865826761165835 80.38982145398191 -78.53378674681657 -27.681876554348506 -6.400276600773353 -59.386142043009556 40.95148669986952 47.41379947922417 39.40517784977499 -74.81619746334741 0.6404326198630912 -24.2923205787925 24.113259495763245 76.7335298663356 -59.89876438695065 -66.67077656544984 61.94051354806314 9.287428263240358 70.62441476967365 -77.787621571639 -88.81030806308108 67.82706698633709 35.848281396749485 57.292946428563056 -90.9636968757389 -60.68888386750584 18.277990823632038 -54.28650857649495 -3.151599322329119 89.03543547304508 77.4025550689521 -61.509148316669624 -14.769235193767202 -74.13955703270679 -17.735843381923175 56.285495238094654 -66.198936900079 -2.110209464314636 63.522459461945914 56.63702348175238 -23.031818546737256 79.51332014830626 -96.06944590280418 95.27628799017822 -93.91404714037897 16.163243696921768 46.491279346535265 7.692704125070776 -65.13734457856262
91.99493406148414 -10.39232737847459 -67.16676677900139 -35.07561000605921 -19.123901885655272 16.32955416992712 -58.68831267159391 -59.048552584541646 -17.22671182930027 98.24464351398265 -84.68294408002761 -67.82395021074639 66.35412690435862 -87.45178845604968 37.25474474511614 -33.71893207759469 -85.70643254786772 -74.33939550458149 83.37367622081587 89.17617299135858 96.70924796465823 34.71816449292473 88.16872775294067 -76.48726079162213 1.836480799699686 91.79040741919414 -86.8245601234035 18.07563549191822 -67.87032914034478 -5.919959120047409 23.88073627544358 39.88612604270125 57.44614760561913 6.640896512864813 -37.53493277130939 -23.856629253643717 98.02937799646872 -32.175922629293055 -48.97280914596544 -67.88552438939249 71.76537356188419 60.82298402286423 26.956336947310604 60.33441355748312 79.03524935280234 -50.40324788408348 61.033608061351686 -26.13767906025953 -87.12755613628025 0.37774865373465616 59.214265532233156 -14.171492431408865 -92.91502755927634 -57.132400339847614 7.85497175320296 -68.16174946782422 9.162569896812187 26.729518051049084 83.5900895189751 -11.871723498703886 67.30130478097448 50.3612372957877 58.25877223518364 5.131625099652155 83.8306098946324 94.78755414527512 96.90319581742435 -90.00729745674474 67.35588058814625 -40.850037482517834 36.659451677152845 38.33718798169926 95.76843883358904 -88.3525422595474 93.98811719122881 43.74122868159566 84.17196685753987 -20.63690489246784 14.21303331451837 -99.88742537444017 -73.46961030612485 42.37460471162629 63.26676203114678 -51.985399976339664 51.14245334786452 42.26903325060516 66.9940723163501 -65.29094365290922 74.76750024558103 -64.49674000098331 -39.70735727034136 -53.4296296555093 -43.229601288523575 25.38566383181771 -8.533376142461208 -18.181299309439254 50.54094521772387 -23.489283836561242 62.404961347413035 -8.649303915460393
-52.19152137001193 -91.17855609145167 -81.24373641239015 -81.92276806508237 78.5530129712624 5.380394251644844 -10.291366449549201 75.37124661023188 40.59878679000215 49.47675571486448 -92.65781532142043 -87.807171091806 -46.85621755604541 -86.84476569463773 -61.00384112475823 -80.22023128013575 -37.97650655207092 90.02219580859503 80.56945600796419 99.7405622396395 90.39495040409017 -92.128098833995 2.2932421561454817 90.26922324640896 -67.4186244674313 17.58010574638118 -59.84892699676945 -94.54114112851772 -37.06732097408927 -29.603922721554255 -27.443118067121745 42.246307371466344 40.325556965172694 -9.319105075825675 95.27290497701875 -25.579911640878166 85.0243778734393 43.6597861340484 -35.04045928545894 36.31760448881755 17.549600900626587 50.23745001382804 -60.87969649478491 77.22918677515023 65.89118922948833 84.83264876435587 29.67942319619604 -26.07407402289938 84.66625218903135 -85.84321614764025 -38.127069784049894 -59.51858497232063 -74.15129731786077 -4.7056339952354875 -1.4272464000647318 -63.629624325327086 48.84647285014978 40.14642093765735 11.003285394122699 -96.22717589142744 89.56058743805585 -46.47443148634282 27.04933530052675 -47.43323100262637 83.72207946147495 -45.09915242950135 -12.24033557994288 22.108987437465544 -96.32794571423142 1.2281124351109014 -69.52904543657583 -0.5451375505398488 -51.7683426643629 90.39129860449592 -37.147503911371246 37.42591653811141 -76.39120492027192 51.370512311053716 28.847054715343404 -92.47691214700669 47.97820518710125 -36.40859772829164 49.23867348742817 -14.584549472511 -26.05356151434171 44.6323604308117 99.57616046996853 18.692791564746187 -39.98109110944972 45.6659020383068 -90.48826804290206 67.4034884661707 4.060335872518422 3.2106880306386927 70.46477317511693 -93.14961903084867 -39.52614449512015 13.178351001041207 -92.91922860739152 87.17415949326085
72.91719537404967 -88.6206808321826 -89.88272084354062 -58.56002058290819 6.343628430048227 -39.31284179990395 39.10379224551858 31.714576843231015 19.49885057265695 25.00641963331627 -55.03404459461374 -2.8587902488750387 -14.533243860023902 -53.13845455702169 -63.326520312075644 25.717199356545194 -24.24429845698677 84.66513557086915 -27.44929670895408 -28.356376475362666 -57.54965832125292 -29.870669232996676 -73.355663147848 -97.58454159495966 -37.8846606438785 99.92617581208538 -52.32002265936819 -93.25022482699445 -79.53290708678958 -28.671250020578825 10.199529851228633 26.163491258731426 -60.825249787671986 5.250780546385457 -96.80707804276447 -73.04836726024249 -30.815424949595666 -34.70036577782871 -85.9796602507445 28.479261855191595 91.77792022068826 -13.907734170394122 -62.18470956394817 79.32383569363503 19.331233669658005 43.28769448984852 -67.50400088950575 -75.33230750886764 34.46255763663143 -77.5361988183136 27.761764312344567 -69.8341349215551 -27.90368922312645 69.13614125715458 -93.48871507661163 -81.55802412064175 -60.8521014341882 -29.090763067162158 -27.737473839109782 -54.70336716976183 69.2195812960585 -68.52250397478616 4.197053085544411 13.42426385390354 -52.75065191089616 -49.52102361015245 82.40186494887368 57.629789924206165 56.009924263018064 -9.002062754772226 -30.128332889073548 90.33831709554602 93.63536365720336 -30.18313649435686 -93.7816469162416 61.396237965714164 -31.85918507502896 47.43580634517156 21.204849457986086 20.480261230480394 -36.47539779610236 -81.04230415112784 -29.965936366829382 67.94781275455065 -28.33596646867187 -52.78317862765376 -24.318458277503808 62.92933705937 51.601965656849046 78.56565302181377 -96.31018942601438 -63.182227265801785 86.69669643507635 -59.49914997279719 -26.196369809235946 58.0452652571054 65.06316309536615 87.67051180565173 46.98740405688574 40.599174578526856
2.3219556783966766 -99.52116287363204 -65.00091240199852 83.80353449329289 29.241247519319558 -65.05069163364149 7.997931963236837 -77.93493575361417 -33.833792745098606 -46.80626719631533 68.81819364230739 -60.14037941633461 20.773285255526503 67.64759617511794 40.7603268460017 94.04397193507629 -40.603048182355806 66.16837470376458 89.66839692437117 60.34141479078505 11.791262351314643 -71.65312015287182 66.27972245170076 -56.86711408120206 24.962186570160313 -95.27337992694791 -77.58495641882547 -6.689981737858659 56.66000739423211 -18.730057355094402 -94.45469868786063 51.86638480243113 -1.8819711974734616 1.8310498233043546 -95.27849683581154 95.33512502641045 -96.81972673078072 77.69544276323813 41.381035761860886 32.228252244133415 24.14265434471325 52.68889771275039 -21.15691740223582 23.3942329371025 -56.55715420817759 -11.416686258105031 -97.031321012334 -52.573403934432235 16.60778311452009 -30.641579214094634 -61.076700989417596 -87.20223867843102 39.241827089588355 -20.14226587564775 -47.319263023554356 -63.27085695239465 81.19350947372291 18.967729965961738 97.73280890175761 91.26493916852314 11.386811866587095 68.78062406904002 -70.32508907347648 53.99220657489454 -51.07088658350776 65.05126203779926 -43.68987337143617 19.671456541656298 77.44084946035267 34.88918503431711 39.09994226198975 6.154737315368493 -94.49219337709494 24.88316083866016 96.79980563477045 -78.56049226900797 62.39551840646783 -6.558694323986288 84.35950691212656 24.65309265957505 47.01008024371686 43.41475857029681 -15.625320318513175 66.46622347120311 12.026081872487367 63.889169283097544 -9.349690639314929 -70.40275566209672 -21.660690741306325 -84.66399106990576 18.95666415437134 -58.37890473128131 -32.99976400393456 4.418886275974955 52.513732837385845 -64.05208485425058 -29.53010098561542 53.947761696708056 18.50276489999338 99.83784219927679
25.57659800573542 44.50354528814066 -51.09946790564375 -51.80005751018126 46.08123904761641 -92.06111658758438 3.7880056905649724 52.31344309199551 -68.85474939108411 23.21958028656887 75.42874342334471 83.23184745515394 59.62511680016229 -38.270948638556625 -81.0321162726338 -12.693730991982946 -66.27496556407712 -28.40827348426747 61.03880259288209 -42.378097284339276 10.9335113768839 32.613358950105294 -19.533226984921654 -1.6310675100037884 56.24719968384005 -8.133585637074475 -99.30474788600915 -30.85644408781114 -7.265839622350811 39.8952259661765 -23.71656239790829 25.290761706656028 -34.868103850019054 84.06444974270369 -21.20467943178612 -0.28099768581184037 -68.82931585139931 4.344019299695461 4.072445236554344 -87.97436146767956 -51.55950740019091 31.313689401720865 74.06232428995952 50.49358948439854 -63.89009827096817 60.22774350283555 -16.349980909308968 37.35441139673247 -59.8320322794047 15.427560308907061 35.331384155773094 -5.456452467004965 -83.48784722196092 55.05955344590964 -6.6886944171368015 60.073161450604545 21.160766385370295 27.055220354794685 57.420549425332126 54.08632355529781 65.50188533104776 -61.18882299955912 71.20136438012713 5.122877476182055 54.72372162695447 -27.355908850406863 -70.36493694953344 50.08039032005186 46.44754979186746 -57.24194487009031 -14.4279084101004 -65.04332499977338 78.2282581669383 91.35288121869624 60.67545930190161 -94.18788645108367 65.74486272451435 -69.35773368021202 -95.13579182819036 97.7757978813155 5.682551194521864 -5.120007893337757 96.02089594297013 99.7217926043397 69.61523963336711 -68.48575479565008 60.79462795436271 -1.1990523296454825 -18.132791732821715 -16.730220746286847 -68.66246723174197 -43.518001454489784 24.57202927187427 -79.4914491417376 40.140189513446444 -63.52632643488647 89.45874091856894 -18.63251189472301 -75.57534495668574 -99.7426932330572
-90.49015428206255 38.783192400858894 -76.67871124282289 42.69309538762204 -91.99660807762828 -13.848171290687006 71.890111402905 40.41676179151975 -4.4778813957351105 74.24789575259837 -25.420793339358738 97.21315613917488 -41.15894708035779 -77.94610370513008 -32.77785238186412 -20.884163717438824 24.020114297966472 56.643478549191 -97.19273993096542 84.79434222051205 -56.452834298448366 -26.05988443270266 95.59401490855731 97.76050191746268 -90.99180648482243 -67.4918275378977 -45.3608853396501 -6.97692196284585 54.59581923720796 -17.019713548662324 -67.57379515094628 40.907117176025764 0.04496731236365292 -79.55005204380629 61.092128199145634 46.4792228254712 -6.8440803596628825 1.682473584232639 38.63684514055777 42.45339121045029 -16.33635371055749 77.65842592945393 -68.21049182839 -94.4409303431055 28.05318861672211 -57.66393044677302 70.5739279847923 33.3852597404242 -74.93542826665961 30.124401163601277 -79.93061411942719 -88.40801656154761 26.538290327978004 25.33164409911906 -88.56856469304533 44.16565572474133 93.54741407335098 94.9604904092669 -51.80514599980237 41.10333954896893 99.66063469667694 62.4993012801275 -69.35654230052148 64.21405920567221 95.52193216027084 2.0299557839138487 98.27092277481614 65.99274784271938 -97.49065429419875 44.48994415481354 45.11755752098392 -12.377206135146452 -23.10276930340646 -25.982388083372413 10.165106950130706 49.528635564057026 2.9293639118943275 45.11733029315138 -23.640051502806585 -51.98070178944414 29.4253382941221 -48.18110089747329 72.65472816967582 -39.69771729656446 19.150291402467914 -68.06480151412481 54.741294249728014 81.48183520174982 -79.78549055891156 -87.47918359067314 -46.118247798420064 -11.539406710027507 15.65385613723609 -7.3894740173308975 60.10527905648894 65.28772185612806 22.422093019608653 -90.35689411358626 -3.726310788563964 44.73948549703658
21.86633222773422 -86.70353327057856 -76.03728095383147 -59.29984953988308 -90.3640419029653 -15.39025804015175 -4.105492834773614 10.725100275309416 81.00117893145566 37.63566047411396 43.83785760679092 -12.728450059975827 89.09599835627918 49.28530065908885 -24.558703894201187 68.16384405226282 -4.408422091252959 81.07583879877146 6.173830337776991 19.81277727697355 -69.67217363566164 52.220432092248416 63.77538186203827 24.710334863582403 -64.12093630293494 -58.804342768469176 10.495072488756762 55.97149216505579 -51.36752416796055 -22.770888953269306 52.520423506343974 84.60598811435113 18.101199442192396 2.033585081320126 99.75756780335794 -85.57559153989725 -89.48028842511839 -14.74484467971709 60.84521651977363 -10.142122166406352 -51.11707615823657 -96.85490943862818 43.81608807449075 56.60403415191243 -97.32141617980581 75.78858016457545 -27.217894935251735 -91.51015729426557 32.950805514606316 -30.54197392421223 -46.71689725459134 82.40219390758423 79.39596130038075 -47.05415837447049 -98.89886231257063 -70.93039432486871 -56.54450968045253 -44.8914820623489 11.39870117625017 15.547258176220907 -34.245461970316754 -48.43797145572913 -80.59642907316817 -3.435466936791755 54.43938164600951 3.8472130739784802 4.3555146748766305 -43.83274785976632 32.84268478222501 -64.4423843569833 -85.6220845879404 60.34325745722586 66.34631497105693 70.4690370719361 33.05213661952564 62.71197681322971 3.1681574170269187 95.86600413494997 -25.79041231235135 -56.44380173175685 -62.70481672938648 97.44090368163626 4.534609752508771 -46.84437753867652 -61.908499442561826 -75.79296782236887 80.03809303885703 -42.68065499829883 -58.595094009922576 3.8171408640953217 71.06295039398532 71.18542259351275 -62.89363522141438 -45.03584824696303 -41.42317790175716 65.52118274395332 30.715724473364446 39.95173270591533 -5.732694601536295 95.44629715549894
42.629186958063684 -99.45111647332882 56.20903184216323 -97.96763588150021 -76.07696976315799 -46.52963883945589 71.18666844218995 53.14444522728249 -23.3429172618782 -56.87722979993395 78.44027229129338 19.2906885372297 77.12512149132152 88.67376819298158 64.82767886406003 49.45436789805893 63.232852536189284 -76.32880095119346 -54.49717384957107 -99.28929481141273 99.75693684034508 31.990123226268537 -90.26609500373675 68.9496102442445 -49.33510134265187 -64.31360413752776 -84.7710329435987 -37.81226096557144 -61.414225809426945 -1.0372904200253004 -37.67504717155794 -20.534939552355212 -67.51146628808038 -15.589290317416854 -82.25969337586542 44.06436091750322 49.138527807841086 4.758388810014054 -21.402237155937115 -78.25201774095703 -25.45311800215076 24.621124439896903 16.968324591472822 -93.23657836707109 -92.44459810345798 -72.56804563789736 80.89124470771446 -18.007339416068916 55.835591171064436 -70.21742813531338 8.322958199938 5.928039712228681 -19.00142440938555 3.099856614315442 -12.179282970190869 -16.69713628094 81.48588089674155 0.33900186855019854 81.67670385620747 52.52995504803576 43.65374773915826 92.80249612056096 78.01947093448047 0.7401672566562638 23.238837703550573 -66.04960121004115 -0.9947248306928032 77.15314186829275 -33.43184516836433 88.55656256472449 -69.67541768835225 -96.89940422838154 -96.91290461191223 4.325247442567431 -58.52530742022108 63.71773540646012 41.56644888419291 -19.943686068862874 -97.5920171150576 -59.523038770955104 -91.50215610940754 5.057728606612088 -77.80651589142533 -51.48707793283221 -39.94103881189035 -84.99110402226455 -98.67227800382521 -21.91404757826166 -32.30480682174752 -83.37419591835065 -56.12284934385843 -69.93386765635812 43.14953696744615 -66.82310665901059 -9.631425997182745 32.10838905239862 -19.944612603210345 -15.715513703290227 -51.33035928017669 -36.10410848915346
99.38341988088109 45.002796080025234 -7.635055266419172 65.1555333667607 -50.8391288897555 -7.008874584378134 -55.0702989372311 26.66985261434985 84.35176991894468 -18.13537001794792 -1.6584742435129272 -77.72080063551917 -18.67533216549498 44.63373654593167 70.16180624423839 84.82777817247143 2.9613893699446834 -83.62778192805183 93.97744994797193 57.67497097824213 -7.317892873967452 -10.882935224644385 -58.279934832451794 -20.278153763880113 33.37265427958772 28.75626702643106 -37.46224023870739 -37.93182392166739 63.117603779441964 60.025888188855276 16.530893389366923 -83.9688681189594 -15.077209656256471 -52.04549707163968 -30.455474819255187 71.32804582473275 -10.285297692306557 -36.15503245689593 -12.046057119923319 -10.690685414376517 -53.79106760981305 -48.35429314148614 92.84641710980623 -64.13826414229916 -62.912988690636865 56.04087206355919 -72.35210479725396 40.4178100153801 72.6294298440609 99.51419959246994 -78.08191040685671 66.5620747524122 -18.6402243228073 -31.65311476019896 -17.246755263582685 32.916149716286355 93.35006295802808 64.6160753170526 45.9766183871302 2.5823103885584544 14.699001915798007 -65.73108423051079 -28.039355761604696 77.80262021024055 -36.964928793300246 35.5120339195131 -97.2732053571985 1.2702983155554364 47.21233875235649 -56.030761579942755 -20.601763164087487 -44.95361438897412 -25.109962353298457 -75.6224038254441 -1.6402609900522833 69.55311062317688 -68.24979550859598 -30.632213846044593 67.62655023253808 66.48725927869921 81.337331425406 47.72956218667511 -34.65301032597449 18.149351702361955 15.016076289136194 -8.64525081190888 16.64339989310244 -94.24405675384897 -44.53540462931258 -55.825194239294795 73.62183550626608 59.92934518032132 43.75292942464807 -7.8194407066397105 32.56531452369106 35.051474434112066 85.09777312647651 61.68236428653239 60.909320527609964 -45.20750128666337
51.2419939320973 55.467522851631884 49.77748544741311 -57.86294070229718 5.6886280500882975 -80.99284990830147 51.67860919824315 -74.66701394798045 -39.133146410697364 24.538276101153784 70.37541839280703 57.896613166406524 -7.265636710986371 -94.48069756785287 6.743209527497669 69.19882130194435 -2.2265162359577317 70.9856131429955 -87.09336765236577 64.77292111357497 33.95818746625537 -38.5555976491061 50.013893596095414 1.9228544216674663 -6.798084000247755 -63.501072000783296 65.52795985961728 84.05855836442382 6.593184451035782 -62.42827597537575 -63.663696728423226 8.784870308587784 41.09264918018749 -11.304964727857737 63.863545413998764 -96.12239703454057 -73.94252790322136 -71.88130904775458 37.01696790404475 12.012522500262435 -3.320498472274892 -66.2194750415351 2.327305977719732 40.97832867355012 15.57189419194674 -86.67562684902663 61.1487793346075 93.30278978151938 -31.093452493005074 69.49636094458924 48.418456152450744 -45.837170773534 8.453765547559271 38.74614185185382 -34.75719366048506 -25.83372808837187 84.21332560835398 -84.71223421834495 -86.09285193253575 -9.853297512980447 -89.66983366847914 -68.6613546644759 85.05376580366587 -34.190810607446906 -75.73468901739697 -0.6922165138039276 -22.82531257464784 -22.151746945941085 -43.08772484445864 -55.35300439461916 -50.42627384278118 -68.40968859689438 43.42352617540888 -44.272442980833326 87.4567156785078 1.0074580184168553 -36.69109774502952 -82.53357723340051 81.80620621941597 83.63176757688336 -28.87346504582912 -93.95878949566769 -87.99256978362828 36.27264662099407 -45.76114235529205 -21.94866946966458 92.37978712747145 -89.73427614759947 -30.70277799317607 -50.65636386713446 52.8075149583664 87.56266167447896 -81.54971980650036 -92.44426700345083 -54.24339861103151 -30.34468649670437 56.94767224290098 -92.31469380340442 -81.05160117410608 10.581272575731404
-12.331226781248432 -10.712342758271376 -62.9199069386704 -78.56277406458653 6.003350962550513 84.23175890491822 39.77494926982112 48.68102452386776 68.42965516793993 71.24686799465616 6.881967488340109 -57.967931318976106 90.10760800006287 78.50037874301634 26.01939749085693 63.291233175579094 -91.80358096499242 68.77973557636943 93.29206516025178 -30.235531899968237 46.368228434798624 -8.2539443742277 -92.65593189836794 96.55621857058435 35.612039149415324 -10.740890537791174 5.236319217354122 -25.581464088227307 -86.51236677012348 91.38115819750786 59.754644478696804 6.433388938051195 -28.736281964131365 68.47294830743681 13.047561122023765 4.995934554559227 18.792156063049575 -71.87573343054206 -75.42938771657357 94.8632142316593 -70.155634164879 85.9620376570791 -66.11842344699974 42.11230548267076 -61.794508017911376 26.569692640898197 -8.146926170638366 34.03435142840155 89.08381105813169 -26.00797834514374 89.39000829761935 31.283109866097504 32.75732742776427 3.409847765342363 -96.50138098881938 6.512882179755223 47.46881317084842 -28.973160507796123 10.744509453587241 -60.166192242982916 -37.64681296968489 4.665245704361865 -98.57156847150175 25.39210606081106 99.77868603755334 -40.50257665062378 -57.07222157271208 -36.69301638799063 60.28790255456818 -80.86388842609952 -86.22930628550844 84.70947510597435 49.647238756899156 -8.5076275058303 -9.247697549974191 53.647227936461576 -17.47129687041054 -91.60527863166632 99.41601406642505 81.67254338123357 -19.23310212367568 84.47425760621181 -86.26073399195393 96.49767171273075 -59.15255749633565 34.161493252052054 71.65685826383253 63.23380879324108 -68.68462196023836 1.9120168753164535 82.65035536013428 75.87751552316905 27.497698806614437 -65.27709777481445 -2.2274948420224234 79.88645960024073 -64.39088333567587 39.76220284369069 -33.118771172607396 -31.714014786068063
-51.25840330117284 2.0302259334978885 -90.07238267599868 32.927093556229295 78.51894752381256 88.73227427578584 -85.3256219093355 -66.63955409114162 60.77194077176412 26.298655029004564 28.32999658342709 0.6896175863176524 33.442860222956796 -28.4981442145494 -35.663549450013306 18.62009768575676 80.23465884728614 27.407471980345477 -88.65164298981385 77.68190845331117 -14.770651810309403 -65.20020282710952 -5.47477605865943 -47.406976766716525 8.445908437289944 -76.28546641501264 39.334031837799216 -68.5166315261619 31.1012970183381 -38.61514465025277 -11.170591909821653 -64.91062577891422 -90.84719948277753 68.68300458877656 -29.568794354855243 68.02201694935863 -82.32966857204931 -64.1726529124504 -66.09874643107301 -95.62139416769271 -54.47465381761651 54.755968501858945 -33.620640272628634 23.798210136577012 -87.00540358702705 4.866972739249491 10.071115315115932 -74.89478742357629 -94.90810956902791 -83.10050369661397 24.801377889853242 -84.14274704044557 -80.46858849856831 -80.34360866180367 -73.66885360733617 73.03471616655247 -80.13067787637746 -47.19597819256482 -24.02784619417082 28.238350398728755 44.20130573851975 -56.79363564268583 32.02938938252203 87.60923253224291 -82.01013985857226 35.422582436533276 -17.824941212160155 -30.528616761187052 25.928155257000057 -94.15129221477534 -52.848474804922006 -67.14811324292938 81.86606317571193 73.73632668200949 -85.9083932903639 21.683220383811076 56.872339668075114 -94.32801336034899 97.32719871915037 -13.639365644793273 24.88546419977409 -8.805819952840906 50.622050350158815 -6.338920052021962 78.08654157811372 -76.17093637999318 4.040129378812225 48.287905000626125 18.8230505794927 -29.17459057999565 -55.36840847091018 -78.4969605417869 25.77213747118398 -46.22688342785744 -67.36135726730592 -88.93906522966228 -61.076578180355966 -87.27136817910585 6.344855896056515 -16.86844156168361
