Iteration, BestFitness
0, 5.95122e+17
1, 4.47193e+17
2, 4.77863e+16
3, 3.28763e+16
4, 2.09412e+16
5, 2.09155e+16
6, 6.42117e+15
7, 6.42117e+15
8, 6.42117e+15
9, 6.42117e+15
10, 6.42117e+15
11, 6.42117e+15
12, 6.42117e+15
13, 6.42117e+15
14, 6.42117e+15
15, 6.42117e+15
16, 6.42117e+15
17, 6.42117e+15
18, 5.37313e+15
19, 5.37313e+15
20, 2.4744e+15
21, 2.4744e+15
22, 2.4744e+15
23, 2.15242e+15
24, 2.15242e+15
25, 1.03986e+15
26, 6.20791e+14
27, 3.9419e+14
28, 3.9419e+14
29, 3.9419e+14
30, 3.9419e+14
31, 3.9419e+14
32, 3.9419e+14
33, 3.9419e+14
34, 3.9419e+14
35, 3.9419e+14
36, 3.9419e+14
37, 3.9419e+14
38, 3.9419e+14
39, 3.9419e+14
40, 3.9419e+14
41, 3.9419e+14
42, 3.9419e+14
43, 3.9419e+14
44, 3.9419e+14
45, 3.9419e+14
46, 3.9419e+14
47, 3.9419e+14
48, 2.63831e+14
49, 1.3982e+14
50, 1.3982e+14
51, 1.3982e+14
52, 1.38487e+14
53, 1.38487e+14
54, 3.81469e+13
55, 3.81469e+13
56, 3.81469e+13
57, 3.81469e+13
58, 3.81469e+13
59, 3.81469e+13
60, 3.81469e+13
61, 3.81469e+13
62, 3.81469e+13
63, 3.81469e+13
64, 3.81469e+13
65, 3.81469e+13
66, 3.81469e+13
67, 3.81469e+13
68, 2.20407e+13
69, 2.20407e+13
70, 2.20407e+13
71, 1.62191e+13
72, 1.62191e+13
73, 1.62191e+13
74, 1.62191e+13
75, 1.62191e+13
76, 1.62191e+13
77, 1.62191e+13
78, 1.62191e+13
79, 1.62191e+13
80, 1.62191e+13
81, 1.62191e+13
82, 1.62191e+13
83, 1.62191e+13
84, 1.62191e+13
85, 1.62191e+13
86, 1.62191e+13
87, 1.62191e+13
88, 1.62191e+13
89, 1.62191e+13
90, 1.62191e+13
91, 1.62191e+13
92, 1.41291e+13
93, 1.41291e+13
94, 1.41291e+13
95, 1.41291e+13
96, 1.41291e+13
97, 1.41291e+13
98, 1.41291e+13
99, 1.41291e+13
100, 1.39685e+13
101, 1.39685e+13
102, 1.39685e+13
103, 1.39685e+13
104, 1.39685e+13
105, 1.39685e+13
106, 1.39685e+13
107, 1.39685e+13
108, 1.39685e+13
109, 1.39685e+13
110, 1.39685e+13
111, 1.39685e+13
112, 1.39685e+13
113, 1.39685e+13
114, 1.39685e+13
115, 1.39685e+13
116, 1.39685e+13
117, 1.39685e+13
118, 1.39685e+13
119, 1.39685e+13
120, 1.39685e+13
121, 1.39685e+13
122, 1.39685e+13
123, 1.00117e+13
124, 1.00117e+13
125, 1.00117e+13
126, 1.00117e+13
127, 1.00117e+13
128, 1.00117e+13
129, 1.00117e+13
130, 1.00117e+13
131, 1.00117e+13
132, 1.00117e+13
133, 1.00117e+13
134, 1.00117e+13
135, 5.86924e+12
136, 5.86924e+12
137, 5.86924e+12
138, 5.86924e+12
139, 5.86924e+12
140, 5.86924e+12
141, 5.86924e+12
142, 5.86924e+12
143, 5.08248e+12
144, 5.08248e+12
145, 5.08248e+12
146, 5.08248e+12
147, 2.46114e+12
148, 2.46114e+12
149, 2.3385e+12
150, 2.23245e+12
151, 1.68276e+12
152, 1.68276e+12
153, 1.68276e+12
154, 1.68276e+12
155, 1.68276e+12
156, 1.68276e+12
157, 1.68276e+12
158, 1.68276e+12
159, 1.68276e+12
160, 1.2686e+12
161, 1.2333e+12
162, 1.2333e+12
163, 1.2333e+12
164, 1.2333e+12
165, 1.2333e+12
166, 1.2333e+12
167, 1.2333e+12
168, 1.2333e+12
169, 1.2333e+12
170, 1.2333e+12
171, 1.2333e+12
172, 1.2333e+12
173, 1.2333e+12
174, 1.2333e+12
175, 1.2333e+12
176, 1.2333e+12
177, 1.2333e+12
178, 1.2333e+12
179, 1.2333e+12
180, 1.2333e+12
181, 1.2333e+12
182, 1.2333e+12
183, 1.2333e+12
184, 1.2333e+12
185, 1.2333e+12
186, 1.2333e+12
187, 1.2333e+12
188, 1.2333e+12
189, 1.2333e+12
190, 1.2333e+12
191, 1.2333e+12
192, 1.2333e+12
193, 1.2333e+12
194, 1.2333e+12
195, 1.2333e+12
196, 1.2333e+12
197, 1.2333e+12
198, 1.2333e+12
199, 8.37667e+11
200, 7.9534e+11
201, 7.9534e+11
202, 7.9534e+11
203, 7.9534e+11
204, 7.9534e+11
205, 7.9534e+11
206, 7.9534e+11
207, 7.9534e+11
208, 7.9534e+11
209, 7.9534e+11
210, 7.9534e+11
211, 7.9534e+11
212, 7.9534e+11
213, 7.9534e+11
214, 7.9534e+11
215, 7.9534e+11
216, 7.9534e+11
217, 7.9534e+11
218, 7.9534e+11
219, 7.9534e+11
220, 7.9534e+11
221, 7.9534e+11
222, 7.9534e+11
223, 7.9534e+11
224, 7.9534e+11
225, 7.9534e+11
226, 7.9534e+11
227, 7.9534e+11
228, 7.9534e+11
229, 7.26254e+11
230, 7.26254e+11
231, 7.26254e+11
232, 7.26254e+11
233, 7.26254e+11
234, 7.26254e+11
235, 7.26254e+11
236, 7.26254e+11
237, 7.26254e+11
238, 7.26254e+11
239, 7.26254e+11
240, 7.26254e+11
241, 4.94499e+11
242, 3.70492e+11
243, 3.53383e+11
244, 3.53383e+11
245, 3.53383e+11
246, 3.53383e+11
247, 3.53383e+11
248, 3.53383e+11
249, 3.53383e+11
250, 3.53383e+11
251, 3.53383e+11
252, 3.53383e+11
253, 3.53383e+11
254, 3.53383e+11
255, 3.53383e+11
256, 3.53383e+11
257, 3.53383e+11
258, 3.53383e+11
259, 3.53383e+11
260, 3.53383e+11
261, 3.53383e+11
262, 3.53383e+11
263, 3.53383e+11
264, 3.53383e+11
265, 3.53383e+11
266, 3.53383e+11
267, 3.53383e+11
268, 3.53383e+11
269, 3.53383e+11
270, 3.53383e+11
271, 3.53383e+11
272, 3.53383e+11
273, 3.53383e+11
274, 3.53383e+11
275, 3.53383e+11
276, 3.53383e+11
277, 3.53383e+11
278, 3.53383e+11
279, 3.53383e+11
280, 3.53383e+11
281, 3.53383e+11
282, 3.53383e+11
283, 3.53383e+11
284, 3.53383e+11
285, 3.53383e+11
286, 3.53383e+11
287, 3.53383e+11
288, 3.53383e+11
289, 3.53383e+11
290, 3.53383e+11
291, 3.53383e+11
292, 3.53383e+11
293, 3.53383e+11
294, 3.53383e+11
295, 3.53383e+11
296, 3.53383e+11
297, 3.53383e+11
298, 3.53383e+11
299, 3.53383e+11
300, 3.53383e+11
301, 3.53383e+11
302, 3.53383e+11
303, 3.53383e+11
304, 3.53383e+11
305, 2.2234e+11
306, 2.2234e+11
307, 2.2234e+11
308, 2.2234e+11
309, 2.2234e+11
310, 2.2234e+11
311, 2.2234e+11
312, 2.2234e+11
313, 2.2234e+11
314, 2.2234e+11
315, 2.2234e+11
316, 2.2234e+11
317, 2.2234e+11
318, 2.2234e+11
319, 2.2234e+11
320, 2.2234e+11
321, 2.2234e+11
322, 2.2234e+11
323, 2.2234e+11
324, 2.2234e+11
325, 2.2234e+11
326, 2.2234e+11
327, 2.2234e+11
328, 2.2234e+11
329, 2.2234e+11
330, 2.2234e+11
331, 2.2234e+11
