Iteration, BestFitness
0, 1.11374e+13
1, 9.44816e+12
2, 9.12448e+12
3, 9.12448e+12
4, 9.12448e+12
5, 9.12448e+12
6, 8.87485e+12
7, 8.87485e+12
8, 8.5e+12
9, 8.40983e+12
10, 7.93811e+12
11, 7.10329e+12
12, 7.0803e+12
13, 7.0803e+12
14, 7.05844e+12
15, 6.86225e+12
16, 6.66635e+12
17, 6.6544e+12
18, 6.36816e+12
19, 6.36816e+12
20, 6.36816e+12
21, 6.21547e+12
22, 6.21547e+12
23, 6.21547e+12
24, 5.91744e+12
25, 5.91744e+12
26, 5.91744e+12
27, 5.61516e+12
28, 5.471e+12
29, 5.471e+12
30, 5.471e+12
31, 4.93748e+12
32, 4.93748e+12
33, 4.93748e+12
34, 4.93748e+12
35, 4.93748e+12
36, 4.93748e+12
37, 4.63066e+12
38, 4.20868e+12
39, 4.06378e+12
40, 4.06378e+12
41, 4.06378e+12
42, 4.06378e+12
43, 4.06378e+12
44, 4.03382e+12
45, 3.88261e+12
46, 3.88261e+12
47, 3.74925e+12
48, 3.74925e+12
49, 3.74925e+12
50, 3.74925e+12
51, 3.74925e+12
52, 3.74925e+12
53, 3.74925e+12
54, 3.60399e+12
55, 3.60399e+12
56, 3.60399e+12
57, 3.3355e+12
58, 3.3355e+12
59, 3.31253e+12
60, 3.31253e+12
61, 3.31253e+12
62, 3.07419e+12
63, 3.07419e+12
64, 2.9557e+12
65, 2.71824e+12
66, 2.71824e+12
67, 2.71824e+12
68, 2.71824e+12
69, 2.71824e+12
70, 2.71824e+12
71, 2.71824e+12
72, 2.71824e+12
73, 2.71824e+12
74, 2.71824e+12
75, 2.71824e+12
76, 2.71824e+12
77, 2.60548e+12
78, 2.60548e+12
79, 2.37473e+12
80, 2.29253e+12
81, 2.29253e+12
82, 2.29253e+12
83, 2.29253e+12
84, 2.29253e+12
85, 2.16872e+12
86, 2.16872e+12
87, 2.16872e+12
88, 2.08399e+12
89, 2.08399e+12
90, 2.08399e+12
91, 2.08399e+12
92, 2.08399e+12
93, 2.08399e+12
94, 2.07824e+12
95, 2.07824e+12
96, 2.07824e+12
97, 2.07824e+12
98, 1.97682e+12
99, 1.97682e+12
100, 1.97682e+12
101, 1.97682e+12
102, 1.95429e+12
103, 1.93957e+12
104, 1.93957e+12
105, 1.93957e+12
106, 1.8771e+12
107, 1.80148e+12
108, 1.74261e+12
109, 1.74261e+12
110, 1.74261e+12
111, 1.74261e+12
112, 1.74261e+12
113, 1.74261e+12
114, 1.74261e+12
115, 1.74261e+12
116, 1.63456e+12
117, 1.63456e+12
118, 1.63456e+12
119, 1.63456e+12
120, 1.63456e+12
121, 1.63456e+12
122, 1.63456e+12
123, 1.63456e+12
124, 1.59224e+12
125, 1.59224e+12
126, 1.59224e+12
127, 1.59224e+12
128, 1.59224e+12
129, 1.59224e+12
130, 1.57001e+12
131, 1.57001e+12
132, 1.57001e+12
133, 1.57001e+12
134, 1.57001e+12
135, 1.57001e+12
136, 1.57001e+12
137, 1.56927e+12
138, 1.56927e+12
139, 1.56927e+12
140, 1.56927e+12
141, 1.56927e+12
142, 1.56927e+12
143, 1.46448e+12
144, 1.43142e+12
145, 1.43142e+12
146, 1.41038e+12
147, 1.33567e+12
148, 1.2684e+12
149, 1.2016e+12
150, 1.2016e+12
151, 1.2016e+12
152, 1.2016e+12
153, 1.2016e+12
154, 1.2016e+12
155, 1.2016e+12
156, 1.2016e+12
157, 1.2016e+12
158, 1.2016e+12
159, 1.2016e+12
160, 1.2016e+12
161, 1.2016e+12
162, 1.2016e+12
163, 1.2016e+12
164, 1.2016e+12
165, 1.2016e+12
166, 1.2016e+12
167, 1.2016e+12
168, 1.2016e+12
169, 1.13834e+12
170, 1.12712e+12
171, 1.12712e+12
172, 1.12712e+12
173, 1.12712e+12
174, 1.12712e+12
175, 1.12712e+12
176, 1.12712e+12
177, 1.12712e+12
178, 1.12712e+12
179, 1.12712e+12
180, 1.12712e+12
181, 1.12712e+12
182, 1.12712e+12
183, 1.12712e+12
184, 1.03033e+12
185, 1.02112e+12
186, 1.02112e+12
187, 1.02112e+12
188, 1.02112e+12
189, 1.02112e+12
190, 1.02112e+12
191, 1.02112e+12
192, 1.02112e+12
193, 1.02112e+12
194, 1.02112e+12
195, 1.02112e+12
196, 1.02112e+12
197, 1.02112e+12
198, 1.02112e+12
199, 9.43309e+11
200, 9.40889e+11
201, 9.40889e+11
202, 9.40889e+11
203, 9.40889e+11
204, 9.40889e+11
205, 9.40889e+11
206, 9.40889e+11
207, 9.40889e+11
208, 9.40889e+11
209, 9.40889e+11
210, 9.40889e+11
211, 9.39138e+11
212, 9.39138e+11
213, 9.39138e+11
214, 9.39138e+11
215, 9.39138e+11
216, 9.2277e+11
217, 9.07648e+11
218, 9.00493e+11
219, 9.00493e+11
220, 9.00493e+11
221, 9.00493e+11
222, 9.00493e+11
223, 9.00493e+11
224, 9.00493e+11
225, 9.00493e+11
226, 9.00493e+11
227, 9.00493e+11
228, 9.00493e+11
229, 9.00493e+11
230, 9.00493e+11
231, 9.00493e+11
232, 9.00493e+11
233, 9.00493e+11
234, 9.00493e+11
235, 9.00493e+11
236, 9.00493e+11
237, 9.00493e+11
238, 9.00493e+11
239, 9.00493e+11
240, 9.00493e+11
241, 8.96879e+11
242, 8.96879e+11
243, 8.96879e+11
244, 8.96879e+11
245, 8.96879e+11
246, 8.96879e+11
247, 8.96879e+11
248, 8.96879e+11
249, 8.96879e+11
250, 8.96879e+11
251, 8.96879e+11
252, 8.96879e+11
253, 8.92121e+11
254, 8.92121e+11
255, 8.92121e+11
256, 8.63814e+11
257, 8.63814e+11
258, 8.13927e+11
259, 7.62866e+11
260, 7.42011e+11
261, 6.92089e+11
262, 6.92089e+11
263, 6.92089e+11
264, 6.92089e+11
265, 6.92089e+11
266, 6.92089e+11
267, 6.92089e+11
268, 6.92089e+11
269, 6.92089e+11
270, 6.92089e+11
271, 6.92089e+11
272, 6.92089e+11
273, 6.92089e+11
274, 6.92089e+11
275, 6.92089e+11
276, 6.92089e+11
277, 6.92089e+11
278, 6.92089e+11
279, 6.92089e+11
280, 6.92089e+11
281, 6.92089e+11
282, 6.92089e+11
283, 6.92089e+11
284, 6.92089e+11
285, 6.92089e+11
286, 6.92089e+11
287, 6.92089e+11
288, 6.92089e+11
289, 6.92089e+11
290, 6.8464e+11
291, 6.8464e+11
292, 6.8464e+11
293, 6.8464e+11
294, 6.8464e+11
295, 6.8464e+11
296, 6.8464e+11
297, 6.8464e+11
298, 6.8464e+11
299, 6.8464e+11
300, 6.8464e+11
301, 6.8464e+11
302, 6.8464e+11
303, 6.8464e+11
304, 6.8464e+11
305, 6.8464e+11
306, 6.8464e+11
307, 6.8464e+11
308, 6.8464e+11
309, 6.8464e+11
310, 6.8464e+11
311, 6.8464e+11
312, 6.8464e+11
313, 6.8464e+11
314, 6.8464e+11
315, 6.8464e+11
316, 6.8464e+11
317, 6.8464e+11
318, 6.8464e+11
319, 5.7955e+11
320, 5.7955e+11
321, 5.7955e+11
322, 5.7955e+11
323, 5.7955e+11
324, 5.7955e+11
325, 5.7955e+11
326, 5.77736e+11
327, 5.77736e+11
328, 5.77736e+11
329, 5.77736e+11
330, 5.77736e+11
331, 5.77736e+11
