Iteration, BestFitness
0, 7.95917e+12
1, 7.74879e+12
2, 7.63896e+12
3, 6.88636e+12
4, 6.26159e+12
5, 5.27084e+12
6, 5.27084e+12
7, 5.1303e+12
8, 5.03913e+12
9, 4.77219e+12
10, 4.53742e+12
11, 4.41841e+12
12, 4.3102e+12
13, 4.11606e+12
14, 3.20304e+12
15, 3.20304e+12
16, 3.20304e+12
17, 3.20304e+12
18, 2.78035e+12
19, 2.72905e+12
20, 2.68237e+12
21, 2.40576e+12
22, 2.32054e+12
23, 2.25038e+12
24, 2.07448e+12
25, 1.87054e+12
26, 1.74675e+12
27, 1.74675e+12
28, 1.74675e+12
29, 1.74675e+12
30, 1.7397e+12
31, 1.7397e+12
32, 1.7397e+12
33, 1.71852e+12
34, 1.60914e+12
35, 1.35812e+12
36, 1.35812e+12
37, 1.35812e+12
38, 1.35812e+12
39, 1.35469e+12
40, 1.35469e+12
41, 1.24546e+12
42, 1.24546e+12
43, 1.23614e+12
44, 1.13535e+12
45, 1.10056e+12
46, 9.64912e+11
47, 9.64912e+11
48, 9.64912e+11
49, 9.64912e+11
50, 8.76704e+11
51, 8.76704e+11
52, 8.76704e+11
53, 8.31903e+11
54, 8.31903e+11
55, 8.31903e+11
56, 8.31903e+11
57, 8.14752e+11
58, 7.27031e+11
59, 7.27031e+11
60, 7.25534e+11
61, 7.15176e+11
62, 6.73267e+11
63, 6.73267e+11
64, 6.71346e+11
65, 6.71346e+11
66, 6.71346e+11
67, 6.71346e+11
68, 6.21544e+11
69, 6.07364e+11
70, 6.0428e+11
71, 5.68036e+11
72, 5.68036e+11
73, 5.68036e+11
74, 5.68036e+11
75, 5.68036e+11
76, 5.68036e+11
77, 5.68036e+11
78, 5.63902e+11
79, 5.0973e+11
80, 5.0973e+11
81, 5.0973e+11
82, 5.0973e+11
83, 5.0973e+11
84, 5.0973e+11
85, 5.0973e+11
86, 5.0973e+11
87, 5.0973e+11
88, 5.0973e+11
89, 5.0973e+11
90, 5.0973e+11
91, 5.0973e+11
92, 5.0973e+11
93, 4.51005e+11
94, 4.51005e+11
95, 4.51005e+11
96, 4.51005e+11
97, 4.43573e+11
98, 4.42693e+11
99, 4.42693e+11
100, 4.42693e+11
101, 4.42693e+11
102, 4.42693e+11
103, 4.42693e+11
104, 4.36224e+11
105, 4.36224e+11
106, 4.36224e+11
107, 4.29774e+11
108, 3.87176e+11
109, 3.60739e+11
110, 3.60739e+11
111, 3.60739e+11
112, 3.60739e+11
113, 3.60739e+11
114, 3.42049e+11
115, 3.42049e+11
116, 3.42049e+11
117, 3.42049e+11
118, 3.42049e+11
119, 3.38486e+11
120, 3.38486e+11
121, 3.38486e+11
122, 3.38486e+11
123, 3.38486e+11
124, 3.38486e+11
125, 3.36671e+11
126, 3.28235e+11
127, 3.0466e+11
128, 3.0466e+11
129, 3.0466e+11
130, 3.0466e+11
131, 3.0466e+11
132, 3.0466e+11
133, 3.0466e+11
134, 3.0466e+11
135, 3.0466e+11
136, 3.0466e+11
137, 3.0466e+11
138, 3.0466e+11
139, 3.0466e+11
140, 3.0466e+11
141, 3.0466e+11
142, 2.97882e+11
143, 2.97882e+11
144, 2.95657e+11
145, 2.92568e+11
146, 2.92568e+11
147, 2.92568e+11
148, 2.92568e+11
149, 2.92568e+11
150, 2.92568e+11
151, 2.92568e+11
152, 2.92568e+11
153, 2.92568e+11
154, 2.92568e+11
155, 2.92568e+11
156, 2.92568e+11
157, 2.92568e+11
158, 2.92568e+11
159, 2.92568e+11
160, 2.92568e+11
161, 2.86526e+11
162, 2.86526e+11
163, 2.86526e+11
164, 2.82552e+11
165, 2.82552e+11
166, 2.82552e+11
167, 2.82552e+11
168, 2.82552e+11
169, 2.82552e+11
170, 2.82552e+11
171, 2.79249e+11
172, 2.79249e+11
173, 2.79249e+11
174, 2.73648e+11
175, 2.73648e+11
176, 2.73648e+11
177, 2.73648e+11
178, 2.73648e+11
179, 2.72673e+11
180, 2.63931e+11
181, 2.63931e+11
182, 2.63931e+11
183, 2.63931e+11
184, 2.63931e+11
185, 2.63931e+11
186, 2.58798e+11
187, 2.58798e+11
188, 2.58798e+11
189, 2.58798e+11
190, 2.58798e+11
191, 2.58798e+11
192, 2.58798e+11
193, 2.58798e+11
194, 2.58798e+11
195, 2.58798e+11
196, 2.58798e+11
197, 2.58798e+11
198, 2.58798e+11
199, 2.58798e+11
200, 2.58798e+11
201, 2.58798e+11
202, 2.4535e+11
203, 2.4535e+11
204, 2.4535e+11
205, 2.4535e+11
206, 2.4535e+11
207, 2.4535e+11
208, 2.4535e+11
209, 2.4535e+11
210, 2.4535e+11
211, 2.4535e+11
212, 2.4535e+11
213, 2.4535e+11
214, 2.4535e+11
215, 2.4535e+11
216, 2.4535e+11
217, 2.4535e+11
218, 2.4535e+11
219, 2.44689e+11
220, 2.44689e+11
221, 2.44689e+11
222, 2.44689e+11
223, 2.44689e+11
224, 2.44689e+11
225, 2.44689e+11
226, 2.44689e+11
227, 2.44689e+11
228, 2.44689e+11
229, 2.44689e+11
230, 2.44689e+11
231, 2.44689e+11
232, 2.44689e+11
233, 2.44689e+11
234, 2.44689e+11
235, 2.3969e+11
236, 2.3969e+11
237, 2.3969e+11
238, 2.3969e+11
239, 2.3969e+11
240, 2.3969e+11
241, 2.3969e+11
242, 2.3969e+11
243, 2.3969e+11
244, 2.3969e+11
245, 2.3969e+11
246, 2.3969e+11
247, 2.3969e+11
248, 2.3969e+11
249, 2.3969e+11
250, 2.3969e+11
251, 2.33023e+11
252, 2.33023e+11
253, 2.33023e+11
254, 2.33023e+11
255, 2.33023e+11
256, 2.33023e+11
257, 2.33023e+11
258, 2.33023e+11
259, 2.33023e+11
260, 2.33023e+11
261, 2.33023e+11
262, 2.33023e+11
263, 2.33023e+11
264, 2.33023e+11
265, 2.23013e+11
266, 2.20319e+11
267, 2.20319e+11
268, 2.20319e+11
269, 2.20319e+11
270, 2.20319e+11
271, 2.20319e+11
272, 2.20319e+11
273, 2.20319e+11
274, 2.20319e+11
275, 2.20319e+11
276, 2.20319e+11
277, 2.20319e+11
278, 2.20319e+11
279, 2.20319e+11
280, 2.20319e+11
281, 2.20319e+11
282, 2.20319e+11
283, 2.20319e+11
284, 2.20319e+11
285, 2.20319e+11
286, 2.20319e+11
287, 2.20319e+11
288, 2.20319e+11
289, 2.20319e+11
290, 2.20319e+11
291, 2.20319e+11
292, 2.20319e+11
293, 2.20319e+11
294, 2.20319e+11
295, 2.20319e+11
296, 2.20319e+11
297, 2.20319e+11
298, 2.20319e+11
299, 2.20319e+11
300, 2.20319e+11
301, 2.20319e+11
302, 2.20319e+11
303, 2.20319e+11
304, 2.20319e+11
305, 2.20319e+11
306, 2.20319e+11
307, 2.20319e+11
308, 2.20319e+11
309, 2.20319e+11
310, 2.20319e+11
311, 2.20319e+11
312, 2.20319e+11
313, 2.20319e+11
314, 2.20319e+11
315, 2.20319e+11
316, 2.20319e+11
317, 2.20319e+11
318, 2.20319e+11
319, 2.20319e+11
320, 2.20319e+11
321, 2.20319e+11
322, 2.20319e+11
323, 2.19288e+11
324, 2.16998e+11
325, 2.16998e+11
326, 2.16998e+11
327, 2.16998e+11
328, 2.16998e+11
329, 2.16998e+11
330, 2.16998e+11
331, 2.16572e+11
332, 2.16572e+11
333, 2.16572e+11
334, 2.16572e+11
335, 2.16572e+11
336, 2.16572e+11
337, 2.16572e+11
338, 2.16572e+11
339, 2.16572e+11
340, 2.16572e+11
341, 2.16572e+11
342, 2.16572e+11
343, 2.16572e+11
344, 2.16572e+11
345, 2.16572e+11
346, 2.16572e+11
347, 2.16572e+11
348, 2.16572e+11
349, 2.16572e+11
350, 2.16572e+11
351, 2.16572e+11
352, 2.16572e+11
353, 2.16572e+11
354, 2.16572e+11
355, 2.16572e+11
356, 2.16572e+11
357, 2.16572e+11
358, 2.16572e+11
359, 2.16572e+11
360, 2.16572e+11
361, 2.16572e+11
362, 2.16572e+11
363, 2.16572e+11
364, 2.16572e+11
365, 2.16572e+11
366, 2.16572e+11
367, 2.16572e+11
368, 2.16572e+11
369, 2.16572e+11
370, 2.16572e+11
371, 2.16572e+11
372, 2.16572e+11
373, 2.16572e+11
374, 2.16572e+11
375, 2.16572e+11
376, 2.16572e+11
377, 2.16572e+11
378, 2.16572e+11
379, 2.16572e+11
380, 2.16572e+11
381, 2.16572e+11
382, 2.16572e+11
383, 2.16572e+11
384, 2.16572e+11
385, 2.16572e+11
386, 2.16572e+11
387, 2.16572e+11
388, 2.16572e+11
389, 2.16572e+11
390, 2.16572e+11
391, 2.16572e+11
392, 2.16572e+11
393, 2.16572e+11
394, 2.16572e+11
395, 2.16572e+11
396, 2.16572e+11
397, 2.16572e+11
398, 2.16572e+11
399, 2.16572e+11
400, 2.16572e+11
401, 2.16572e+11
402, 2.16572e+11
403, 2.16572e+11
404, 2.16572e+11
405, 2.16572e+11
406, 2.16572e+11
407, 2.16572e+11
408, 2.16572e+11
409, 2.16572e+11
410, 2.16572e+11
411, 2.16572e+11
412, 2.16572e+11
413, 2.16572e+11
414, 2.16572e+11
415, 2.16572e+11
416, 2.16572e+11
417, 2.16572e+11
418, 2.16572e+11
419, 2.16572e+11
420, 2.16572e+11
421, 2.16572e+11
422, 2.16572e+11
423, 2.16572e+11
424, 2.16572e+11
425, 2.16572e+11
426, 2.16572e+11
427, 2.16572e+11
428, 2.16572e+11
429, 2.16572e+11
430, 2.16572e+11
431, 2.16572e+11
432, 2.16572e+11
433, 2.16572e+11
434, 2.16572e+11
435, 2.16572e+11
436, 2.16572e+11
437, 2.16572e+11
438, 2.16572e+11
439, 2.16572e+11
440, 2.16572e+11
441, 2.16572e+11
442, 2.16572e+11
443, 2.16572e+11
444, 2.16572e+11
445, 2.16572e+11
446, 2.16572e+11
447, 2.16572e+11
448, 2.16572e+11
449, 2.16572e+11
450, 2.16572e+11
451, 2.16572e+11
452, 2.16572e+11
453, 2.16572e+11
454, 2.16572e+11
455, 2.16572e+11
456, 2.16572e+11
457, 2.16572e+11
458, 2.16572e+11
459, 2.16572e+11
460, 2.16572e+11
461, 2.16572e+11
462, 2.16572e+11
463, 2.16572e+11
464, 2.16572e+11
465, 2.16572e+11
466, 2.16572e+11
467, 2.16572e+11
468, 2.16572e+11
469, 2.16572e+11
470, 2.16572e+11
471, 2.16572e+11
472, 2.16572e+11
473, 2.16572e+11
474, 2.16572e+11
475, 2.16572e+11
476, 2.16572e+11
477, 2.16572e+11
478, 2.16572e+11
479, 2.16572e+11
480, 2.16572e+11
481, 2.16572e+11
482, 2.16572e+11
483, 2.16572e+11
484, 2.16572e+11
485, 2.16572e+11
486, 2.16572e+11
487, 2.16572e+11
488, 2.16572e+11
489, 2.16572e+11
490, 2.16572e+11
491, 2.16572e+11
492, 2.16572e+11
493, 2.16572e+11
494, 2.16572e+11
495, 2.16572e+11
496, 2.16572e+11
