Iteration, BestFitness
0, 3.17943e+16
1, 1.31428e+16
2, 1.31428e+16
3, 1.09757e+15
4, 1.56673e+14
5, 1.56673e+14
6, 1.56673e+14
7, 6.93161e+13
8, 1.86273e+13
9, 1.86273e+13
10, 1.86273e+13
11, 1.86273e+13
12, 1.86273e+13
13, 1.21796e+13
14, 9.2964e+12
15, 9.2964e+12
16, 9.2964e+12
17, 6.25386e+12
18, 6.25386e+12
19, 6.25386e+12
20, 5.1893e+12
21, 5.1893e+12
22, 4.05363e+12
23, 4.05363e+12
24, 3.30663e+12
25, 3.30663e+12
26, 3.30663e+12
27, 3.30663e+12
28, 3.16262e+12
29, 2.24472e+12
30, 2.06372e+12
31, 2.06372e+12
32, 2.00798e+12
33, 1.90189e+12
34, 1.79914e+12
35, 1.79914e+12
36, 1.52309e+12
37, 1.35966e+12
38, 1.21281e+12
39, 1.08929e+12
40, 1.08929e+12
41, 1.08929e+12
42, 1.08929e+12
43, 9.76375e+11
44, 9.76375e+11
45, 9.76375e+11
46, 8.2417e+11
47, 8.2417e+11
48, 8.2417e+11
49, 8.2417e+11
50, 8.2417e+11
51, 7.98597e+11
52, 7.56097e+11
53, 7.56097e+11
54, 7.11625e+11
55, 7.11625e+11
56, 7.11625e+11
57, 7.11625e+11
58, 7.11625e+11
59, 6.31597e+11
60, 5.0355e+11
61, 5.0355e+11
62, 5.0355e+11
63, 5.0355e+11
64, 4.44914e+11
65, 4.25371e+11
66, 4.06547e+11
67, 3.75322e+11
68, 3.56951e+11
69, 3.56951e+11
70, 3.56951e+11
71, 3.56951e+11
72, 3.2771e+11
73, 3.14357e+11
74, 3.14357e+11
75, 3.14357e+11
76, 3.14357e+11
77, 3.14357e+11
78, 3.0361e+11
79, 2.94864e+11
80, 2.85206e+11
81, 2.85206e+11
82, 2.83189e+11
83, 2.83189e+11
84, 2.83189e+11
85, 2.42189e+11
86, 2.42189e+11
87, 2.42189e+11
88, 2.42189e+11
89, 2.42189e+11
90, 2.42189e+11
91, 2.42189e+11
92, 2.42189e+11
93, 2.40347e+11
94, 2.30088e+11
95, 2.30088e+11
96, 2.16815e+11
97, 1.69114e+11
98, 1.69114e+11
99, 1.69114e+11
100, 1.69114e+11
101, 1.69114e+11
102, 1.69114e+11
103, 1.69114e+11
104, 1.69114e+11
105, 1.69114e+11
106, 1.69114e+11
107, 1.69114e+11
108, 1.69114e+11
109, 1.69114e+11
110, 1.68322e+11
111, 1.68322e+11
112, 1.68322e+11
113, 1.68322e+11
114, 1.68322e+11
115, 1.68322e+11
116, 1.68322e+11
117, 1.68322e+11
118, 1.68322e+11
119, 1.68322e+11
120, 1.68322e+11
121, 1.64429e+11
122, 1.64429e+11
123, 1.64429e+11
124, 1.64429e+11
125, 1.64429e+11
126, 1.64429e+11
127, 1.52579e+11
128, 1.48336e+11
129, 1.48336e+11
130, 1.48336e+11
131, 1.38291e+11
132, 1.33167e+11
133, 1.33167e+11
134, 1.33167e+11
135, 1.33167e+11
136, 1.33167e+11
137, 1.33167e+11
138, 1.27142e+11
139, 1.27142e+11
140, 1.27142e+11
141, 1.27142e+11
142, 1.27142e+11
143, 1.27142e+11
144, 1.27142e+11
145, 1.27142e+11
146, 1.27142e+11
147, 1.25681e+11
148, 1.25681e+11
149, 1.25681e+11
150, 1.25681e+11
151, 1.25681e+11
152, 1.25681e+11
153, 1.25681e+11
154, 1.25681e+11
155, 1.25681e+11
156, 1.21592e+11
157, 1.21592e+11
158, 1.21592e+11
159, 1.21592e+11
160, 1.21592e+11
161, 1.21592e+11
162, 1.21592e+11
163, 1.21592e+11
164, 1.21592e+11
165, 1.21592e+11
166, 1.17842e+11
167, 1.17842e+11
168, 1.17842e+11
169, 1.17842e+11
170, 1.17842e+11
171, 1.17842e+11
172, 1.17842e+11
173, 1.17842e+11
174, 1.17842e+11
175, 1.17842e+11
176, 1.17842e+11
177, 1.17842e+11
178, 1.17842e+11
179, 1.17842e+11
180, 1.17842e+11
181, 1.17842e+11
182, 1.17842e+11
183, 1.17842e+11
184, 1.17842e+11
185, 1.17842e+11
186, 1.17842e+11
187, 1.17842e+11
188, 1.17842e+11
189, 1.17842e+11
190, 1.17842e+11
191, 1.17842e+11
192, 1.17842e+11
193, 1.17842e+11
194, 1.17842e+11
195, 1.17842e+11
196, 1.0512e+11
197, 1.0512e+11
198, 1.0512e+11
199, 1.0512e+11
200, 1.0512e+11
201, 1.0512e+11
202, 1.0512e+11
203, 1.0512e+11
204, 1.0512e+11
205, 1.0512e+11
206, 9.98033e+10
207, 9.98033e+10
208, 9.98033e+10
209, 9.98033e+10
210, 9.98033e+10
211, 9.98033e+10
212, 9.98033e+10
213, 9.98033e+10
214, 9.98033e+10
215, 9.98033e+10
216, 9.98033e+10
217, 9.98033e+10
218, 9.98033e+10
219, 9.98033e+10
220, 9.98033e+10
221, 9.98033e+10
222, 9.98033e+10
223, 9.98033e+10
224, 9.98033e+10
225, 9.98033e+10
226, 9.98033e+10
227, 9.98033e+10
228, 9.98033e+10
229, 9.98033e+10
230, 9.98033e+10
231, 9.98033e+10
232, 9.98033e+10
233, 9.98033e+10
234, 9.98033e+10
235, 9.98033e+10
236, 9.98033e+10
237, 9.98033e+10
238, 9.98033e+10
239, 9.98033e+10
240, 9.98033e+10
241, 9.98033e+10
242, 9.98033e+10
243, 9.98033e+10
244, 9.98033e+10
245, 9.98033e+10
246, 9.98033e+10
247, 9.76051e+10
248, 9.76051e+10
249, 9.76051e+10
250, 9.76051e+10
251, 9.76051e+10
252, 9.09723e+10
253, 9.09723e+10
254, 9.09723e+10
255, 9.09723e+10
256, 9.09723e+10
257, 9.09723e+10
258, 9.09723e+10
259, 9.09723e+10
260, 9.09723e+10
261, 9.09723e+10
262, 9.09723e+10
263, 9.09723e+10
264, 9.09723e+10
265, 9.09723e+10
266, 9.09723e+10
267, 9.09723e+10
268, 9.09723e+10
269, 9.09723e+10
270, 9.09723e+10
271, 9.09723e+10
272, 9.09723e+10
273, 9.09723e+10
274, 9.09723e+10
275, 9.09723e+10
276, 9.09723e+10
277, 9.09723e+10
278, 9.09723e+10
279, 9.09723e+10
280, 9.09723e+10
281, 9.09723e+10
282, 9.09723e+10
283, 9.09723e+10
284, 9.09723e+10
285, 9.09723e+10
286, 9.09723e+10
287, 9.09723e+10
288, 9.09723e+10
289, 9.09723e+10
290, 9.09723e+10
291, 9.09723e+10
292, 9.09723e+10
293, 9.09723e+10
294, 9.09723e+10
295, 9.09723e+10
296, 9.09723e+10
297, 9.09723e+10
298, 9.09723e+10
299, 9.09723e+10
300, 9.09723e+10
301, 9.09723e+10
302, 9.09723e+10
303, 9.09723e+10
304, 9.09723e+10
305, 9.09723e+10
306, 9.09723e+10
307, 9.09723e+10
308, 9.09723e+10
309, 9.09723e+10
310, 9.09723e+10
311, 9.09723e+10
312, 9.09723e+10
313, 9.09723e+10
314, 9.09723e+10
315, 9.09723e+10
316, 9.09723e+10
317, 9.09723e+10
318, 9.09723e+10
319, 9.09723e+10
320, 9.09723e+10
321, 9.09723e+10
322, 9.09723e+10
323, 9.09723e+10
324, 9.09723e+10
325, 9.09723e+10
326, 9.09723e+10
327, 9.09723e+10
328, 9.09723e+10
329, 9.09723e+10
330, 9.09723e+10
331, 9.09723e+10
332, 9.09723e+10
333, 9.09723e+10
334, 9.09723e+10
335, 9.09723e+10
336, 9.09723e+10
337, 9.09723e+10
338, 9.09723e+10
339, 9.09723e+10
340, 9.09723e+10
341, 9.09723e+10
342, 9.09723e+10
343, 9.09723e+10
344, 9.09723e+10
345, 9.09723e+10
346, 9.09723e+10
347, 9.09723e+10
348, 9.09723e+10
349, 9.09723e+10
350, 9.09723e+10
351, 9.09723e+10
352, 9.09723e+10
353, 9.09723e+10
354, 9.09723e+10
355, 9.09723e+10
356, 9.09723e+10
357, 9.09723e+10
358, 9.09723e+10
359, 9.09723e+10
360, 9.09723e+10
361, 9.09723e+10
362, 9.09723e+10
363, 9.09723e+10
364, 9.09723e+10
365, 9.09723e+10
366, 9.09723e+10
367, 9.09723e+10
368, 9.09723e+10
369, 9.09723e+10
370, 9.09723e+10
371, 9.09723e+10
372, 9.09723e+10
373, 9.09723e+10
374, 9.09723e+10
375, 9.09723e+10
376, 9.09723e+10
377, 9.09723e+10
378, 9.09723e+10
379, 9.09723e+10
380, 9.09723e+10
381, 9.09723e+10
382, 9.09723e+10
383, 9.09723e+10
384, 9.09723e+10
385, 9.09723e+10
386, 9.09723e+10
387, 9.09723e+10
388, 9.09723e+10
389, 9.09723e+10
390, 9.09723e+10
391, 9.09723e+10
392, 9.09723e+10
393, 9.09723e+10
394, 9.09723e+10
395, 9.09723e+10
396, 9.09723e+10
397, 9.09723e+10
398, 9.09723e+10
399, 9.09723e+10
400, 9.09723e+10
401, 9.09723e+10
402, 9.09723e+10
403, 9.09723e+10
404, 9.09723e+10
405, 9.09723e+10
406, 9.09723e+10
407, 9.09723e+10
408, 9.09723e+10
409, 9.09723e+10
410, 9.09723e+10
411, 9.09723e+10
412, 9.09723e+10
413, 9.09723e+10
414, 9.09723e+10
415, 9.09723e+10
416, 9.09723e+10
417, 9.09723e+10
418, 9.09723e+10
419, 9.09723e+10
420, 9.09723e+10
421, 9.09723e+10
422, 9.09723e+10
423, 9.09723e+10
424, 9.09723e+10
425, 9.09723e+10
426, 9.09723e+10
427, 9.09723e+10
428, 9.09723e+10
429, 9.09723e+10
430, 9.09723e+10
431, 9.09723e+10
432, 9.09723e+10
433, 9.09723e+10
434, 9.09723e+10
435, 9.09723e+10
436, 9.09723e+10
437, 9.09723e+10
438, 9.09723e+10
439, 9.09723e+10
440, 9.09723e+10
441, 9.09723e+10
442, 9.09723e+10
443, 9.09723e+10
444, 9.09723e+10
445, 9.09723e+10
446, 9.09723e+10
447, 9.09723e+10
448, 9.09723e+10
449, 9.09723e+10
450, 9.09723e+10
451, 9.09723e+10
452, 9.09723e+10
453, 9.09723e+10
454, 9.09723e+10
455, 9.09723e+10
456, 9.09723e+10
457, 9.09723e+10
458, 9.09723e+10
459, 9.09723e+10
460, 9.09723e+10
461, 9.09723e+10
462, 9.09723e+10
463, 9.09723e+10
464, 9.09723e+10
465, 9.09723e+10
466, 9.09723e+10
467, 9.09723e+10
468, 9.09723e+10
469, 9.09723e+10
470, 9.09723e+10
471, 9.09723e+10
472, 9.09723e+10
473, 9.09723e+10
474, 9.09723e+10
475, 9.09723e+10
476, 9.09723e+10
477, 9.09723e+10
478, 9.09723e+10
479, 9.09723e+10
480, 9.09723e+10
481, 9.09723e+10
482, 9.09723e+10
483, 9.09723e+10
484, 9.09723e+10
485, 9.09723e+10
486, 9.09723e+10
487, 9.09723e+10
488, 9.09723e+10
489, 9.09723e+10
490, 9.09723e+10
491, 9.09723e+10
492, 9.09723e+10
493, 9.09723e+10
494, 9.09723e+10
495, 9.09723e+10
496, 9.09723e+10
