Iteration, BestFitness
0, 7.03195e+16
1, 2.46595e+16
2, 2.46595e+16
3, 6.45774e+15
4, 2.22701e+15
5, 1.87424e+15
6, 6.98836e+14
7, 6.98836e+14
8, 5.98855e+14
9, 1.06914e+14
10, 1.06914e+14
11, 1.06914e+14
12, 1.06914e+14
13, 1.06914e+14
14, 1.06914e+14
15, 1.06914e+14
16, 1.06914e+14
17, 1.06914e+14
18, 6.74152e+13
19, 6.74152e+13
20, 6.74152e+13
21, 6.74152e+13
22, 6.74152e+13
23, 6.74152e+13
24, 6.74152e+13
25, 6.74152e+13
26, 6.74152e+13
27, 6.74152e+13
28, 6.74152e+13
29, 6.74152e+13
30, 6.74152e+13
31, 3.33703e+13
32, 3.33703e+13
33, 3.33703e+13
34, 3.33703e+13
35, 3.00481e+13
36, 3.00481e+13
37, 3.00481e+13
38, 3.00481e+13
39, 3.00481e+13
40, 3.00481e+13
41, 3.00481e+13
42, 3.00481e+13
43, 3.00481e+13
44, 3.00481e+13
45, 3.00481e+13
46, 1.3509e+13
47, 1.33225e+13
48, 1.33225e+13
49, 1.33225e+13
50, 1.33225e+13
51, 1.33225e+13
52, 7.1191e+12
53, 5.50809e+12
54, 5.50809e+12
55, 5.50809e+12
56, 5.50809e+12
57, 5.50809e+12
58, 4.89565e+12
59, 4.89565e+12
60, 4.89565e+12
61, 4.89565e+12
62, 4.84212e+12
63, 4.14413e+12
64, 4.14413e+12
65, 4.14413e+12
66, 4.14413e+12
67, 4.14413e+12
68, 4.14413e+12
69, 4.14413e+12
70, 4.14413e+12
71, 4.14413e+12
72, 4.14413e+12
73, 4.14413e+12
74, 4.14413e+12
75, 4.14413e+12
76, 4.14413e+12
77, 4.14413e+12
78, 4.14413e+12
79, 4.14413e+12
80, 4.14413e+12
81, 4.14413e+12
82, 4.14413e+12
83, 4.14413e+12
84, 4.14413e+12
85, 4.14413e+12
86, 3.8131e+12
87, 3.78248e+12
88, 3.78248e+12
89, 3.78248e+12
90, 3.78248e+12
91, 3.78248e+12
92, 3.78248e+12
93, 3.78248e+12
94, 3.78248e+12
95, 3.78248e+12
96, 3.78248e+12
97, 3.78248e+12
98, 3.49658e+12
99, 3.30599e+12
100, 3.30599e+12
101, 3.30599e+12
102, 3.30599e+12
103, 3.30599e+12
104, 3.30599e+12
105, 3.15426e+12
106, 3.14699e+12
107, 3.14699e+12
108, 2.93765e+12
109, 2.89061e+12
110, 2.65294e+12
111, 2.48101e+12
112, 2.48101e+12
113, 2.33552e+12
114, 2.33552e+12
115, 2.33552e+12
116, 2.33552e+12
117, 2.33552e+12
118, 2.33552e+12
119, 2.33552e+12
120, 2.33552e+12
121, 2.33552e+12
122, 2.33552e+12
123, 2.33552e+12
124, 2.33552e+12
125, 2.33552e+12
126, 2.33552e+12
127, 2.33552e+12
128, 2.33552e+12
129, 2.33552e+12
130, 2.33552e+12
131, 2.33552e+12
132, 2.33552e+12
133, 2.23377e+12
134, 2.09987e+12
135, 2.09987e+12
136, 2.09987e+12
137, 2.09987e+12
138, 2.08103e+12
139, 2.08103e+12
140, 2.08103e+12
141, 2.08103e+12
142, 1.98102e+12
143, 1.98102e+12
144, 1.98102e+12
145, 1.98102e+12
146, 1.98102e+12
147, 1.98102e+12
148, 1.98102e+12
149, 1.98102e+12
150, 1.98102e+12
151, 1.98102e+12
152, 1.70416e+12
153, 1.70416e+12
154, 1.70416e+12
155, 1.70416e+12
156, 1.70416e+12
157, 1.70416e+12
158, 1.70416e+12
159, 1.70416e+12
160, 1.70416e+12
161, 1.63413e+12
162, 1.63413e+12
163, 1.59769e+12
164, 1.59578e+12
165, 1.59578e+12
166, 1.59578e+12
167, 1.59578e+12
168, 1.59578e+12
169, 1.59578e+12
170, 1.59578e+12
171, 1.59578e+12
172, 1.59578e+12
173, 1.59578e+12
174, 1.59578e+12
175, 1.59578e+12
176, 1.59578e+12
177, 1.59578e+12
178, 1.52752e+12
179, 1.52752e+12
180, 1.52752e+12
181, 1.52752e+12
182, 1.52752e+12
183, 1.52752e+12
184, 1.52752e+12
185, 1.52752e+12
186, 1.52752e+12
187, 1.14522e+12
188, 1.14522e+12
189, 1.14522e+12
190, 1.14522e+12
191, 1.14522e+12
192, 1.14522e+12
193, 1.14522e+12
194, 1.14522e+12
195, 1.14522e+12
196, 1.14522e+12
197, 1.14522e+12
198, 1.14522e+12
199, 1.11704e+12
200, 1.11704e+12
201, 1.11704e+12
202, 1.11704e+12
203, 1.11704e+12
204, 1.10188e+12
205, 1.10188e+12
206, 1.10188e+12
207, 9.97872e+11
208, 8.97652e+11
209, 8.91e+11
210, 8.91e+11
211, 8.29649e+11
212, 8.29649e+11
213, 8.29649e+11
214, 8.29649e+11
215, 8.29649e+11
216, 8.29649e+11
217, 8.29649e+11
218, 8.29649e+11
219, 8.29649e+11
220, 8.29649e+11
221, 8.29649e+11
222, 8.29649e+11
223, 8.29649e+11
224, 8.29649e+11
225, 8.29649e+11
226, 8.29649e+11
227, 8.29649e+11
228, 8.29649e+11
229, 8.29649e+11
230, 7.49495e+11
231, 7.49495e+11
232, 7.49495e+11
233, 7.49495e+11
234, 7.49495e+11
235, 7.49495e+11
236, 7.49495e+11
237, 7.49495e+11
238, 7.49495e+11
239, 7.49495e+11
240, 7.49495e+11
241, 7.49495e+11
242, 7.49495e+11
243, 7.49495e+11
244, 7.49495e+11
245, 7.49495e+11
246, 7.49495e+11
247, 7.49495e+11
248, 7.49495e+11
249, 7.49495e+11
250, 7.49495e+11
251, 7.49495e+11
252, 7.49495e+11
253, 7.49495e+11
254, 7.49495e+11
255, 7.49495e+11
256, 7.49495e+11
257, 6.66394e+11
258, 6.66394e+11
259, 6.66394e+11
260, 6.66394e+11
261, 6.66394e+11
262, 6.66394e+11
263, 6.66394e+11
264, 6.66394e+11
265, 6.66394e+11
266, 6.66394e+11
267, 6.66394e+11
268, 6.66394e+11
269, 6.27433e+11
270, 6.27433e+11
271, 6.27433e+11
272, 6.27433e+11
273, 6.27433e+11
274, 6.27433e+11
275, 6.27433e+11
276, 6.27433e+11
277, 6.27433e+11
278, 6.27433e+11
279, 6.27433e+11
280, 6.24956e+11
281, 6.24956e+11
282, 6.24956e+11
283, 6.24956e+11
284, 6.24956e+11
285, 6.24956e+11
286, 6.24956e+11
287, 6.24956e+11
288, 6.24956e+11
289, 6.24956e+11
290, 6.24956e+11
291, 6.24956e+11
292, 6.24956e+11
293, 6.24956e+11
294, 6.24956e+11
295, 6.24956e+11
296, 6.24956e+11
297, 6.18378e+11
298, 6.18378e+11
299, 6.18378e+11
300, 6.18378e+11
301, 6.18378e+11
302, 6.18378e+11
303, 6.18378e+11
304, 5.83839e+11
305, 5.83839e+11
306, 5.83839e+11
307, 5.83839e+11
308, 5.83839e+11
309, 5.83839e+11
310, 5.83839e+11
311, 5.83839e+11
312, 5.83839e+11
313, 5.63258e+11
314, 5.39866e+11
315, 5.39866e+11
316, 5.39866e+11
317, 5.39866e+11
318, 5.39866e+11
319, 5.39866e+11
320, 5.39866e+11
321, 5.39866e+11
322, 5.39866e+11
323, 5.39866e+11
324, 5.39866e+11
325, 5.39866e+11
326, 5.39866e+11
327, 5.02159e+11
328, 5.02159e+11
329, 5.02159e+11
330, 5.02159e+11
331, 4.54553e+11
