Iteration, BestFitness
0, 2.98006e+17
1, 2.98006e+17
2, 4.1174e+16
3, 2.29904e+16
4, 2.29904e+16
5, 2.29904e+16
6, 1.59057e+15
7, 1.59057e+15
8, 1.59057e+15
9, 1.59057e+15
10, 1.59057e+15
11, 1.59057e+15
12, 1.59057e+15
13, 1.41106e+14
14, 1.41106e+14
15, 1.41106e+14
16, 5.47883e+13
17, 3.33088e+13
18, 3.33088e+13
19, 2.01917e+13
20, 1.78727e+13
21, 1.78727e+13
22, 1.53515e+13
23, 1.53515e+13
24, 1.53515e+13
25, 1.53515e+13
26, 8.03664e+12
27, 7.76597e+12
28, 7.76597e+12
29, 5.22684e+12
30, 5.15461e+12
31, 3.18363e+12
32, 3.18363e+12
33, 3.18363e+12
34, 3.18363e+12
35, 2.43258e+12
36, 2.43258e+12
37, 2.04278e+12
38, 1.16408e+12
39, 1.16408e+12
40, 1.16408e+12
41, 1.16408e+12
42, 8.50812e+11
43, 8.50812e+11
44, 7.52114e+11
45, 7.52114e+11
46, 7.52114e+11
47, 4.72918e+11
48, 4.72918e+11
49, 4.72918e+11
50, 4.43184e+11
51, 4.43184e+11
52, 4.43184e+11
53, 3.1504e+11
54, 2.94927e+11
55, 2.94927e+11
56, 2.37527e+11
57, 2.37527e+11
58, 2.37527e+11
59, 2.37527e+11
60, 2.37527e+11
61, 2.37527e+11
62, 2.06427e+11
63, 2.06427e+11
64, 2.06427e+11
65, 2.06427e+11
66, 2.06427e+11
67, 2.01577e+11
68, 2.01577e+11
69, 2.01577e+11
70, 2.01577e+11
71, 1.68056e+11
72, 1.68056e+11
73, 1.68056e+11
74, 1.68056e+11
75, 1.68056e+11
76, 1.68056e+11
77, 1.68056e+11
78, 1.24089e+11
79, 1.14395e+11
80, 1.14395e+11
81, 8.67343e+10
82, 8.67343e+10
83, 8.67343e+10
84, 6.80656e+10
85, 5.79128e+10
86, 5.79128e+10
87, 5.79128e+10
88, 5.79128e+10
89, 5.79128e+10
90, 5.79128e+10
91, 5.79128e+10
92, 5.79128e+10
93, 5.79128e+10
94, 5.68695e+10
95, 5.68695e+10
96, 5.68695e+10
97, 5.68695e+10
98, 5.68695e+10
99, 5.68695e+10
100, 5.68695e+10
101, 4.73976e+10
102, 2.96799e+10
103, 2.96799e+10
104, 2.96799e+10
105, 2.96799e+10
106, 2.96799e+10
107, 2.96799e+10
108, 1.59778e+10
109, 1.20963e+10
110, 1.20963e+10
111, 1.20963e+10
112, 1.20963e+10
113, 1.20963e+10
114, 1.20963e+10
115, 1.20963e+10
116, 1.20963e+10
117, 1.20963e+10
118, 1.20963e+10
119, 1.20963e+10
120, 1.20963e+10
121, 1.20963e+10
122, 1.20963e+10
123, 1.20963e+10
124, 1.20963e+10
125, 1.20963e+10
126, 1.20963e+10
127, 1.20963e+10
128, 1.20963e+10
129, 1.20963e+10
130, 1.20963e+10
131, 1.20963e+10
132, 1.20963e+10
133, 1.20963e+10
134, 1.20963e+10
135, 1.20963e+10
136, 1.20963e+10
137, 1.20963e+10
138, 1.20963e+10
139, 1.20963e+10
140, 1.20963e+10
141, 1.20963e+10
142, 1.20963e+10
143, 1.20963e+10
144, 1.20963e+10
145, 1.20963e+10
146, 1.20963e+10
147, 1.20963e+10
148, 1.20963e+10
149, 1.20963e+10
150, 1.20963e+10
151, 1.20963e+10
152, 1.20963e+10
153, 1.20963e+10
154, 1.20963e+10
155, 1.20963e+10
156, 1.20963e+10
157, 1.20963e+10
158, 1.20963e+10
159, 1.20963e+10
160, 1.10585e+10
161, 7.48902e+09
162, 7.48902e+09
163, 7.48902e+09
164, 7.48902e+09
165, 7.48902e+09
166, 7.48902e+09
167, 7.48902e+09
168, 7.48902e+09
169, 7.48902e+09
170, 7.48902e+09
171, 7.48902e+09
172, 7.48902e+09
173, 7.48902e+09
174, 7.48902e+09
175, 7.48902e+09
176, 7.48902e+09
177, 7.48902e+09
178, 7.48902e+09
179, 7.48902e+09
180, 7.48902e+09
181, 7.48902e+09
182, 7.48902e+09
183, 7.48902e+09
184, 7.48902e+09
185, 7.48902e+09
186, 7.48902e+09
187, 7.48902e+09
188, 7.48902e+09
189, 7.48902e+09
190, 7.48902e+09
191, 7.48902e+09
192, 7.48902e+09
193, 7.48902e+09
194, 7.48902e+09
195, 7.48902e+09
196, 7.48902e+09
197, 7.48902e+09
198, 7.48902e+09
199, 7.48902e+09
200, 7.48902e+09
201, 7.48902e+09
202, 7.48902e+09
203, 7.48902e+09
204, 7.48902e+09
205, 7.48902e+09
206, 7.48902e+09
207, 7.48902e+09
208, 7.48902e+09
209, 7.48902e+09
210, 7.48902e+09
211, 7.48902e+09
212, 7.48902e+09
213, 7.48902e+09
214, 7.48902e+09
215, 7.48902e+09
216, 7.48902e+09
217, 7.48902e+09
218, 7.48902e+09
219, 7.48902e+09
220, 7.48902e+09
221, 7.48902e+09
222, 7.48902e+09
223, 7.48902e+09
224, 7.48902e+09
225, 7.48902e+09
226, 7.48902e+09
227, 7.48902e+09
228, 7.48902e+09
229, 7.48902e+09
230, 7.48902e+09
231, 7.48902e+09
232, 7.48902e+09
233, 7.48902e+09
234, 7.48902e+09
235, 7.48902e+09
236, 7.48902e+09
237, 7.48902e+09
238, 7.48902e+09
239, 7.48902e+09
240, 7.48902e+09
241, 7.48902e+09
242, 7.48902e+09
243, 7.48902e+09
244, 7.48902e+09
245, 7.48902e+09
246, 7.48902e+09
247, 7.48902e+09
248, 7.48902e+09
249, 7.48902e+09
250, 7.48902e+09
251, 7.48902e+09
252, 7.48902e+09
253, 7.48902e+09
254, 7.48902e+09
255, 7.48902e+09
256, 7.48902e+09
257, 7.48902e+09
258, 7.48902e+09
259, 7.48902e+09
260, 7.48902e+09
261, 7.48902e+09
262, 7.48902e+09
263, 7.48902e+09
264, 7.48902e+09
265, 7.48902e+09
266, 7.48902e+09
267, 7.48902e+09
268, 7.48902e+09
269, 7.48902e+09
270, 7.48902e+09
271, 7.48902e+09
272, 7.48902e+09
273, 7.48902e+09
274, 7.48902e+09
275, 7.48902e+09
276, 7.48902e+09
277, 7.48902e+09
278, 7.48902e+09
279, 7.48902e+09
280, 7.48902e+09
281, 7.48902e+09
282, 7.48902e+09
283, 7.48902e+09
284, 7.48902e+09
285, 7.48902e+09
286, 7.48902e+09
287, 7.48902e+09
288, 7.48902e+09
289, 7.48902e+09
290, 7.48902e+09
291, 7.48902e+09
292, 7.48902e+09
293, 7.48902e+09
294, 7.48902e+09
295, 7.48902e+09
296, 7.48902e+09
297, 7.48902e+09
298, 7.48902e+09
299, 7.48902e+09
300, 7.48902e+09
301, 7.48902e+09
302, 7.48902e+09
303, 7.48902e+09
304, 7.48902e+09
305, 7.48902e+09
306, 7.48902e+09
307, 7.48902e+09
308, 7.48902e+09
309, 7.48902e+09
310, 7.48902e+09
311, 7.48902e+09
312, 7.48902e+09
313, 7.48902e+09
314, 7.48902e+09
315, 7.48902e+09
316, 7.48902e+09
317, 7.48902e+09
318, 7.48902e+09
319, 7.48902e+09
320, 7.48902e+09
321, 7.48902e+09
322, 7.48902e+09
323, 7.48902e+09
324, 7.48902e+09
325, 7.48902e+09
326, 7.48902e+09
327, 7.48902e+09
328, 7.48902e+09
329, 7.48902e+09
330, 7.48902e+09
331, 7.48902e+09
332, 7.48902e+09
333, 7.48902e+09
334, 7.48902e+09
335, 7.48902e+09
336, 7.48902e+09
337, 7.48902e+09
338, 7.48902e+09
339, 7.48902e+09
340, 7.48902e+09
341, 7.48902e+09
342, 7.48902e+09
343, 7.48902e+09
344, 7.48902e+09
345, 7.48902e+09
346, 7.48902e+09
347, 7.48902e+09
348, 7.48902e+09
349, 7.48902e+09
350, 7.48902e+09
351, 7.48902e+09
352, 7.48902e+09
353, 7.48902e+09
354, 7.48902e+09
355, 7.48902e+09
356, 7.48902e+09
357, 7.48902e+09
358, 7.48902e+09
359, 7.48902e+09
360, 7.48902e+09
361, 7.48902e+09
362, 7.48902e+09
363, 7.48902e+09
364, 7.48902e+09
365, 7.48902e+09
366, 7.48902e+09
367, 7.48902e+09
368, 7.48902e+09
369, 7.48902e+09
370, 7.48902e+09
371, 7.48902e+09
372, 7.48902e+09
373, 7.48902e+09
374, 7.48902e+09
375, 7.48902e+09
376, 7.48902e+09
377, 7.48902e+09
378, 7.48902e+09
379, 7.48902e+09
380, 7.48902e+09
381, 7.48902e+09
382, 7.48902e+09
383, 7.48902e+09
384, 7.48902e+09
385, 7.48902e+09
386, 7.48902e+09
387, 7.48902e+09
388, 7.48902e+09
389, 7.48902e+09
390, 7.48902e+09
391, 7.48902e+09
392, 7.48902e+09
393, 7.48902e+09
394, 7.48902e+09
395, 7.48902e+09
396, 7.48902e+09
397, 7.48902e+09
398, 7.48902e+09
399, 7.48902e+09
400, 7.48902e+09
401, 7.48902e+09
402, 7.48902e+09
403, 7.48902e+09
404, 7.48902e+09
405, 7.48902e+09
406, 7.48902e+09
407, 7.48902e+09
408, 7.48902e+09
409, 7.48902e+09
410, 7.48902e+09
411, 7.48902e+09
412, 7.48902e+09
413, 7.48902e+09
414, 7.48902e+09
415, 7.48902e+09
416, 7.48902e+09
417, 7.48902e+09
418, 7.48902e+09
419, 7.48902e+09
420, 7.48902e+09
421, 7.48902e+09
422, 7.48902e+09
423, 7.48902e+09
424, 7.48902e+09
425, 7.48902e+09
426, 7.48902e+09
427, 7.48902e+09
428, 7.48902e+09
429, 7.48902e+09
430, 7.48902e+09
431, 7.48902e+09
432, 7.48902e+09
433, 7.48902e+09
434, 7.48902e+09
435, 7.48902e+09
436, 7.48902e+09
437, 7.48902e+09
438, 7.48902e+09
439, 7.48902e+09
440, 7.48902e+09
441, 7.48902e+09
442, 7.48902e+09
443, 7.48902e+09
444, 7.48902e+09
445, 7.48902e+09
446, 7.48902e+09
447, 7.48902e+09
448, 7.48902e+09
449, 7.48902e+09
450, 7.48902e+09
451, 7.48902e+09
452, 7.48902e+09
453, 7.48902e+09
454, 7.48902e+09
455, 7.48902e+09
456, 7.48902e+09
457, 7.48902e+09
458, 7.48902e+09
459, 7.48902e+09
460, 7.48902e+09
461, 7.48902e+09
462, 7.48902e+09
463, 7.48902e+09
464, 7.48902e+09
465, 7.48902e+09
466, 7.48902e+09
467, 7.48902e+09
468, 7.48902e+09
469, 7.48902e+09
470, 7.48902e+09
471, 7.48902e+09
472, 7.48902e+09
473, 7.48902e+09
474, 7.48902e+09
475, 7.48902e+09
476, 7.48902e+09
477, 7.48902e+09
478, 7.48902e+09
479, 7.48902e+09
480, 7.48902e+09
481, 7.48902e+09
482, 7.48902e+09
483, 7.48902e+09
484, 7.48902e+09
485, 7.48902e+09
486, 7.48902e+09
487, 7.48902e+09
488, 7.48902e+09
489, 7.48902e+09
490, 7.48902e+09
491, 7.48902e+09
492, 7.48902e+09
493, 7.48902e+09
494, 7.48902e+09
495, 7.48902e+09
496, 7.48902e+09
