Iteration, BestFitness
0, 1.10472e+18
1, 2.73443e+17
2, 2.50468e+16
3, 2.50468e+16
4, 2.50468e+16
5, 2.50468e+16
6, 2.50468e+16
7, 2.50468e+16
8, 2.50468e+16
9, 1.03476e+16
10, 1.04389e+15
11, 1.04389e+15
12, 1.04389e+15
13, 4.95488e+14
14, 4.95154e+14
15, 4.95154e+14
16, 4.95154e+14
17, 4.95154e+14
18, 4.95154e+14
19, 1.51971e+14
20, 1.51971e+14
21, 1.51971e+14
22, 1.29069e+14
23, 1.29069e+14
24, 1.29069e+14
25, 1.29069e+14
26, 1.29069e+14
27, 1.29069e+14
28, 1.29069e+14
29, 1.29069e+14
30, 1.29069e+14
31, 1.29069e+14
32, 1.29069e+14
33, 1.29069e+14
34, 1.27352e+13
35, 1.20566e+13
36, 1.20566e+13
37, 1.20566e+13
38, 1.20566e+13
39, 1.20566e+13
40, 1.20566e+13
41, 1.20566e+13
42, 1.20566e+13
43, 1.20566e+13
44, 1.20566e+13
45, 1.20566e+13
46, 1.20566e+13
47, 1.20566e+13
48, 1.20566e+13
49, 8.55225e+12
50, 8.13203e+12
51, 6.95488e+12
52, 6.95488e+12
53, 6.95488e+12
54, 6.95488e+12
55, 6.95488e+12
56, 6.95488e+12
57, 6.95488e+12
58, 6.95488e+12
59, 6.95488e+12
60, 6.95488e+12
61, 6.95488e+12
62, 6.95488e+12
63, 6.95488e+12
64, 6.95488e+12
65, 6.95488e+12
66, 6.44162e+12
67, 3.39099e+12
68, 3.39099e+12
69, 3.39099e+12
70, 3.39099e+12
71, 3.39099e+12
72, 3.39099e+12
73, 3.39099e+12
74, 3.39099e+12
75, 2.51283e+12
76, 1.88111e+12
77, 1.88111e+12
78, 1.88111e+12
79, 1.88111e+12
80, 1.88111e+12
81, 1.88111e+12
82, 1.11521e+12
83, 1.11521e+12
84, 1.11521e+12
85, 1.11521e+12
86, 1.11521e+12
87, 1.09777e+12
88, 1.09777e+12
89, 1.09777e+12
90, 1.09777e+12
91, 1.09777e+12
92, 1.09777e+12
93, 1.09777e+12
94, 1.09777e+12
95, 1.09777e+12
96, 1.07158e+12
97, 8.04925e+11
98, 6.65253e+11
99, 6.65253e+11
100, 6.65253e+11
101, 6.65253e+11
102, 6.65253e+11
103, 6.65253e+11
104, 6.65253e+11
105, 6.65253e+11
106, 5.65468e+11
107, 4.68689e+11
108, 4.68689e+11
109, 4.68689e+11
110, 2.39456e+11
111, 2.39456e+11
112, 2.39456e+11
113, 2.39456e+11
114, 2.39456e+11
115, 2.38311e+11
116, 2.38311e+11
117, 2.0646e+11
118, 2.05388e+11
119, 2.05388e+11
120, 2.05388e+11
121, 2.05388e+11
122, 2.05388e+11
123, 2.05388e+11
124, 2.05388e+11
125, 2.05388e+11
126, 2.05388e+11
127, 2.05388e+11
128, 2.05388e+11
129, 2.05388e+11
130, 2.05388e+11
131, 2.05388e+11
132, 2.05388e+11
133, 2.05388e+11
134, 2.05388e+11
135, 2.05388e+11
136, 2.05388e+11
137, 2.05388e+11
138, 2.05388e+11
139, 2.05388e+11
140, 2.05388e+11
141, 2.05388e+11
142, 2.05388e+11
143, 2.05388e+11
144, 2.05388e+11
145, 2.05388e+11
146, 2.05388e+11
147, 2.05388e+11
148, 2.05388e+11
149, 2.05388e+11
150, 2.05388e+11
151, 2.05388e+11
152, 2.05388e+11
153, 2.05388e+11
154, 2.05388e+11
155, 2.03513e+11
156, 1.96175e+11
157, 1.96175e+11
158, 1.96175e+11
159, 1.96175e+11
160, 1.96175e+11
161, 1.96175e+11
162, 1.96175e+11
163, 1.96175e+11
164, 1.96175e+11
165, 1.96175e+11
166, 1.76715e+11
167, 1.76715e+11
168, 1.73375e+11
169, 1.73375e+11
170, 1.56631e+11
171, 1.47639e+11
172, 1.47639e+11
173, 1.47639e+11
174, 1.47639e+11
175, 1.47639e+11
176, 1.47639e+11
177, 1.25958e+11
178, 1.25958e+11
179, 1.25958e+11
180, 1.25958e+11
181, 1.25958e+11
182, 1.25958e+11
183, 1.25958e+11
184, 1.25958e+11
185, 1.25958e+11
186, 1.25958e+11
187, 1.25958e+11
188, 1.16497e+11
189, 1.11565e+11
190, 1.11565e+11
191, 9.38988e+10
192, 9.38988e+10
193, 9.38988e+10
194, 9.38988e+10
195, 9.38988e+10
196, 9.191e+10
197, 9.191e+10
198, 9.191e+10
199, 9.191e+10
200, 8.07021e+10
201, 8.07021e+10
202, 8.07021e+10
203, 8.07021e+10
204, 8.07021e+10
205, 8.07021e+10
206, 8.07021e+10
207, 8.07021e+10
208, 8.07021e+10
209, 8.07021e+10
210, 8.07021e+10
211, 8.07021e+10
212, 8.07021e+10
213, 8.07021e+10
214, 8.07021e+10
215, 8.07021e+10
216, 8.07021e+10
217, 8.07021e+10
218, 8.07021e+10
219, 8.07021e+10
220, 8.07021e+10
221, 8.07021e+10
222, 8.07021e+10
223, 8.07021e+10
224, 8.07021e+10
225, 8.07021e+10
226, 8.07021e+10
227, 8.07021e+10
228, 8.07021e+10
229, 8.07021e+10
230, 8.07021e+10
231, 8.07021e+10
232, 8.07021e+10
233, 8.07021e+10
234, 8.07021e+10
235, 8.07021e+10
236, 8.07021e+10
237, 8.07021e+10
238, 8.07021e+10
239, 8.07021e+10
240, 8.07021e+10
241, 8.07021e+10
242, 8.07021e+10
243, 8.07021e+10
244, 8.07021e+10
245, 8.07021e+10
246, 8.07021e+10
247, 8.07021e+10
248, 8.07021e+10
249, 8.07021e+10
250, 8.07021e+10
251, 8.07021e+10
252, 8.07021e+10
253, 8.07021e+10
254, 8.07021e+10
255, 8.07021e+10
256, 8.07021e+10
257, 8.07021e+10
258, 8.07021e+10
259, 8.07021e+10
260, 8.07021e+10
261, 8.07021e+10
262, 8.07021e+10
263, 8.07021e+10
264, 8.07021e+10
265, 8.07021e+10
266, 8.07021e+10
267, 8.07021e+10
268, 8.07021e+10
269, 8.07021e+10
270, 8.07021e+10
271, 8.07021e+10
272, 8.07021e+10
273, 8.07021e+10
274, 8.07021e+10
275, 8.07021e+10
276, 8.07021e+10
277, 8.07021e+10
278, 8.07021e+10
279, 8.07021e+10
280, 8.07021e+10
281, 8.07021e+10
282, 7.76636e+10
283, 7.76636e+10
284, 7.76636e+10
285, 7.76636e+10
286, 7.76636e+10
287, 7.38572e+10
288, 7.38572e+10
289, 7.38572e+10
290, 7.38572e+10
291, 7.38572e+10
292, 7.38572e+10
293, 7.38572e+10
294, 7.38572e+10
295, 7.38572e+10
296, 7.38572e+10
297, 7.38572e+10
298, 7.38572e+10
299, 7.38572e+10
300, 7.38572e+10
301, 7.38572e+10
302, 7.38572e+10
303, 7.38572e+10
304, 7.38572e+10
305, 7.38572e+10
306, 7.38572e+10
307, 7.38572e+10
308, 7.38572e+10
309, 7.38572e+10
310, 7.38572e+10
311, 7.02634e+10
312, 7.02634e+10
313, 7.02634e+10
314, 7.02634e+10
315, 6.94243e+10
316, 6.94243e+10
317, 6.94243e+10
318, 6.17011e+10
319, 5.98021e+10
320, 5.81349e+10
321, 5.81349e+10
322, 5.81349e+10
323, 5.81349e+10
324, 5.81349e+10
325, 5.81349e+10
326, 5.81349e+10
327, 5.81349e+10
328, 5.81349e+10
329, 5.81349e+10
330, 5.81349e+10
331, 5.81349e+10
