Iteration, BestFitness
0, 8.52756e+12
1, 8.52756e+12
2, 8.52756e+12
3, 6.51077e+12
4, 5.63467e+12
5, 5.63467e+12
6, 5.47277e+12
7, 5.4059e+12
8, 5.10183e+12
9, 5.02012e+12
10, 4.93664e+12
11, 4.57621e+12
12, 3.53827e+12
13, 3.28264e+12
14, 3.28264e+12
15, 3.28264e+12
16, 3.28264e+12
17, 2.97929e+12
18, 2.71342e+12
19, 2.71342e+12
20, 2.71342e+12
21, 2.71342e+12
22, 2.44942e+12
23, 2.18003e+12
24, 2.10935e+12
25, 1.91222e+12
26, 1.91222e+12
27, 1.91222e+12
28, 1.89977e+12
29, 1.84238e+12
30, 1.72064e+12
31, 1.53791e+12
32, 1.53791e+12
33, 1.53791e+12
34, 1.5108e+12
35, 1.36133e+12
36, 1.21894e+12
37, 1.19883e+12
38, 1.06755e+12
39, 1.06755e+12
40, 1.06755e+12
41, 1.06755e+12
42, 1.0425e+12
43, 9.89683e+11
44, 9.89683e+11
45, 9.89683e+11
46, 9.2745e+11
47, 8.76002e+11
48, 8.76002e+11
49, 8.54407e+11
50, 8.54407e+11
51, 8.54407e+11
52, 8.54407e+11
53, 8.54407e+11
54, 8.54407e+11
55, 8.54407e+11
56, 8.54407e+11
57, 8.54407e+11
58, 7.7544e+11
59, 7.0601e+11
60, 7.0601e+11
61, 7.0601e+11
62, 7.0601e+11
63, 7.0601e+11
64, 6.60664e+11
65, 6.60664e+11
66, 6.60664e+11
67, 6.60664e+11
68, 6.60664e+11
69, 6.56964e+11
70, 5.7006e+11
71, 5.7006e+11
72, 5.7006e+11
73, 5.7006e+11
74, 5.7006e+11
75, 5.7006e+11
76, 5.7006e+11
77, 5.7006e+11
78, 5.7006e+11
79, 5.69083e+11
80, 5.69083e+11
81, 5.69083e+11
82, 5.69083e+11
83, 5.24334e+11
84, 5.16134e+11
85, 5.07833e+11
86, 4.60296e+11
87, 4.60296e+11
88, 4.42308e+11
89, 4.25361e+11
90, 4.25361e+11
91, 4.25361e+11
92, 4.25361e+11
93, 4.09183e+11
94, 4.09183e+11
95, 4.09183e+11
96, 4.09183e+11
97, 4.09183e+11
98, 4.09183e+11
99, 3.87152e+11
100, 3.87152e+11
101, 3.87152e+11
102, 3.87152e+11
103, 3.87152e+11
104, 3.74389e+11
105, 3.74389e+11
106, 3.74389e+11
107, 3.74389e+11
108, 3.74389e+11
109, 3.74389e+11
110, 3.74389e+11
111, 3.74389e+11
112, 3.74389e+11
113, 3.74389e+11
114, 3.63312e+11
115, 3.63197e+11
116, 3.56692e+11
117, 3.4804e+11
118, 3.4449e+11
119, 3.4392e+11
120, 3.4392e+11
121, 3.4392e+11
122, 3.4392e+11
123, 3.4392e+11
124, 3.42731e+11
125, 3.24385e+11
126, 3.19727e+11
127, 3.15409e+11
128, 3.15409e+11
129, 3.15409e+11
130, 3.09356e+11
131, 3.08173e+11
132, 3.08173e+11
133, 3.08173e+11
134, 3.08173e+11
135, 3.08173e+11
136, 2.97978e+11
137, 2.97978e+11
138, 2.97978e+11
139, 2.97978e+11
140, 2.97978e+11
141, 2.97978e+11
142, 2.97978e+11
143, 2.96922e+11
144, 2.86353e+11
145, 2.86353e+11
146, 2.86353e+11
147, 2.86353e+11
148, 2.86353e+11
149, 2.86353e+11
150, 2.86353e+11
151, 2.86353e+11
152, 2.86353e+11
153, 2.86353e+11
154, 2.86353e+11
155, 2.86353e+11
156, 2.86353e+11
157, 2.86353e+11
158, 2.86353e+11
159, 2.86353e+11
160, 2.86353e+11
161, 2.86353e+11
162, 2.83787e+11
163, 2.71539e+11
164, 2.71539e+11
165, 2.71539e+11
166, 2.71539e+11
167, 2.71539e+11
168, 2.71539e+11
169, 2.71539e+11
170, 2.71539e+11
171, 2.71539e+11
172, 2.71539e+11
173, 2.71539e+11
174, 2.62756e+11
175, 2.62756e+11
176, 2.62756e+11
177, 2.62756e+11
178, 2.62756e+11
179, 2.62756e+11
180, 2.62756e+11
181, 2.62756e+11
182, 2.62756e+11
183, 2.55759e+11
184, 2.55728e+11
185, 2.55728e+11
186, 2.55728e+11
187, 2.55728e+11
188, 2.55728e+11
189, 2.55728e+11
190, 2.55728e+11
191, 2.55728e+11
192, 2.55728e+11
193, 2.55728e+11
194, 2.55131e+11
195, 2.52847e+11
196, 2.52847e+11
197, 2.52847e+11
198, 2.52847e+11
199, 2.43437e+11
200, 2.39903e+11
201, 2.39903e+11
202, 2.39889e+11
203, 2.39674e+11
204, 2.39674e+11
205, 2.39194e+11
206, 2.39194e+11
207, 2.39194e+11
208, 2.39194e+11
209, 2.39194e+11
210, 2.39194e+11
211, 2.39194e+11
212, 2.39194e+11
213, 2.39194e+11
214, 2.39194e+11
215, 2.39194e+11
216, 2.39194e+11
217, 2.39194e+11
218, 2.39194e+11
219, 2.39194e+11
220, 2.39194e+11
221, 2.39194e+11
222, 2.39194e+11
223, 2.39194e+11
224, 2.39194e+11
225, 2.39194e+11
226, 2.39194e+11
227, 2.39194e+11
228, 2.37072e+11
229, 2.37072e+11
230, 2.37072e+11
231, 2.37072e+11
232, 2.37072e+11
233, 2.37072e+11
234, 2.37072e+11
235, 2.37072e+11
236, 2.37072e+11
237, 2.37072e+11
238, 2.37072e+11
239, 2.37072e+11
240, 2.37072e+11
241, 2.37072e+11
242, 2.37072e+11
243, 2.37072e+11
244, 2.37072e+11
245, 2.37072e+11
246, 2.37072e+11
247, 2.37072e+11
248, 2.37072e+11
249, 2.37072e+11
250, 2.37072e+11
251, 2.37072e+11
252, 2.37072e+11
253, 2.37072e+11
254, 2.37072e+11
255, 2.37072e+11
256, 2.37072e+11
257, 2.37072e+11
258, 2.37072e+11
259, 2.32265e+11
260, 2.31794e+11
261, 2.24717e+11
262, 2.24717e+11
263, 2.24717e+11
264, 2.24717e+11
265, 2.24717e+11
266, 2.24717e+11
267, 2.24717e+11
268, 2.13177e+11
269, 2.13177e+11
270, 2.13177e+11
271, 2.13177e+11
272, 2.13177e+11
273, 2.13177e+11
274, 2.13177e+11
275, 2.13177e+11
276, 2.13177e+11
277, 2.13177e+11
278, 2.13177e+11
279, 2.13177e+11
280, 2.13177e+11
281, 2.13177e+11
282, 2.13177e+11
283, 2.13177e+11
284, 2.13177e+11
285, 2.13177e+11
286, 2.13177e+11
287, 2.13177e+11
288, 2.13177e+11
289, 2.13177e+11
290, 2.13177e+11
291, 2.13177e+11
292, 2.13177e+11
293, 2.13177e+11
294, 2.13177e+11
295, 2.13177e+11
296, 2.13177e+11
297, 2.13177e+11
298, 2.13177e+11
299, 2.13177e+11
300, 2.13177e+11
301, 2.13177e+11
302, 2.13177e+11
303, 2.13177e+11
304, 2.13177e+11
305, 2.13177e+11
306, 2.13177e+11
307, 2.13177e+11
308, 2.13177e+11
309, 2.13177e+11
310, 2.13177e+11
311, 2.13177e+11
312, 2.13177e+11
313, 2.13177e+11
314, 2.13177e+11
315, 2.13177e+11
316, 2.13177e+11
317, 2.13177e+11
318, 2.13177e+11
319, 2.13177e+11
320, 2.13177e+11
321, 2.13177e+11
322, 2.13177e+11
323, 2.13177e+11
324, 2.13177e+11
325, 2.13177e+11
326, 2.13177e+11
327, 2.13177e+11
328, 2.13177e+11
329, 2.13177e+11
330, 2.13177e+11
331, 2.13177e+11
332, 2.13177e+11
333, 2.13177e+11
334, 2.13177e+11
335, 2.13177e+11
336, 2.13177e+11
337, 2.13177e+11
338, 2.13177e+11
339, 2.13177e+11
340, 2.13177e+11
341, 2.13177e+11
342, 2.13177e+11
343, 2.13177e+11
344, 2.13177e+11
345, 2.13177e+11
346, 2.13177e+11
347, 2.13177e+11
348, 2.13177e+11
349, 2.13177e+11
350, 2.13177e+11
351, 2.13177e+11
352, 2.13177e+11
353, 2.13177e+11
354, 2.13177e+11
355, 2.13177e+11
356, 2.13177e+11
357, 2.13177e+11
358, 2.13177e+11
359, 2.13177e+11
360, 2.13177e+11
361, 2.13177e+11
362, 2.13177e+11
363, 2.13177e+11
364, 2.13177e+11
365, 2.13177e+11
366, 2.13177e+11
367, 2.13177e+11
368, 2.13177e+11
369, 2.13177e+11
370, 2.13177e+11
371, 2.13177e+11
372, 2.13177e+11
373, 2.13177e+11
374, 2.13177e+11
375, 2.13177e+11
376, 2.13177e+11
377, 2.13177e+11
378, 2.13177e+11
379, 2.13177e+11
380, 2.13177e+11
381, 2.13177e+11
382, 2.13177e+11
383, 2.13177e+11
384, 2.13177e+11
385, 2.13177e+11
386, 2.13177e+11
387, 2.13177e+11
388, 2.13177e+11
389, 2.13177e+11
390, 2.13177e+11
391, 2.13177e+11
392, 2.13177e+11
393, 2.13177e+11
394, 2.13177e+11
395, 2.13177e+11
396, 2.13177e+11
397, 2.13177e+11
398, 2.13177e+11
399, 2.13177e+11
400, 2.13177e+11
401, 2.13177e+11
402, 2.13177e+11
403, 2.13177e+11
404, 2.13177e+11
405, 2.13177e+11
406, 2.13177e+11
407, 2.13177e+11
408, 2.13177e+11
409, 2.13177e+11
410, 2.13177e+11
411, 2.13177e+11
412, 2.13177e+11
413, 2.13177e+11
414, 2.13177e+11
415, 2.13177e+11
416, 2.13177e+11
417, 2.13177e+11
418, 2.13177e+11
419, 2.13177e+11
420, 2.13177e+11
421, 2.13177e+11
422, 2.13177e+11
423, 2.13177e+11
424, 2.13177e+11
425, 2.13177e+11
426, 2.13177e+11
427, 2.13177e+11
428, 2.13177e+11
429, 2.13177e+11
430, 2.13177e+11
431, 2.13177e+11
432, 2.13177e+11
433, 2.13177e+11
434, 2.13177e+11
435, 2.13177e+11
436, 2.13177e+11
437, 2.13177e+11
438, 2.13177e+11
439, 2.13177e+11
440, 2.13177e+11
441, 2.13177e+11
442, 2.13177e+11
443, 2.13177e+11
444, 2.13177e+11
445, 2.13177e+11
446, 2.13177e+11
447, 2.13177e+11
448, 2.13177e+11
449, 2.13177e+11
450, 2.13177e+11
451, 2.13177e+11
452, 2.13177e+11
453, 2.13177e+11
454, 2.13177e+11
455, 2.13177e+11
456, 2.13177e+11
457, 2.13177e+11
458, 2.13177e+11
459, 2.13177e+11
460, 2.13177e+11
461, 2.13177e+11
462, 2.13177e+11
463, 2.13177e+11
464, 2.13177e+11
465, 2.13177e+11
466, 2.13177e+11
467, 2.13177e+11
468, 2.13177e+11
469, 2.13177e+11
470, 2.13177e+11
471, 2.13177e+11
472, 2.13177e+11
473, 2.13177e+11
474, 2.13177e+11
475, 2.13177e+11
476, 2.13177e+11
477, 2.13177e+11
478, 2.13177e+11
479, 2.13177e+11
480, 2.13177e+11
481, 2.13177e+11
482, 2.13177e+11
483, 2.13177e+11
484, 2.13177e+11
485, 2.13177e+11
486, 2.13177e+11
487, 2.13177e+11
488, 2.13177e+11
489, 2.13177e+11
490, 2.13177e+11
491, 2.13177e+11
492, 2.13177e+11
493, 2.13177e+11
494, 2.13177e+11
495, 2.13177e+11
496, 2.13177e+11
