Iteration, BestFitness
0, 5.09208e+12
1, 4.63702e+12
2, 4.32554e+12
3, 4.08106e+12
4, 3.23641e+12
5, 2.90449e+12
6, 2.42464e+12
7, 1.78596e+12
8, 1.78596e+12
9, 1.78596e+12
10, 1.78596e+12
11, 1.78596e+12
12, 1.56935e+12
13, 1.31206e+12
14, 1.23148e+12
15, 1.23148e+12
16, 1.23148e+12
17, 1.0799e+12
18, 9.70228e+11
19, 9.70228e+11
20, 9.42359e+11
21, 9.07077e+11
22, 7.48428e+11
23, 6.81832e+11
24, 6.81832e+11
25, 6.46532e+11
26, 6.46532e+11
27, 6.21228e+11
28, 6.21228e+11
29, 6.06035e+11
30, 4.92615e+11
31, 4.92615e+11
32, 4.83427e+11
33, 4.83427e+11
34, 4.83427e+11
35, 4.51933e+11
36, 3.85537e+11
37, 3.78017e+11
38, 3.78017e+11
39, 3.55129e+11
40, 3.36264e+11
41, 3.36264e+11
42, 3.19936e+11
43, 3.19936e+11
44, 2.7356e+11
45, 2.7356e+11
46, 2.7356e+11
47, 2.7356e+11
48, 2.7356e+11
49, 2.7356e+11
50, 2.7356e+11
51, 2.7356e+11
52, 2.7356e+11
53, 2.55576e+11
54, 2.15985e+11
55, 2.15985e+11
56, 2.15985e+11
57, 2.15985e+11
58, 2.15985e+11
59, 2.15985e+11
60, 2.13635e+11
61, 2.13635e+11
62, 2.01604e+11
63, 1.88908e+11
64, 1.87939e+11
65, 1.73556e+11
66, 1.73556e+11
67, 1.73556e+11
68, 1.73556e+11
69, 1.73556e+11
70, 1.73556e+11
71, 1.73556e+11
72, 1.73556e+11
73, 1.66453e+11
74, 1.66453e+11
75, 1.66453e+11
76, 1.66453e+11
77, 1.66453e+11
78, 1.6409e+11
79, 1.551e+11
80, 1.52527e+11
81, 1.45484e+11
82, 1.34349e+11
83, 1.34349e+11
84, 1.34349e+11
85, 1.34349e+11
86, 1.34349e+11
87, 1.3364e+11
88, 1.3364e+11
89, 1.3364e+11
90, 1.3364e+11
91, 1.3364e+11
92, 1.3364e+11
93, 1.3364e+11
94, 1.3364e+11
95, 1.3364e+11
96, 1.3364e+11
97, 1.3364e+11
98, 1.3364e+11
99, 1.3364e+11
100, 1.3364e+11
101, 1.28966e+11
102, 1.28966e+11
103, 1.2605e+11
104, 1.21503e+11
105, 1.21503e+11
106, 1.21503e+11
107, 1.21503e+11
108, 1.21503e+11
109, 1.21269e+11
110, 1.1839e+11
111, 1.1839e+11
112, 1.1839e+11
113, 1.1839e+11
114, 1.1839e+11
115, 1.1839e+11
116, 1.1839e+11
117, 1.1839e+11
118, 1.1839e+11
119, 1.1839e+11
120, 1.15311e+11
121, 1.06655e+11
122, 1.06655e+11
123, 1.06655e+11
124, 1.06655e+11
125, 1.06655e+11
126, 1.06655e+11
127, 1.06655e+11
128, 1.06655e+11
129, 1.06655e+11
130, 1.06655e+11
131, 1.06655e+11
132, 1.06655e+11
133, 1.06655e+11
134, 1.06655e+11
135, 1.06655e+11
136, 1.06655e+11
137, 1.06655e+11
138, 1.06655e+11
139, 1.06655e+11
140, 1.06655e+11
141, 1.06655e+11
142, 1.06655e+11
143, 1.06655e+11
144, 1.06655e+11
145, 1.06655e+11
146, 1.06655e+11
147, 1.06655e+11
148, 1.06655e+11
149, 1.06655e+11
150, 1.06655e+11
151, 1.06655e+11
152, 1.06655e+11
153, 1.06655e+11
154, 1.06655e+11
155, 1.06655e+11
156, 1.06655e+11
157, 1.06655e+11
158, 1.06655e+11
159, 1.06348e+11
160, 1.06348e+11
161, 1.06348e+11
162, 1.06348e+11
163, 1.06348e+11
164, 1.06348e+11
165, 1.06348e+11
166, 1.01139e+11
167, 1.01139e+11
168, 1.01139e+11
169, 1.01139e+11
170, 1.01139e+11
171, 1.01139e+11
172, 1.01139e+11
173, 1.01139e+11
174, 9.20276e+10
175, 9.20276e+10
176, 9.20276e+10
177, 9.20276e+10
178, 9.20276e+10
179, 9.20276e+10
180, 9.20276e+10
181, 9.20276e+10
182, 9.20276e+10
183, 9.20276e+10
184, 9.20276e+10
185, 9.20276e+10
186, 9.20276e+10
187, 9.20276e+10
188, 9.20276e+10
189, 9.20276e+10
190, 9.20276e+10
191, 9.20276e+10
192, 9.20276e+10
193, 9.20276e+10
194, 9.20276e+10
195, 9.20276e+10
196, 9.20276e+10
197, 9.20276e+10
198, 9.20276e+10
199, 9.20276e+10
200, 9.20276e+10
201, 9.20276e+10
202, 9.20276e+10
203, 9.20276e+10
204, 9.20276e+10
205, 9.20276e+10
206, 9.20276e+10
207, 9.20276e+10
208, 9.20276e+10
209, 9.20276e+10
210, 9.20276e+10
211, 9.20276e+10
212, 9.20276e+10
213, 9.20276e+10
214, 9.20276e+10
215, 9.20276e+10
216, 9.20276e+10
217, 9.20276e+10
218, 9.20276e+10
219, 9.20276e+10
220, 9.20276e+10
221, 9.20276e+10
222, 9.20276e+10
223, 9.20276e+10
224, 9.20276e+10
225, 9.20276e+10
226, 9.20276e+10
227, 9.20276e+10
228, 9.20276e+10
229, 9.20276e+10
230, 9.20276e+10
231, 9.20276e+10
232, 9.20276e+10
233, 9.20276e+10
234, 9.20276e+10
235, 9.06437e+10
236, 8.28673e+10
237, 8.28673e+10
238, 8.28673e+10
239, 8.28673e+10
240, 8.28673e+10
241, 8.28673e+10
242, 8.28673e+10
243, 8.28673e+10
244, 8.28673e+10
245, 8.28673e+10
246, 8.28673e+10
247, 8.21152e+10
248, 8.21152e+10
249, 8.21152e+10
250, 8.21152e+10
251, 8.21152e+10
252, 8.21152e+10
253, 8.21152e+10
254, 8.21152e+10
255, 8.21152e+10
256, 8.21152e+10
257, 8.21152e+10
258, 8.21152e+10
259, 8.21152e+10
260, 8.21152e+10
261, 8.21152e+10
262, 8.21152e+10
263, 8.21152e+10
264, 8.21152e+10
265, 8.21152e+10
266, 8.21152e+10
267, 8.21152e+10
268, 8.21152e+10
269, 8.21152e+10
270, 8.21152e+10
271, 8.21152e+10
272, 8.21152e+10
273, 8.21152e+10
274, 8.21152e+10
275, 8.21152e+10
276, 8.21152e+10
277, 8.21152e+10
278, 8.21152e+10
279, 8.21152e+10
280, 8.21152e+10
281, 8.21152e+10
282, 8.21152e+10
283, 8.21152e+10
284, 8.21152e+10
285, 8.21152e+10
286, 7.97249e+10
287, 7.97249e+10
288, 7.97249e+10
289, 7.97249e+10
290, 7.97249e+10
291, 7.97249e+10
292, 7.97249e+10
293, 7.97249e+10
294, 7.97249e+10
295, 7.97249e+10
296, 7.97249e+10
297, 7.97249e+10
298, 7.97249e+10
299, 7.97249e+10
300, 7.97249e+10
301, 7.97249e+10
302, 7.97249e+10
303, 7.97249e+10
304, 7.92509e+10
305, 7.92509e+10
306, 7.82938e+10
307, 7.82938e+10
308, 7.82938e+10
309, 7.82938e+10
310, 7.82938e+10
311, 7.82938e+10
312, 7.75709e+10
313, 7.75709e+10
314, 7.75709e+10
315, 7.74226e+10
316, 7.74226e+10
317, 7.74226e+10
318, 7.74226e+10
319, 7.74226e+10
320, 7.74226e+10
321, 7.74226e+10
322, 7.57422e+10
323, 7.33349e+10
324, 7.33349e+10
325, 7.33349e+10
326, 7.33349e+10
327, 7.33349e+10
328, 7.33349e+10
329, 7.33349e+10
330, 7.33349e+10
331, 7.33349e+10
332, 7.33349e+10
333, 7.33349e+10
334, 7.33349e+10
335, 7.33349e+10
336, 7.33349e+10
337, 7.33349e+10
338, 7.33349e+10
339, 7.33349e+10
340, 7.33349e+10
341, 7.33349e+10
342, 7.33349e+10
343, 7.33349e+10
344, 7.33349e+10
345, 7.33349e+10
346, 7.33349e+10
347, 7.33349e+10
348, 7.33349e+10
349, 7.33349e+10
350, 7.33349e+10
351, 7.33349e+10
352, 7.33349e+10
353, 7.33349e+10
354, 7.33349e+10
355, 7.33349e+10
356, 7.33349e+10
357, 7.33349e+10
358, 7.33349e+10
359, 7.33349e+10
360, 7.33349e+10
361, 7.33349e+10
362, 7.33349e+10
363, 7.33349e+10
364, 7.33349e+10
365, 7.33349e+10
366, 7.33349e+10
367, 7.33349e+10
368, 7.33349e+10
369, 7.33349e+10
370, 7.33349e+10
371, 7.33349e+10
372, 7.33349e+10
373, 7.33349e+10
374, 7.28625e+10
375, 6.90398e+10
376, 6.90398e+10
377, 6.90398e+10
378, 6.90398e+10
379, 6.90398e+10
380, 6.90398e+10
381, 6.90398e+10
382, 6.90398e+10
383, 6.90398e+10
384, 6.90398e+10
385, 6.90398e+10
386, 6.90398e+10
387, 6.90398e+10
388, 6.90398e+10
389, 6.90398e+10
390, 6.90398e+10
391, 6.90398e+10
392, 6.90398e+10
393, 6.90398e+10
394, 6.90398e+10
395, 6.90398e+10
396, 6.90398e+10
397, 6.90398e+10
398, 6.90398e+10
399, 6.90398e+10
400, 6.90398e+10
401, 6.90398e+10
402, 6.90398e+10
403, 6.90398e+10
404, 6.90398e+10
405, 6.90398e+10
406, 6.90398e+10
407, 6.90398e+10
408, 6.90398e+10
409, 6.90398e+10
410, 6.90398e+10
411, 6.90398e+10
412, 6.90398e+10
413, 6.90398e+10
414, 6.90398e+10
415, 6.90398e+10
416, 6.90398e+10
417, 6.90398e+10
418, 6.90398e+10
419, 6.90398e+10
420, 6.90398e+10
421, 6.90398e+10
422, 6.90398e+10
423, 6.90398e+10
424, 6.90398e+10
425, 6.90398e+10
426, 6.90398e+10
427, 6.90398e+10
428, 6.90398e+10
429, 6.90398e+10
430, 6.90398e+10
431, 6.90398e+10
432, 6.90398e+10
433, 6.90398e+10
434, 6.90398e+10
435, 6.90398e+10
436, 6.90398e+10
437, 6.90398e+10
438, 6.90398e+10
439, 6.90398e+10
440, 6.90398e+10
441, 6.90398e+10
442, 6.90398e+10
443, 6.90398e+10
444, 6.90398e+10
445, 6.90398e+10
446, 6.90398e+10
447, 6.90398e+10
448, 6.90398e+10
449, 6.90398e+10
450, 6.90398e+10
451, 6.90398e+10
452, 6.90398e+10
453, 6.90398e+10
454, 6.90398e+10
455, 6.90398e+10
456, 6.90398e+10
457, 6.90398e+10
458, 6.90398e+10
459, 6.90398e+10
460, 6.90398e+10
461, 6.90398e+10
462, 6.90398e+10
463, 6.90398e+10
464, 6.90398e+10
465, 6.90398e+10
466, 6.90398e+10
467, 6.90398e+10
468, 6.90398e+10
469, 6.90398e+10
470, 6.90398e+10
471, 6.90398e+10
472, 6.90398e+10
473, 6.90398e+10
474, 6.90398e+10
475, 6.90398e+10
476, 6.90398e+10
477, 6.90398e+10
478, 6.90398e+10
479, 6.90398e+10
480, 6.90398e+10
481, 6.90398e+10
482, 6.90398e+10
483, 6.90398e+10
484, 6.90398e+10
485, 6.90398e+10
486, 6.90398e+10
487, 6.90398e+10
488, 6.90398e+10
489, 6.90398e+10
490, 6.90398e+10
491, 6.90398e+10
492, 6.90398e+10
493, 6.90398e+10
494, 6.90398e+10
495, 6.90398e+10
496, 6.90398e+10
