Iteration, BestFitness
0, 2.83011e+17
1, 1.84141e+17
2, 1.19982e+17
3, 7.87632e+15
4, 7.87632e+15
5, 7.87632e+15
6, 2.04003e+15
7, 2.04003e+15
8, 2.04003e+15
9, 2.69104e+14
10, 2.69104e+14
11, 2.69104e+14
12, 2.15991e+14
13, 1.96557e+14
14, 1.30612e+14
15, 2.66402e+13
16, 2.66402e+13
17, 2.66402e+13
18, 2.66402e+13
19, 2.66402e+13
20, 2.66402e+13
21, 1.778e+13
22, 1.77292e+13
23, 1.77292e+13
24, 1.77292e+13
25, 1.71761e+13
26, 1.23172e+13
27, 4.81815e+12
28, 4.81815e+12
29, 4.81815e+12
30, 4.81815e+12
31, 4.81815e+12
32, 4.81815e+12
33, 4.07508e+12
34, 1.18241e+12
35, 1.18241e+12
36, 1.18241e+12
37, 1.18241e+12
38, 1.18241e+12
39, 1.18241e+12
40, 1.18241e+12
41, 1.18241e+12
42, 1.18241e+12
43, 1.18241e+12
44, 1.18241e+12
45, 1.18241e+12
46, 1.18241e+12
47, 1.18241e+12
48, 1.18241e+12
49, 9.77214e+11
50, 5.62165e+11
51, 5.62165e+11
52, 5.62165e+11
53, 5.62165e+11
54, 5.62165e+11
55, 5.62165e+11
56, 3.69711e+11
57, 3.69711e+11
58, 3.69711e+11
59, 3.69711e+11
60, 3.69711e+11
61, 3.69711e+11
62, 3.69711e+11
63, 3.69711e+11
64, 2.9268e+11
65, 2.42603e+11
66, 2.42603e+11
67, 2.42603e+11
68, 2.42603e+11
69, 2.42603e+11
70, 1.74596e+11
71, 1.74596e+11
72, 8.7368e+10
73, 8.7368e+10
74, 8.7368e+10
75, 8.7368e+10
76, 8.7368e+10
77, 8.7368e+10
78, 8.7368e+10
79, 7.04275e+10
80, 7.04275e+10
81, 7.04275e+10
82, 7.04275e+10
83, 7.04275e+10
84, 7.04275e+10
85, 7.04275e+10
86, 7.04275e+10
87, 7.04275e+10
88, 7.04275e+10
89, 7.04275e+10
90, 7.04275e+10
91, 7.04275e+10
92, 7.04275e+10
93, 7.04275e+10
94, 7.04275e+10
95, 7.04275e+10
96, 7.04275e+10
97, 7.04275e+10
98, 7.04275e+10
99, 7.04275e+10
100, 7.04275e+10
101, 7.04275e+10
102, 4.6749e+10
103, 4.6749e+10
104, 3.56649e+10
105, 3.56649e+10
106, 3.56649e+10
107, 3.56649e+10
108, 3.56649e+10
109, 3.56649e+10
110, 3.56649e+10
111, 3.56649e+10
112, 3.56649e+10
113, 3.56649e+10
114, 3.56649e+10
115, 3.56649e+10
116, 3.56649e+10
117, 3.23695e+10
118, 3.23695e+10
119, 3.23695e+10
120, 2.40815e+10
121, 2.40815e+10
122, 2.40815e+10
123, 2.40815e+10
124, 2.40815e+10
125, 2.40815e+10
126, 2.40815e+10
127, 2.40815e+10
128, 2.40815e+10
129, 2.40815e+10
130, 2.40815e+10
131, 1.74763e+10
132, 1.74763e+10
133, 1.74763e+10
134, 1.74763e+10
135, 1.60114e+10
136, 1.60114e+10
137, 1.60114e+10
138, 1.60114e+10
139, 1.60114e+10
140, 1.60114e+10
141, 1.60114e+10
142, 1.60114e+10
143, 1.60114e+10
144, 1.60114e+10
145, 1.60114e+10
146, 1.60114e+10
147, 1.60114e+10
148, 1.60114e+10
149, 1.60114e+10
150, 1.60114e+10
151, 1.60114e+10
152, 1.60114e+10
153, 1.60114e+10
154, 1.60114e+10
155, 1.60114e+10
156, 1.60114e+10
157, 1.60114e+10
158, 1.60114e+10
159, 1.60114e+10
160, 1.60114e+10
161, 1.60114e+10
162, 1.60114e+10
163, 1.60114e+10
164, 6.97855e+09
165, 6.97855e+09
166, 6.97855e+09
167, 6.97855e+09
168, 6.97855e+09
169, 6.97855e+09
170, 6.97855e+09
171, 6.97855e+09
172, 6.97855e+09
173, 6.97855e+09
174, 6.97855e+09
175, 6.97855e+09
176, 6.97855e+09
177, 6.97855e+09
178, 6.97855e+09
179, 6.97855e+09
180, 6.97855e+09
181, 6.97855e+09
182, 6.97855e+09
183, 6.97855e+09
184, 6.97855e+09
185, 6.97855e+09
186, 6.97855e+09
187, 6.97855e+09
188, 6.97855e+09
189, 6.97855e+09
190, 6.97855e+09
191, 6.97855e+09
192, 6.97855e+09
193, 6.97855e+09
194, 6.97855e+09
195, 6.97855e+09
196, 6.97855e+09
197, 6.97855e+09
198, 6.97855e+09
199, 6.97855e+09
200, 6.97855e+09
201, 6.97855e+09
202, 6.97855e+09
203, 6.97855e+09
204, 6.97855e+09
205, 6.97855e+09
206, 6.97855e+09
207, 6.97855e+09
208, 6.97855e+09
209, 6.97855e+09
210, 6.97855e+09
211, 6.97855e+09
212, 6.97855e+09
213, 6.97855e+09
214, 6.97855e+09
215, 6.97855e+09
216, 6.97855e+09
217, 6.97855e+09
218, 6.97855e+09
219, 6.97855e+09
220, 6.97855e+09
221, 6.97855e+09
222, 6.97855e+09
223, 6.97855e+09
224, 6.97855e+09
225, 6.97855e+09
226, 6.97855e+09
227, 6.97855e+09
228, 6.97855e+09
229, 6.97855e+09
230, 6.97855e+09
231, 6.97855e+09
232, 6.97855e+09
233, 6.97855e+09
234, 6.97855e+09
235, 6.97855e+09
236, 6.97855e+09
237, 6.97855e+09
238, 6.97855e+09
239, 6.97855e+09
240, 6.97855e+09
241, 6.97855e+09
242, 6.97855e+09
243, 6.97855e+09
244, 6.97855e+09
245, 6.97855e+09
246, 6.97855e+09
247, 6.97855e+09
248, 6.97855e+09
249, 6.97855e+09
250, 6.97855e+09
251, 6.97855e+09
252, 6.97855e+09
253, 6.97855e+09
254, 6.97855e+09
255, 6.97855e+09
256, 6.97855e+09
257, 6.97855e+09
258, 6.97855e+09
259, 6.97855e+09
260, 6.97855e+09
261, 6.97855e+09
262, 6.97855e+09
263, 6.97855e+09
264, 6.97855e+09
265, 6.97855e+09
266, 6.97855e+09
267, 6.97855e+09
268, 6.97855e+09
269, 6.97855e+09
270, 6.97855e+09
271, 6.97855e+09
272, 6.97855e+09
273, 6.97855e+09
274, 6.97855e+09
275, 6.97855e+09
276, 6.97855e+09
277, 6.97855e+09
278, 6.97855e+09
279, 6.97855e+09
280, 6.97855e+09
281, 6.97855e+09
282, 6.97855e+09
283, 6.97855e+09
284, 6.97855e+09
285, 6.97855e+09
286, 6.97855e+09
287, 6.97855e+09
288, 6.97855e+09
289, 6.97855e+09
290, 6.97855e+09
291, 6.97855e+09
292, 6.97855e+09
293, 6.97855e+09
294, 6.97855e+09
295, 6.97855e+09
296, 6.97855e+09
297, 6.97855e+09
298, 6.97855e+09
299, 6.97855e+09
300, 6.97855e+09
301, 6.97855e+09
302, 6.97855e+09
303, 6.97855e+09
304, 6.97855e+09
305, 6.97855e+09
306, 6.97855e+09
307, 6.97855e+09
308, 6.97855e+09
309, 6.97855e+09
310, 6.97855e+09
311, 6.97855e+09
312, 6.97855e+09
313, 6.97855e+09
314, 6.97855e+09
315, 6.97855e+09
316, 6.97855e+09
317, 6.97855e+09
318, 6.97855e+09
319, 6.97855e+09
320, 6.97855e+09
321, 6.97855e+09
322, 6.97855e+09
323, 6.97855e+09
324, 6.97855e+09
325, 6.97855e+09
326, 6.97855e+09
327, 6.97855e+09
328, 6.97855e+09
329, 6.97855e+09
330, 6.97855e+09
331, 6.97855e+09
332, 6.97855e+09
333, 6.97855e+09
334, 6.97855e+09
335, 6.97855e+09
336, 6.97855e+09
337, 6.97855e+09
338, 6.97855e+09
339, 6.97855e+09
340, 6.97855e+09
341, 6.97855e+09
342, 6.97855e+09
343, 6.97855e+09
344, 6.97855e+09
345, 6.97855e+09
346, 6.97855e+09
347, 6.97855e+09
348, 6.97855e+09
349, 6.97855e+09
350, 6.97855e+09
351, 6.97855e+09
352, 6.97855e+09
353, 6.97855e+09
354, 6.97855e+09
355, 6.97855e+09
356, 6.97855e+09
357, 6.97855e+09
358, 6.97855e+09
359, 6.97855e+09
360, 6.97855e+09
361, 6.97855e+09
362, 6.97855e+09
363, 6.97855e+09
364, 6.97855e+09
365, 6.97855e+09
366, 6.97855e+09
367, 6.97855e+09
368, 6.97855e+09
369, 6.97855e+09
370, 6.97855e+09
371, 6.97855e+09
372, 6.97855e+09
373, 6.97855e+09
374, 6.97855e+09
375, 6.97855e+09
376, 6.97855e+09
377, 6.97855e+09
378, 6.97855e+09
379, 6.97855e+09
380, 6.97855e+09
381, 6.97855e+09
382, 6.97855e+09
383, 6.97855e+09
384, 6.97855e+09
385, 6.97855e+09
386, 6.97855e+09
387, 6.97855e+09
388, 6.97855e+09
389, 6.97855e+09
390, 6.97855e+09
391, 6.97855e+09
392, 6.97855e+09
393, 6.97855e+09
394, 6.97855e+09
395, 6.97855e+09
396, 6.97855e+09
397, 6.97855e+09
398, 6.97855e+09
399, 6.97855e+09
400, 6.97855e+09
401, 6.97855e+09
402, 6.97855e+09
403, 6.97855e+09
404, 6.97855e+09
405, 6.97855e+09
406, 6.97855e+09
407, 6.97855e+09
408, 6.97855e+09
409, 6.97855e+09
410, 6.97855e+09
411, 6.97855e+09
412, 6.97855e+09
413, 6.97855e+09
414, 6.97855e+09
415, 6.97855e+09
416, 6.97855e+09
417, 6.97855e+09
418, 6.97855e+09
419, 6.97855e+09
420, 6.97855e+09
421, 6.97855e+09
422, 6.97855e+09
423, 6.97855e+09
424, 6.97855e+09
425, 6.97855e+09
426, 6.97855e+09
427, 6.97855e+09
428, 6.97855e+09
429, 6.97855e+09
430, 6.97855e+09
431, 6.97855e+09
432, 6.97855e+09
433, 6.97855e+09
434, 6.97855e+09
435, 6.97855e+09
436, 6.97855e+09
437, 6.97855e+09
438, 6.97855e+09
439, 6.97855e+09
440, 6.97855e+09
441, 6.97855e+09
442, 6.97855e+09
443, 6.97855e+09
444, 6.97855e+09
445, 6.97855e+09
446, 6.97855e+09
447, 6.97855e+09
448, 6.97855e+09
449, 6.97855e+09
450, 6.97855e+09
451, 6.97855e+09
452, 6.97855e+09
453, 6.97855e+09
454, 6.97855e+09
455, 6.97855e+09
456, 6.97855e+09
457, 6.97855e+09
458, 6.97855e+09
459, 6.97855e+09
460, 6.97855e+09
461, 6.97855e+09
462, 6.97855e+09
463, 6.97855e+09
464, 6.97855e+09
465, 6.97855e+09
466, 6.97855e+09
467, 6.97855e+09
468, 6.97855e+09
469, 6.97855e+09
470, 6.97855e+09
471, 6.97855e+09
472, 6.97855e+09
473, 6.97855e+09
474, 6.97855e+09
475, 6.97855e+09
476, 6.97855e+09
477, 6.97855e+09
478, 6.97855e+09
479, 6.97855e+09
480, 6.97855e+09
481, 6.97855e+09
482, 6.97855e+09
483, 6.97855e+09
484, 6.97855e+09
485, 6.97855e+09
486, 6.97855e+09
487, 6.97855e+09
488, 6.97855e+09
489, 6.97855e+09
490, 6.97855e+09
491, 6.97855e+09
492, 6.97855e+09
493, 6.97855e+09
494, 6.97855e+09
495, 6.97855e+09
496, 6.97855e+09
