Iteration, BestFitness
0, 1.90114e+15
1, 1.85072e+15
2, 1.85072e+15
3, 1.85072e+15
4, 1.62093e+14
5, 1.62093e+14
6, 1.82292e+13
7, 1.82292e+13
8, 1.82292e+13
9, 1.82292e+13
10, 1.82292e+13
11, 8.03321e+12
12, 8.03321e+12
13, 8.03321e+12
14, 8.03321e+12
15, 7.56467e+12
16, 6.29932e+12
17, 4.30482e+12
18, 4.30482e+12
19, 4.22456e+12
20, 4.22456e+12
21, 4.22456e+12
22, 4.22456e+12
23, 4.17846e+12
24, 4.17846e+12
25, 4.17846e+12
26, 4.10487e+12
27, 3.35504e+12
28, 3.14073e+12
29, 3.14073e+12
30, 3.14073e+12
31, 2.71888e+12
32, 2.09022e+12
33, 1.83554e+12
34, 1.83554e+12
35, 1.7771e+12
36, 1.35397e+12
37, 1.35397e+12
38, 1.32543e+12
39, 1.23861e+12
40, 1.23861e+12
41, 9.88658e+11
42, 9.88658e+11
43, 9.88658e+11
44, 9.70054e+11
45, 8.90886e+11
46, 8.90886e+11
47, 8.89536e+11
48, 6.75955e+11
49, 6.75955e+11
50, 6.75955e+11
51, 6.65434e+11
52, 5.64639e+11
53, 5.64639e+11
54, 5.51491e+11
55, 5.41886e+11
56, 4.70428e+11
57, 4.70428e+11
58, 4.70428e+11
59, 4.70428e+11
60, 3.98386e+11
61, 3.96566e+11
62, 3.1237e+11
63, 3.1237e+11
64, 3.1237e+11
65, 3.1237e+11
66, 3.1237e+11
67, 3.07816e+11
68, 3.07816e+11
69, 3.07816e+11
70, 3.07816e+11
71, 3.07816e+11
72, 3.07816e+11
73, 3.07816e+11
74, 2.46196e+11
75, 2.28935e+11
76, 2.28935e+11
77, 2.28935e+11
78, 2.28935e+11
79, 2.28935e+11
80, 2.28935e+11
81, 2.28935e+11
82, 2.28935e+11
83, 2.28935e+11
84, 2.28935e+11
85, 2.28935e+11
86, 2.28935e+11
87, 2.28935e+11
88, 2.27241e+11
89, 2.0548e+11
90, 2.0453e+11
91, 1.77093e+11
92, 1.77093e+11
93, 1.77093e+11
94, 1.77093e+11
95, 1.77093e+11
96, 1.77093e+11
97, 1.77093e+11
98, 1.77093e+11
99, 1.77093e+11
100, 1.65771e+11
101, 1.65771e+11
102, 1.65771e+11
103, 1.65771e+11
104, 1.65771e+11
105, 1.65771e+11
106, 1.65771e+11
107, 1.65771e+11
108, 1.65771e+11
109, 1.65771e+11
110, 1.4624e+11
111, 1.4624e+11
112, 1.4624e+11
113, 1.4624e+11
114, 1.4624e+11
115, 1.4624e+11
116, 1.4624e+11
117, 1.4624e+11
118, 1.4624e+11
119, 1.4624e+11
120, 1.4624e+11
121, 1.4624e+11
122, 1.4624e+11
123, 1.26916e+11
124, 1.26916e+11
125, 1.26916e+11
126, 1.26916e+11
127, 1.26916e+11
128, 1.26916e+11
129, 1.26916e+11
130, 1.26916e+11
131, 1.26916e+11
132, 1.26916e+11
133, 1.26916e+11
134, 1.26916e+11
135, 1.26916e+11
136, 1.26916e+11
137, 1.26916e+11
138, 1.26916e+11
139, 1.26916e+11
140, 1.26916e+11
141, 1.26916e+11
142, 1.26916e+11
143, 1.26916e+11
144, 1.26916e+11
145, 1.26916e+11
146, 1.26916e+11
147, 1.26916e+11
148, 1.26916e+11
149, 1.26916e+11
150, 1.26916e+11
151, 1.26916e+11
152, 1.26916e+11
153, 1.26916e+11
154, 1.26916e+11
155, 1.26916e+11
156, 1.26916e+11
157, 1.26916e+11
158, 1.26916e+11
159, 1.26916e+11
160, 1.26916e+11
161, 1.26916e+11
162, 1.26916e+11
163, 1.26916e+11
164, 1.26916e+11
165, 1.26916e+11
166, 1.26916e+11
167, 1.26916e+11
168, 1.26916e+11
169, 1.26916e+11
170, 1.26916e+11
171, 1.26916e+11
172, 1.26916e+11
173, 1.26916e+11
174, 1.26916e+11
175, 1.26916e+11
176, 1.26916e+11
177, 1.26916e+11
178, 1.26916e+11
179, 1.26916e+11
180, 1.26916e+11
181, 1.26916e+11
182, 1.26916e+11
183, 1.26916e+11
184, 1.26916e+11
185, 1.26916e+11
186, 1.26916e+11
187, 1.26916e+11
188, 1.26916e+11
189, 1.26916e+11
190, 1.26916e+11
191, 1.26916e+11
192, 1.26916e+11
193, 1.26916e+11
194, 1.26916e+11
195, 1.26916e+11
196, 1.26916e+11
197, 1.26916e+11
198, 1.26916e+11
199, 1.26916e+11
200, 1.26916e+11
201, 1.26916e+11
202, 1.26916e+11
203, 1.26916e+11
204, 1.26916e+11
205, 1.26916e+11
206, 1.26916e+11
207, 1.26916e+11
208, 1.26916e+11
209, 1.26916e+11
210, 1.26916e+11
211, 1.26916e+11
212, 1.26916e+11
213, 1.26916e+11
214, 1.26916e+11
215, 1.26916e+11
216, 1.26916e+11
217, 1.26916e+11
218, 1.26916e+11
219, 1.26916e+11
220, 1.26916e+11
221, 1.26916e+11
222, 1.26916e+11
223, 1.26916e+11
224, 1.26916e+11
225, 1.26916e+11
226, 1.26916e+11
227, 1.26916e+11
228, 1.26916e+11
229, 1.26916e+11
230, 1.26916e+11
231, 1.26916e+11
232, 1.26916e+11
233, 1.26916e+11
234, 1.26916e+11
235, 1.26916e+11
236, 1.26916e+11
237, 1.26916e+11
238, 1.26916e+11
239, 1.26916e+11
240, 1.26916e+11
241, 1.26916e+11
242, 1.26916e+11
243, 1.26916e+11
244, 1.26916e+11
245, 1.26916e+11
246, 1.26916e+11
247, 1.26916e+11
248, 1.26916e+11
249, 1.26916e+11
250, 1.26916e+11
251, 1.26916e+11
252, 1.26916e+11
253, 1.26916e+11
254, 1.26916e+11
255, 1.26916e+11
256, 1.26916e+11
257, 1.26916e+11
258, 1.26916e+11
259, 1.26916e+11
260, 1.26916e+11
261, 1.26916e+11
262, 1.26916e+11
263, 1.26916e+11
264, 1.26916e+11
265, 1.26916e+11
266, 1.26916e+11
267, 1.26916e+11
268, 1.26916e+11
269, 1.26916e+11
270, 1.26916e+11
271, 1.26916e+11
272, 1.26916e+11
273, 1.26916e+11
274, 1.26916e+11
275, 1.26916e+11
276, 1.26916e+11
277, 1.26916e+11
278, 1.26916e+11
279, 1.26916e+11
280, 1.26916e+11
281, 1.26916e+11
282, 1.26916e+11
283, 1.26916e+11
284, 1.26916e+11
285, 1.26916e+11
286, 1.26916e+11
287, 1.26916e+11
288, 1.26916e+11
289, 1.26916e+11
290, 1.26916e+11
291, 1.26916e+11
292, 1.26916e+11
293, 1.26916e+11
294, 1.26916e+11
295, 1.26916e+11
296, 1.26916e+11
297, 1.26916e+11
298, 1.26916e+11
299, 1.26916e+11
300, 1.26916e+11
301, 1.26916e+11
302, 1.26916e+11
303, 1.26916e+11
304, 1.26916e+11
305, 1.26916e+11
306, 1.26916e+11
307, 1.26916e+11
308, 1.26916e+11
309, 1.26916e+11
310, 1.26916e+11
311, 1.26916e+11
312, 1.26916e+11
313, 1.26916e+11
314, 1.26916e+11
315, 1.26916e+11
316, 1.26916e+11
317, 1.26916e+11
318, 1.26916e+11
319, 1.26916e+11
320, 1.26916e+11
321, 1.26916e+11
322, 1.26916e+11
323, 1.26916e+11
324, 1.26916e+11
325, 1.26916e+11
326, 1.26916e+11
327, 1.26916e+11
328, 1.26916e+11
329, 1.26916e+11
330, 1.26916e+11
331, 1.26916e+11
332, 1.26916e+11
333, 1.26916e+11
334, 1.26916e+11
335, 1.26916e+11
336, 1.26916e+11
337, 1.26916e+11
338, 1.26916e+11
339, 1.26916e+11
340, 1.26916e+11
341, 1.26916e+11
342, 1.26916e+11
343, 1.26916e+11
344, 1.26916e+11
345, 1.26916e+11
346, 1.26916e+11
347, 1.26916e+11
348, 1.26916e+11
349, 1.26916e+11
350, 1.26916e+11
351, 1.26916e+11
352, 1.26916e+11
353, 1.26916e+11
354, 1.26916e+11
355, 1.26916e+11
356, 1.26916e+11
357, 1.26916e+11
358, 1.26916e+11
359, 1.26916e+11
360, 1.26916e+11
361, 1.26916e+11
362, 1.26916e+11
363, 1.26916e+11
364, 1.26916e+11
365, 1.26916e+11
366, 1.26916e+11
367, 1.26916e+11
368, 1.26916e+11
369, 1.26916e+11
370, 1.26916e+11
371, 1.26916e+11
372, 1.26916e+11
373, 1.26916e+11
374, 1.26916e+11
375, 1.26916e+11
376, 1.26916e+11
377, 1.26916e+11
378, 1.26916e+11
379, 1.26916e+11
380, 1.26916e+11
381, 1.26916e+11
382, 1.26916e+11
383, 1.26916e+11
384, 1.26916e+11
385, 1.26916e+11
386, 1.26916e+11
387, 1.26916e+11
388, 1.26916e+11
389, 1.26916e+11
390, 1.26916e+11
391, 1.26916e+11
392, 1.26916e+11
393, 1.26916e+11
394, 1.26916e+11
395, 1.26916e+11
396, 1.26916e+11
397, 1.26916e+11
398, 1.26916e+11
399, 1.26916e+11
400, 1.26916e+11
401, 1.26916e+11
402, 1.26916e+11
403, 1.26916e+11
404, 1.26916e+11
405, 1.26916e+11
406, 1.26916e+11
407, 1.26916e+11
408, 1.26916e+11
409, 1.26916e+11
410, 1.26916e+11
411, 1.26916e+11
412, 1.26916e+11
413, 1.26916e+11
414, 1.26916e+11
415, 1.26916e+11
416, 1.26916e+11
417, 1.26916e+11
418, 1.26916e+11
419, 1.26916e+11
420, 1.26916e+11
421, 1.26916e+11
422, 1.26916e+11
423, 1.26916e+11
424, 1.26916e+11
425, 1.26916e+11
426, 1.26916e+11
427, 1.26916e+11
428, 1.26916e+11
429, 1.26916e+11
430, 1.26916e+11
431, 1.26916e+11
432, 1.26916e+11
433, 1.26916e+11
434, 1.26916e+11
435, 1.26916e+11
436, 1.26916e+11
437, 1.26916e+11
438, 1.26916e+11
439, 1.26916e+11
440, 1.26916e+11
441, 1.26916e+11
442, 1.26916e+11
443, 1.26916e+11
444, 1.26916e+11
445, 1.26916e+11
446, 1.26112e+11
447, 1.26112e+11
448, 1.26112e+11
449, 1.26112e+11
450, 1.26112e+11
451, 1.26112e+11
452, 1.26112e+11
453, 1.26112e+11
454, 1.26112e+11
455, 1.26112e+11
456, 1.25462e+11
457, 1.25462e+11
458, 1.25462e+11
459, 1.25462e+11
460, 1.25462e+11
461, 1.25462e+11
462, 1.25462e+11
463, 1.25462e+11
464, 1.25462e+11
465, 1.25462e+11
466, 1.25462e+11
467, 1.25462e+11
468, 1.25462e+11
469, 1.25462e+11
470, 1.25462e+11
471, 1.25462e+11
472, 1.25462e+11
473, 1.25462e+11
474, 1.25462e+11
475, 1.25462e+11
476, 1.25462e+11
477, 1.25462e+11
478, 1.25462e+11
479, 1.25462e+11
480, 1.25462e+11
481, 1.25462e+11
482, 1.25462e+11
483, 1.25462e+11
484, 1.25462e+11
485, 1.25462e+11
486, 1.23822e+11
487, 1.22425e+11
488, 1.22425e+11
489, 1.22425e+11
490, 1.22425e+11
491, 1.22425e+11
492, 1.22425e+11
493, 1.22425e+11
494, 1.22425e+11
495, 1.22425e+11
496, 1.22425e+11
