Iteration, BestFitness
0, 8.34287e+16
1, 8.34287e+16
2, 6.02089e+16
3, 3.7301e+16
4, 3.7301e+16
5, 3.7301e+16
6, 3.7301e+16
7, 3.7301e+16
8, 3.7301e+16
9, 3.7301e+16
10, 3.7301e+16
11, 3.33053e+16
12, 1.51524e+16
13, 5.43402e+15
14, 5.43402e+15
15, 5.84616e+14
16, 5.84616e+14
17, 5.84616e+14
18, 2.27722e+14
19, 2.11948e+14
20, 2.11948e+14
21, 2.11948e+14
22, 2.11948e+14
23, 1.65163e+14
24, 1.5723e+14
25, 1.5723e+14
26, 1.5723e+14
27, 1.5723e+14
28, 1.5723e+14
29, 1.5723e+14
30, 1.5723e+14
31, 1.5723e+14
32, 1.5723e+14
33, 1.5723e+14
34, 1.5723e+14
35, 1.5723e+14
36, 7.39097e+13
37, 5.74916e+13
38, 3.17006e+13
39, 3.17006e+13
40, 3.17006e+13
41, 3.17006e+13
42, 1.19217e+13
43, 1.19217e+13
44, 1.19217e+13
45, 1.19217e+13
46, 1.19217e+13
47, 1.19217e+13
48, 1.19217e+13
49, 1.19217e+13
50, 1.19217e+13
51, 2.97015e+12
52, 2.97015e+12
53, 2.97015e+12
54, 2.97015e+12
55, 2.93739e+12
56, 2.91262e+12
57, 2.9125e+12
58, 1.59432e+12
59, 1.59432e+12
60, 1.59432e+12
61, 1.59432e+12
62, 1.59432e+12
63, 1.59432e+12
64, 1.59432e+12
65, 1.5436e+12
66, 1.35125e+12
67, 1.35125e+12
68, 1.35125e+12
69, 1.35125e+12
70, 1.35125e+12
71, 1.35125e+12
72, 1.35125e+12
73, 1.35125e+12
74, 1.35125e+12
75, 1.35125e+12
76, 1.35125e+12
77, 1.35125e+12
78, 1.35125e+12
79, 1.35125e+12
80, 1.35125e+12
81, 1.35125e+12
82, 1.35125e+12
83, 1.35125e+12
84, 1.35125e+12
85, 1.35125e+12
86, 1.35125e+12
87, 1.35125e+12
88, 8.16549e+11
89, 8.16549e+11
90, 8.16549e+11
91, 8.16549e+11
92, 8.16549e+11
93, 8.16549e+11
94, 7.22393e+11
95, 7.22393e+11
96, 7.22393e+11
97, 7.22393e+11
98, 7.22393e+11
99, 5.04227e+11
100, 5.00293e+11
101, 5.00293e+11
102, 5.00293e+11
103, 4.71215e+11
104, 3.81716e+11
105, 3.70498e+11
106, 3.68532e+11
107, 3.68529e+11
108, 3.68529e+11
109, 3.68529e+11
110, 3.68529e+11
111, 3.68529e+11
112, 3.68529e+11
113, 3.68529e+11
114, 3.68529e+11
115, 3.68529e+11
116, 3.68529e+11
117, 3.68529e+11
118, 3.68529e+11
119, 3.68529e+11
120, 3.68529e+11
121, 3.68529e+11
122, 3.68529e+11
123, 2.56393e+11
124, 2.41355e+11
125, 2.41355e+11
126, 2.41355e+11
127, 2.41355e+11
128, 2.41355e+11
129, 2.41355e+11
130, 2.41355e+11
131, 2.14123e+11
132, 2.06948e+11
133, 2.06948e+11
134, 2.01341e+11
135, 2.01341e+11
136, 2.01341e+11
137, 2.01341e+11
138, 2.01341e+11
139, 2.01341e+11
140, 2.01341e+11
141, 2.01341e+11
142, 2.01341e+11
143, 2.01341e+11
144, 2.01341e+11
145, 2.01341e+11
146, 2.01341e+11
147, 2.01341e+11
148, 1.99921e+11
149, 1.99921e+11
150, 1.71569e+11
151, 1.41814e+11
152, 1.28938e+11
153, 1.28938e+11
154, 1.28938e+11
155, 1.28938e+11
156, 1.28938e+11
157, 1.28938e+11
158, 1.28938e+11
159, 1.28938e+11
160, 1.28938e+11
161, 1.28938e+11
162, 1.28938e+11
163, 1.28938e+11
164, 1.28938e+11
165, 1.28938e+11
166, 1.28938e+11
167, 1.28938e+11
168, 1.28938e+11
169, 1.28938e+11
170, 1.28938e+11
171, 1.28938e+11
172, 1.28938e+11
173, 1.28938e+11
174, 1.28938e+11
175, 1.28938e+11
176, 1.28938e+11
177, 1.28938e+11
178, 1.28938e+11
179, 1.28938e+11
180, 1.28938e+11
181, 1.28938e+11
182, 1.28938e+11
183, 1.20576e+11
184, 1.15667e+11
185, 1.0516e+11
186, 9.77704e+10
187, 9.77704e+10
188, 9.77704e+10
189, 9.77704e+10
190, 9.77704e+10
191, 9.77704e+10
192, 9.77704e+10
193, 9.77704e+10
194, 9.77704e+10
195, 9.77704e+10
196, 9.77704e+10
197, 9.77704e+10
198, 9.77704e+10
199, 9.77704e+10
200, 9.77704e+10
201, 9.77704e+10
202, 9.77704e+10
203, 9.77704e+10
204, 9.77704e+10
205, 9.77704e+10
206, 9.77704e+10
207, 9.77704e+10
208, 9.77704e+10
209, 9.77704e+10
210, 9.77704e+10
211, 9.77704e+10
212, 9.77704e+10
213, 9.77704e+10
214, 9.77704e+10
215, 9.77704e+10
216, 9.77704e+10
217, 9.77704e+10
218, 9.77704e+10
219, 9.77704e+10
220, 9.77704e+10
221, 9.77704e+10
222, 9.77704e+10
223, 9.77704e+10
224, 9.77704e+10
225, 9.77704e+10
226, 9.77704e+10
227, 9.77704e+10
228, 9.77704e+10
229, 9.77704e+10
230, 9.77704e+10
231, 9.77704e+10
232, 9.77704e+10
233, 9.77704e+10
234, 9.77704e+10
235, 9.77704e+10
236, 9.77704e+10
237, 9.77704e+10
238, 9.77704e+10
239, 9.77704e+10
240, 9.77704e+10
241, 9.77704e+10
242, 9.77704e+10
243, 9.77704e+10
244, 9.77704e+10
245, 9.77704e+10
246, 8.90267e+10
247, 8.87134e+10
248, 8.18071e+10
249, 8.18071e+10
250, 8.18071e+10
251, 8.18071e+10
252, 8.18071e+10
253, 8.18071e+10
254, 8.18071e+10
255, 8.18071e+10
256, 8.18071e+10
257, 8.18071e+10
258, 8.18071e+10
259, 8.18071e+10
260, 8.18071e+10
261, 8.18071e+10
262, 7.96079e+10
263, 7.96079e+10
264, 7.96079e+10
265, 7.96079e+10
266, 7.96079e+10
267, 7.96079e+10
268, 7.96079e+10
269, 7.96079e+10
270, 7.96079e+10
271, 7.96079e+10
272, 7.96079e+10
273, 7.96079e+10
274, 7.36761e+10
275, 7.36761e+10
276, 7.36761e+10
277, 7.36761e+10
278, 7.36761e+10
279, 7.36761e+10
280, 7.36761e+10
281, 7.36761e+10
282, 7.36761e+10
283, 7.36761e+10
284, 7.36761e+10
285, 7.36761e+10
286, 7.36761e+10
287, 7.36761e+10
288, 7.36761e+10
289, 7.36761e+10
290, 7.36761e+10
291, 7.36761e+10
292, 7.36761e+10
293, 7.36761e+10
294, 7.36761e+10
295, 7.36761e+10
296, 7.36761e+10
297, 7.36761e+10
298, 7.36761e+10
299, 7.36761e+10
300, 7.36761e+10
301, 7.36761e+10
302, 7.36761e+10
303, 7.36761e+10
304, 7.36761e+10
305, 7.36761e+10
306, 7.36761e+10
307, 7.36761e+10
308, 7.36761e+10
309, 7.36761e+10
310, 7.36761e+10
311, 7.36761e+10
312, 7.36761e+10
313, 6.93408e+10
314, 6.40839e+10
315, 6.06703e+10
316, 6.06703e+10
317, 6.06703e+10
318, 6.06703e+10
319, 6.06703e+10
320, 6.03475e+10
321, 6.03209e+10
322, 6.03209e+10
323, 6.03209e+10
324, 6.03209e+10
325, 6.03209e+10
326, 6.03209e+10
327, 6.03209e+10
328, 5.53783e+10
329, 5.42294e+10
330, 5.42294e+10
331, 5.42294e+10
