Iteration, BestFitness
0, 5.36852e+16
1, 1.04158e+16
2, 9.50497e+15
3, 6.09898e+15
4, 3.24217e+15
5, 1.94674e+15
6, 1.94674e+15
7, 1.94674e+15
8, 1.83084e+15
9, 1.78888e+15
10, 1.66379e+15
11, 1.30961e+15
12, 6.7579e+14
13, 6.7579e+14
14, 3.15567e+14
15, 3.15567e+14
16, 3.15567e+14
17, 3.15567e+14
18, 3.15567e+14
19, 7.26175e+13
20, 7.26175e+13
21, 7.26175e+13
22, 7.26175e+13
23, 7.26175e+13
24, 7.26175e+13
25, 7.26175e+13
26, 7.26175e+13
27, 7.26175e+13
28, 7.26175e+13
29, 7.26175e+13
30, 7.26175e+13
31, 7.26175e+13
32, 7.26175e+13
33, 5.21451e+13
34, 4.18343e+13
35, 4.18343e+13
36, 2.085e+13
37, 1.99858e+13
38, 1.99858e+13
39, 1.99858e+13
40, 1.99858e+13
41, 1.99858e+13
42, 1.59098e+13
43, 1.52309e+13
44, 1.52309e+13
45, 9.96402e+12
46, 9.96402e+12
47, 9.96402e+12
48, 9.96402e+12
49, 9.96402e+12
50, 9.96402e+12
51, 9.96402e+12
52, 9.96402e+12
53, 9.96402e+12
54, 9.96402e+12
55, 9.96402e+12
56, 9.96402e+12
57, 9.96402e+12
58, 9.96402e+12
59, 9.96402e+12
60, 9.96402e+12
61, 9.96402e+12
62, 7.65546e+12
63, 7.65546e+12
64, 7.65546e+12
65, 7.08091e+12
66, 4.52716e+12
67, 3.73997e+12
68, 3.73997e+12
69, 3.73997e+12
70, 3.73997e+12
71, 3.73997e+12
72, 3.73997e+12
73, 3.73997e+12
74, 3.73997e+12
75, 3.73997e+12
76, 3.73997e+12
77, 3.73997e+12
78, 3.73997e+12
79, 3.73997e+12
80, 3.63415e+12
81, 3.63415e+12
82, 3.63415e+12
83, 3.63415e+12
84, 3.63415e+12
85, 3.63415e+12
86, 3.63415e+12
87, 3.44757e+12
88, 3.44757e+12
89, 3.44757e+12
90, 3.44757e+12
91, 3.44757e+12
92, 3.44757e+12
93, 3.44757e+12
94, 3.44757e+12
95, 3.44757e+12
96, 3.44757e+12
97, 3.44757e+12
98, 3.44757e+12
99, 3.44757e+12
100, 3.44757e+12
101, 3.44757e+12
102, 3.44757e+12
103, 3.44757e+12
104, 3.44757e+12
105, 3.44757e+12
106, 3.44757e+12
107, 3.44757e+12
108, 3.44757e+12
109, 3.44757e+12
110, 3.44757e+12
111, 3.44757e+12
112, 3.44757e+12
113, 3.44757e+12
114, 3.40211e+12
115, 3.0294e+12
116, 3.0294e+12
117, 3.0294e+12
118, 3.0294e+12
119, 3.0294e+12
120, 3.0294e+12
121, 3.0294e+12
122, 3.0294e+12
123, 3.0294e+12
124, 3.0294e+12
125, 3.0294e+12
126, 3.00845e+12
127, 2.97199e+12
128, 2.97199e+12
129, 2.97199e+12
130, 2.97199e+12
131, 2.59641e+12
132, 2.59641e+12
133, 2.59641e+12
134, 2.59641e+12
135, 2.59641e+12
136, 2.59641e+12
137, 2.59641e+12
138, 2.58149e+12
139, 2.58149e+12
140, 2.58149e+12
141, 2.58149e+12
142, 2.58149e+12
143, 2.58149e+12
144, 2.58149e+12
145, 2.58149e+12
146, 2.58149e+12
147, 2.09425e+12
148, 2.09425e+12
149, 2.09425e+12
150, 2.09425e+12
151, 2.09425e+12
152, 2.09425e+12
153, 2.09425e+12
154, 2.09425e+12
155, 2.09425e+12
156, 2.09425e+12
157, 2.09425e+12
158, 2.09425e+12
159, 2.09425e+12
160, 2.09425e+12
161, 2.09425e+12
162, 2.09425e+12
163, 2.09425e+12
164, 2.09425e+12
165, 2.09425e+12
166, 2.09425e+12
167, 2.09425e+12
168, 2.07421e+12
169, 1.79435e+12
170, 1.79435e+12
171, 1.79435e+12
172, 1.79435e+12
173, 1.79435e+12
174, 1.79435e+12
175, 1.79435e+12
176, 1.79435e+12
177, 1.79435e+12
178, 1.79435e+12
179, 1.79435e+12
180, 1.79435e+12
181, 1.79435e+12
182, 1.79435e+12
183, 1.79435e+12
184, 1.79435e+12
185, 1.79435e+12
186, 1.79435e+12
187, 1.79435e+12
188, 1.79435e+12
189, 1.79435e+12
190, 1.79435e+12
191, 1.79435e+12
192, 1.79435e+12
193, 1.79435e+12
194, 1.79435e+12
195, 1.13855e+12
196, 1.13043e+12
197, 1.13043e+12
198, 1.13043e+12
199, 1.13043e+12
200, 1.12386e+12
201, 1.11889e+12
202, 1.11889e+12
203, 1.11889e+12
204, 1.11889e+12
205, 1.11889e+12
206, 1.11889e+12
207, 1.11889e+12
208, 1.11889e+12
209, 1.11889e+12
210, 1.11889e+12
211, 1.11889e+12
212, 1.11889e+12
213, 1.11889e+12
214, 1.11889e+12
215, 1.11889e+12
216, 1.11889e+12
217, 1.11889e+12
218, 1.09814e+12
219, 1.09814e+12
220, 1.09814e+12
221, 1.09814e+12
222, 1.09814e+12
223, 1.09814e+12
224, 1.09814e+12
225, 1.0517e+12
226, 1.0517e+12
227, 1.0517e+12
228, 1.0517e+12
229, 1.0517e+12
230, 1.0517e+12
231, 1.0517e+12
232, 1.0517e+12
233, 1.0517e+12
234, 8.9925e+11
235, 8.9925e+11
236, 8.9925e+11
237, 8.9925e+11
238, 8.9925e+11
239, 7.16879e+11
240, 7.16879e+11
241, 7.16879e+11
242, 7.16879e+11
243, 7.16879e+11
244, 7.16879e+11
245, 7.16879e+11
246, 7.16879e+11
247, 7.16879e+11
248, 6.60287e+11
249, 5.67442e+11
250, 5.67442e+11
251, 5.67442e+11
252, 5.45904e+11
253, 5.45904e+11
254, 5.45904e+11
255, 5.45169e+11
256, 5.45169e+11
257, 5.45169e+11
258, 5.45169e+11
259, 5.45169e+11
260, 5.45169e+11
261, 5.45169e+11
262, 5.45169e+11
263, 5.45169e+11
264, 5.45169e+11
265, 5.45169e+11
266, 5.45169e+11
267, 5.45169e+11
268, 5.45169e+11
269, 5.45169e+11
270, 5.45169e+11
271, 5.45169e+11
272, 5.45169e+11
273, 5.45169e+11
274, 5.45169e+11
275, 5.45169e+11
276, 5.45169e+11
277, 5.45169e+11
278, 5.45169e+11
279, 5.45169e+11
280, 5.28522e+11
281, 5.02593e+11
282, 5.02593e+11
283, 5.02593e+11
284, 5.02593e+11
285, 5.02593e+11
286, 5.02593e+11
287, 5.02593e+11
288, 5.02593e+11
289, 5.02593e+11
290, 5.02593e+11
291, 5.02593e+11
292, 5.02593e+11
293, 5.02593e+11
294, 5.02593e+11
295, 5.02593e+11
296, 5.02593e+11
297, 4.7767e+11
298, 4.7767e+11
299, 4.7767e+11
300, 4.7767e+11
301, 4.7767e+11
302, 4.7767e+11
303, 4.7767e+11
304, 4.7767e+11
305, 4.7767e+11
306, 4.7767e+11
307, 4.68606e+11
308, 4.68606e+11
309, 4.68606e+11
310, 4.68606e+11
311, 4.68606e+11
312, 4.68606e+11
313, 4.68606e+11
314, 4.68606e+11
315, 4.44192e+11
316, 4.44192e+11
317, 4.44192e+11
318, 4.44192e+11
319, 4.44192e+11
320, 4.44192e+11
321, 4.44192e+11
322, 4.44192e+11
323, 3.71062e+11
324, 3.65634e+11
325, 3.54107e+11
326, 3.54107e+11
327, 3.54107e+11
328, 3.54107e+11
329, 3.54107e+11
330, 3.54107e+11
331, 3.54107e+11
