Iteration, BestFitness
0, 2.1176e+16
1, 2.11712e+16
2, 9.13924e+15
3, 9.13924e+15
4, 2.8209e+14
5, 2.8209e+14
6, 1.56575e+14
7, 9.90926e+13
8, 9.90926e+13
9, 9.90926e+13
10, 9.90926e+13
11, 9.90926e+13
12, 9.90926e+13
13, 9.90926e+13
14, 9.90926e+13
15, 9.90413e+13
16, 9.90413e+13
17, 9.90413e+13
18, 9.90413e+13
19, 9.90413e+13
20, 9.90413e+13
21, 9.90413e+13
22, 1.33357e+13
23, 1.33357e+13
24, 1.33357e+13
25, 1.33357e+13
26, 1.33357e+13
27, 1.33357e+13
28, 1.33357e+13
29, 1.33357e+13
30, 1.25219e+13
31, 1.25219e+13
32, 1.25219e+13
33, 1.25219e+13
34, 1.25219e+13
35, 1.25219e+13
36, 1.25219e+13
37, 1.25219e+13
38, 1.25219e+13
39, 1.25219e+13
40, 1.25219e+13
41, 1.25219e+13
42, 1.25219e+13
43, 1.25219e+13
44, 1.25219e+13
45, 1.25219e+13
46, 1.25219e+13
47, 1.25219e+13
48, 1.25219e+13
49, 8.98927e+12
50, 8.98927e+12
51, 8.98927e+12
52, 8.98927e+12
53, 8.98927e+12
54, 8.98927e+12
55, 8.98927e+12
56, 8.98927e+12
57, 8.98927e+12
58, 8.98927e+12
59, 8.98927e+12
60, 8.98927e+12
61, 8.98927e+12
62, 7.45633e+12
63, 7.45633e+12
64, 6.24267e+12
65, 6.24267e+12
66, 6.24267e+12
67, 5.18951e+12
68, 5.18951e+12
69, 2.33276e+12
70, 2.33276e+12
71, 2.33276e+12
72, 2.33276e+12
73, 2.33276e+12
74, 1.29772e+12
75, 1.27333e+12
76, 8.30721e+11
77, 8.30721e+11
78, 8.30721e+11
79, 8.30721e+11
80, 8.30721e+11
81, 8.30721e+11
82, 8.30721e+11
83, 8.30721e+11
84, 8.30721e+11
85, 8.30721e+11
86, 7.46651e+11
87, 7.46651e+11
88, 5.78481e+11
89, 5.78481e+11
90, 5.78481e+11
91, 5.78481e+11
92, 5.78481e+11
93, 5.78481e+11
94, 5.78481e+11
95, 5.78481e+11
96, 5.78481e+11
97, 5.78481e+11
98, 5.78481e+11
99, 5.78481e+11
100, 5.78481e+11
101, 5.78481e+11
102, 5.78481e+11
103, 5.1526e+11
104, 5.1526e+11
105, 5.1526e+11
106, 5.1526e+11
107, 5.1526e+11
108, 3.75781e+11
109, 3.75781e+11
110, 3.75781e+11
111, 3.75781e+11
112, 3.75781e+11
113, 3.61041e+11
114, 3.61041e+11
115, 3.39544e+11
116, 3.39544e+11
117, 3.39544e+11
118, 3.39544e+11
119, 3.39544e+11
120, 3.39544e+11
121, 3.39544e+11
122, 3.39544e+11
123, 3.39544e+11
124, 3.39544e+11
125, 3.39544e+11
126, 3.39544e+11
127, 3.39544e+11
128, 3.39544e+11
129, 3.39544e+11
130, 3.09002e+11
131, 2.73087e+11
132, 2.73087e+11
133, 2.73087e+11
134, 2.73087e+11
135, 2.73087e+11
136, 2.72693e+11
137, 2.3624e+11
138, 2.3624e+11
139, 2.3624e+11
140, 2.31069e+11
141, 2.31069e+11
142, 2.31069e+11
143, 2.14151e+11
144, 1.90106e+11
145, 1.81393e+11
146, 1.81393e+11
147, 1.81393e+11
148, 1.81393e+11
149, 1.81393e+11
150, 1.81393e+11
151, 1.81393e+11
152, 1.81393e+11
153, 1.81393e+11
154, 1.81393e+11
155, 1.81393e+11
156, 1.81393e+11
157, 1.81393e+11
158, 1.81393e+11
159, 1.81393e+11
160, 1.81393e+11
161, 1.81393e+11
162, 1.7616e+11
163, 1.7616e+11
164, 1.64763e+11
165, 1.58125e+11
166, 1.58125e+11
167, 1.57581e+11
168, 1.56372e+11
169, 1.44676e+11
170, 1.42104e+11
171, 1.42104e+11
172, 1.42104e+11
173, 1.42104e+11
174, 1.42104e+11
175, 1.42104e+11
176, 1.42104e+11
177, 1.42104e+11
178, 1.42104e+11
179, 1.42104e+11
180, 1.42104e+11
181, 1.42104e+11
182, 1.42104e+11
183, 1.42104e+11
184, 1.42104e+11
185, 1.42104e+11
186, 1.42104e+11
187, 1.42104e+11
188, 1.05986e+11
189, 1.05986e+11
190, 1.05986e+11
191, 1.05986e+11
192, 1.05986e+11
193, 1.05986e+11
194, 1.05986e+11
195, 1.05986e+11
196, 1.05986e+11
197, 1.05986e+11
198, 1.05986e+11
199, 1.05986e+11
200, 1.05986e+11
201, 1.05986e+11
202, 1.05986e+11
203, 1.05377e+11
204, 1.04825e+11
205, 1.04825e+11
206, 1.04825e+11
207, 1.04825e+11
208, 1.04825e+11
209, 1.04662e+11
210, 1.04662e+11
211, 9.3282e+10
212, 9.3282e+10
213, 9.3282e+10
214, 9.3282e+10
215, 9.3282e+10
216, 9.3282e+10
217, 9.3282e+10
218, 9.3282e+10
219, 9.3282e+10
220, 9.3282e+10
221, 9.3282e+10
222, 9.3282e+10
223, 9.3282e+10
224, 9.3282e+10
225, 9.3282e+10
226, 9.3282e+10
227, 9.1969e+10
228, 9.1969e+10
229, 9.1969e+10
230, 9.1969e+10
231, 9.1969e+10
232, 9.1969e+10
233, 9.1969e+10
234, 9.1969e+10
235, 9.1969e+10
236, 9.1969e+10
237, 8.4531e+10
238, 8.4531e+10
239, 8.21339e+10
240, 8.06372e+10
241, 8.06372e+10
242, 8.06372e+10
243, 8.06372e+10
244, 8.06372e+10
245, 8.06372e+10
246, 8.06372e+10
247, 8.06372e+10
248, 8.06372e+10
249, 8.06372e+10
250, 8.06372e+10
251, 8.06372e+10
252, 8.06372e+10
253, 8.06372e+10
254, 8.06372e+10
255, 8.06372e+10
256, 8.06372e+10
257, 8.06372e+10
258, 8.06372e+10
259, 8.06372e+10
260, 8.06372e+10
261, 8.06372e+10
262, 8.06372e+10
263, 8.06372e+10
264, 8.06372e+10
265, 8.06372e+10
266, 8.06372e+10
267, 8.06372e+10
268, 8.06372e+10
269, 8.06372e+10
270, 8.06372e+10
271, 8.06372e+10
272, 8.06372e+10
273, 8.06372e+10
274, 8.06372e+10
275, 8.06372e+10
276, 8.06372e+10
277, 8.06372e+10
278, 8.06372e+10
279, 8.06372e+10
280, 7.47008e+10
281, 7.47008e+10
282, 7.47008e+10
283, 7.47008e+10
284, 7.47008e+10
285, 7.47008e+10
286, 7.47008e+10
287, 7.47008e+10
288, 7.47008e+10
289, 7.47008e+10
290, 7.47008e+10
291, 7.47008e+10
292, 7.47008e+10
293, 7.47008e+10
294, 6.04546e+10
295, 6.04546e+10
296, 6.04546e+10
297, 6.04546e+10
298, 6.04546e+10
299, 6.04546e+10
300, 6.04546e+10
301, 6.04546e+10
302, 6.04546e+10
303, 6.04546e+10
304, 6.04546e+10
305, 6.04546e+10
306, 6.04546e+10
307, 6.04546e+10
308, 6.04546e+10
309, 6.04546e+10
310, 6.04546e+10
311, 6.04546e+10
312, 6.04546e+10
313, 6.04546e+10
314, 6.04546e+10
315, 6.04546e+10
316, 6.04546e+10
317, 6.04546e+10
318, 6.04546e+10
319, 6.04546e+10
320, 6.04546e+10
321, 6.04546e+10
322, 6.04546e+10
323, 6.04546e+10
324, 6.04546e+10
325, 6.04546e+10
326, 6.04546e+10
327, 6.04546e+10
328, 6.04546e+10
329, 6.04546e+10
330, 6.04546e+10
331, 6.04546e+10
