Iteration, BestFitness
0, 1.21829e+18
1, 1.21829e+18
2, 2.13072e+17
3, 4.5145e+16
4, 2.08811e+16
5, 5.68727e+15
6, 5.26945e+15
7, 5.26945e+15
8, 3.92819e+15
9, 3.92819e+15
10, 3.92819e+15
11, 3.92819e+15
12, 1.6765e+15
13, 1.6765e+15
14, 1.17239e+15
15, 1.16525e+15
16, 1.16525e+15
17, 1.16525e+15
18, 4.1055e+14
19, 4.1055e+14
20, 4.1055e+14
21, 4.1055e+14
22, 4.1055e+14
23, 3.85837e+14
24, 3.85837e+14
25, 3.85837e+14
26, 3.85837e+14
27, 3.85837e+14
28, 1.90341e+14
29, 1.54739e+14
30, 6.89268e+13
31, 5.3815e+13
32, 3.29833e+13
33, 1.99993e+13
34, 1.99993e+13
35, 1.99993e+13
36, 1.99993e+13
37, 1.99993e+13
38, 1.99993e+13
39, 1.99993e+13
40, 1.99993e+13
41, 1.99993e+13
42, 1.99993e+13
43, 1.99993e+13
44, 1.99993e+13
45, 1.99993e+13
46, 1.99993e+13
47, 1.99993e+13
48, 1.4381e+13
49, 1.34823e+13
50, 1.34823e+13
51, 1.34823e+13
52, 1.34823e+13
53, 1.20413e+13
54, 7.33804e+12
55, 5.92033e+12
56, 5.91568e+12
57, 5.91568e+12
58, 5.91568e+12
59, 5.82787e+12
60, 5.82787e+12
61, 5.71117e+12
62, 5.71117e+12
63, 5.71117e+12
64, 5.71117e+12
65, 5.71117e+12
66, 5.71117e+12
67, 5.71117e+12
68, 5.71117e+12
69, 5.71117e+12
70, 4.42606e+12
71, 2.5828e+12
72, 2.5828e+12
73, 2.05933e+12
74, 2.05933e+12
75, 2.05933e+12
76, 1.55624e+12
77, 1.55624e+12
78, 1.55624e+12
79, 1.55624e+12
80, 1.55624e+12
81, 1.55624e+12
82, 1.55624e+12
83, 1.55624e+12
84, 1.55624e+12
85, 1.55624e+12
86, 1.55624e+12
87, 1.55624e+12
88, 1.55624e+12
89, 1.55624e+12
90, 1.55624e+12
91, 1.55624e+12
92, 1.55624e+12
93, 1.55624e+12
94, 1.51873e+12
95, 1.51873e+12
96, 1.51873e+12
97, 1.51873e+12
98, 1.51873e+12
99, 9.91316e+11
100, 9.91316e+11
101, 9.91316e+11
102, 9.91316e+11
103, 9.91316e+11
104, 9.91316e+11
105, 8.65612e+11
106, 8.65612e+11
107, 8.65612e+11
108, 5.53455e+11
109, 5.53455e+11
110, 5.53455e+11
111, 5.53455e+11
112, 5.53455e+11
113, 5.53455e+11
114, 5.53455e+11
115, 5.53455e+11
116, 5.53455e+11
117, 4.95279e+11
118, 4.95279e+11
119, 4.60104e+11
120, 4.51935e+11
121, 4.51935e+11
122, 4.51935e+11
123, 4.51935e+11
124, 4.51935e+11
125, 4.51935e+11
126, 4.51935e+11
127, 4.51935e+11
128, 4.51935e+11
129, 4.51935e+11
130, 4.51935e+11
131, 4.51935e+11
132, 4.51935e+11
133, 4.51935e+11
134, 4.51935e+11
135, 4.51935e+11
136, 4.51935e+11
137, 4.32321e+11
138, 4.32321e+11
139, 4.32321e+11
140, 4.32321e+11
141, 4.32321e+11
142, 4.32321e+11
143, 3.55822e+11
144, 3.55822e+11
145, 2.74906e+11
146, 2.74906e+11
147, 2.74906e+11
148, 2.74906e+11
149, 2.74906e+11
150, 2.74906e+11
151, 2.74906e+11
152, 2.74906e+11
153, 2.74906e+11
154, 2.74906e+11
155, 2.74906e+11
156, 2.74906e+11
157, 2.74906e+11
158, 2.74906e+11
159, 2.56109e+11
160, 2.56109e+11
161, 2.56109e+11
162, 2.56109e+11
163, 2.56109e+11
164, 1.80176e+11
165, 1.69959e+11
166, 1.69959e+11
167, 1.69959e+11
168, 1.69959e+11
169, 1.69959e+11
170, 1.69959e+11
171, 1.69959e+11
172, 1.69959e+11
173, 1.69959e+11
174, 1.69959e+11
175, 1.69959e+11
176, 1.69959e+11
177, 1.69959e+11
178, 1.69959e+11
179, 1.69959e+11
180, 1.69959e+11
181, 1.69959e+11
182, 1.69959e+11
183, 1.69959e+11
184, 1.69959e+11
185, 1.69959e+11
186, 1.69959e+11
187, 1.69959e+11
188, 1.69959e+11
189, 1.69959e+11
190, 1.69959e+11
191, 1.69959e+11
192, 1.69959e+11
193, 1.69959e+11
194, 1.69959e+11
195, 1.69959e+11
196, 1.66258e+11
197, 1.55217e+11
198, 1.55217e+11
199, 1.55217e+11
200, 1.55217e+11
201, 1.55217e+11
202, 1.55217e+11
203, 1.55217e+11
204, 1.55217e+11
205, 1.55217e+11
206, 1.55217e+11
207, 1.55217e+11
208, 1.35368e+11
209, 1.35368e+11
210, 1.31485e+11
211, 1.30586e+11
212, 1.30586e+11
213, 1.30586e+11
214, 1.30586e+11
215, 1.30586e+11
216, 1.30586e+11
217, 1.30586e+11
218, 1.30586e+11
219, 1.17233e+11
220, 1.17233e+11
221, 1.17233e+11
222, 1.0619e+11
223, 1.0619e+11
224, 1.0619e+11
225, 1.05902e+11
226, 1.05902e+11
227, 1.05902e+11
228, 1.05902e+11
229, 1.05902e+11
230, 1.05902e+11
231, 1.05902e+11
232, 1.05902e+11
233, 1.05902e+11
234, 1.05902e+11
235, 1.05902e+11
236, 1.05902e+11
237, 1.05902e+11
238, 1.05902e+11
239, 1.05902e+11
240, 1.05902e+11
241, 1.05902e+11
242, 1.05902e+11
243, 1.05902e+11
244, 1.05902e+11
245, 1.05902e+11
246, 1.05902e+11
247, 1.05902e+11
248, 1.05902e+11
249, 1.05863e+11
250, 1.05863e+11
251, 1.05863e+11
252, 1.05863e+11
253, 1.05863e+11
254, 1.05863e+11
255, 1.05863e+11
256, 1.05863e+11
257, 1.05863e+11
258, 1.05863e+11
259, 1.05863e+11
260, 1.05863e+11
261, 8.61289e+10
262, 8.5191e+10
263, 7.72255e+10
264, 7.51677e+10
265, 7.25221e+10
266, 7.14346e+10
267, 6.9843e+10
268, 6.9843e+10
269, 6.9843e+10
270, 6.9843e+10
271, 6.9843e+10
272, 6.9843e+10
273, 6.9843e+10
274, 6.9843e+10
275, 6.9843e+10
276, 6.9843e+10
277, 6.9843e+10
278, 6.9843e+10
279, 6.9843e+10
280, 6.9843e+10
281, 6.9843e+10
282, 6.9843e+10
283, 6.9843e+10
284, 6.9843e+10
285, 6.9843e+10
286, 6.9843e+10
287, 6.9843e+10
288, 6.9843e+10
289, 6.9843e+10
290, 6.55032e+10
291, 6.55032e+10
292, 6.55032e+10
293, 6.55032e+10
294, 6.55032e+10
295, 6.55032e+10
296, 6.55032e+10
297, 6.55032e+10
298, 6.55032e+10
299, 6.1318e+10
300, 6.1318e+10
301, 6.1318e+10
302, 6.1318e+10
303, 6.1318e+10
304, 6.1318e+10
305, 6.1318e+10
306, 6.1318e+10
307, 6.1318e+10
308, 6.1318e+10
309, 6.1318e+10
310, 6.1318e+10
311, 6.1318e+10
312, 6.1318e+10
313, 6.1318e+10
314, 6.1318e+10
315, 6.1318e+10
316, 6.1318e+10
317, 6.1318e+10
318, 6.1318e+10
319, 6.1318e+10
320, 6.1318e+10
321, 6.1318e+10
322, 6.1318e+10
323, 6.1318e+10
324, 6.1318e+10
325, 6.1318e+10
326, 6.1318e+10
327, 6.1318e+10
328, 6.1318e+10
329, 6.1318e+10
330, 6.1318e+10
331, 6.1318e+10
