Iteration, BestFitness
0, 3.75691e+12
1, 3.75691e+12
2, 3.54769e+12
3, 2.73176e+12
4, 2.45518e+12
5, 2.45518e+12
6, 2.45518e+12
7, 2.22179e+12
8, 1.67565e+12
9, 1.58358e+12
10, 1.58358e+12
11, 1.58358e+12
12, 1.58358e+12
13, 1.4558e+12
14, 1.36191e+12
15, 1.31888e+12
16, 1.2478e+12
17, 1.2478e+12
18, 1.2478e+12
19, 1.03096e+12
20, 8.38337e+11
21, 7.72018e+11
22, 7.72018e+11
23, 7.72018e+11
24, 7.72018e+11
25, 7.72018e+11
26, 5.78379e+11
27, 5.71846e+11
28, 5.71846e+11
29, 5.71846e+11
30, 5.71846e+11
31, 5.71846e+11
32, 5.71846e+11
33, 4.73718e+11
34, 4.39037e+11
35, 4.18087e+11
36, 4.18087e+11
37, 4.18087e+11
38, 4.03418e+11
39, 3.85071e+11
40, 3.27842e+11
41, 3.13933e+11
42, 3.13933e+11
43, 3.13933e+11
44, 3.13933e+11
45, 3.13933e+11
46, 3.13933e+11
47, 3.13933e+11
48, 3.13933e+11
49, 3.07137e+11
50, 3.05911e+11
51, 2.9718e+11
52, 2.69634e+11
53, 2.33061e+11
54, 2.15108e+11
55, 2.15108e+11
56, 2.15108e+11
57, 2.15108e+11
58, 2.15108e+11
59, 2.15108e+11
60, 2.15108e+11
61, 2.15108e+11
62, 2.15108e+11
63, 2.15108e+11
64, 2.15108e+11
65, 2.15108e+11
66, 2.15108e+11
67, 2.15108e+11
68, 2.13087e+11
69, 2.06105e+11
70, 2.01207e+11
71, 2.01207e+11
72, 2.01207e+11
73, 2.01207e+11
74, 2.01207e+11
75, 2.01207e+11
76, 2.01207e+11
77, 1.86971e+11
78, 1.68332e+11
79, 1.68332e+11
80, 1.68332e+11
81, 1.68332e+11
82, 1.64381e+11
83, 1.64381e+11
84, 1.64381e+11
85, 1.64381e+11
86, 1.64381e+11
87, 1.64381e+11
88, 1.64381e+11
89, 1.64381e+11
90, 1.64381e+11
91, 1.64381e+11
92, 1.61634e+11
93, 1.49293e+11
94, 1.49293e+11
95, 1.49293e+11
96, 1.49293e+11
97, 1.49293e+11
98, 1.49293e+11
99, 1.49293e+11
100, 1.49293e+11
101, 1.49293e+11
102, 1.49293e+11
103, 1.49293e+11
104, 1.49293e+11
105, 1.49293e+11
106, 1.49293e+11
107, 1.47786e+11
108, 1.47786e+11
109, 1.40356e+11
110, 1.40356e+11
111, 1.40356e+11
112, 1.40356e+11
113, 1.40356e+11
114, 1.40356e+11
115, 1.40356e+11
116, 1.40356e+11
117, 1.38553e+11
118, 1.38553e+11
119, 1.38553e+11
120, 1.38553e+11
121, 1.38553e+11
122, 1.38553e+11
123, 1.38553e+11
124, 1.30495e+11
125, 1.30495e+11
126, 1.30495e+11
127, 1.30495e+11
128, 1.29522e+11
129, 1.29522e+11
130, 1.29522e+11
131, 1.29522e+11
132, 1.27399e+11
133, 1.27399e+11
134, 1.27399e+11
135, 1.27399e+11
136, 1.22822e+11
137, 1.22822e+11
138, 1.22822e+11
139, 1.22822e+11
140, 1.22822e+11
141, 1.22822e+11
142, 1.22822e+11
143, 1.22822e+11
144, 1.22822e+11
145, 1.22822e+11
146, 1.22822e+11
147, 1.22822e+11
148, 1.22822e+11
149, 1.22822e+11
150, 1.22822e+11
151, 1.22822e+11
152, 1.22822e+11
153, 1.22822e+11
154, 1.22822e+11
155, 1.22822e+11
156, 1.22822e+11
157, 1.22822e+11
158, 1.22822e+11
159, 1.22822e+11
160, 1.22822e+11
161, 1.22822e+11
162, 1.22822e+11
163, 1.22822e+11
164, 1.22822e+11
165, 1.22822e+11
166, 1.17384e+11
167, 1.17384e+11
168, 1.17384e+11
169, 1.17384e+11
170, 1.17384e+11
171, 1.17384e+11
172, 1.17384e+11
173, 1.11963e+11
174, 1.11963e+11
175, 1.11963e+11
176, 1.11963e+11
177, 1.11963e+11
178, 1.11963e+11
179, 1.11963e+11
180, 1.11963e+11
181, 1.11963e+11
182, 1.11963e+11
183, 1.11963e+11
184, 1.11963e+11
185, 1.11963e+11
186, 1.11963e+11
187, 1.11963e+11
188, 1.11963e+11
189, 1.11963e+11
190, 1.11963e+11
191, 1.11963e+11
192, 1.11963e+11
193, 1.11963e+11
194, 1.11963e+11
195, 1.11963e+11
196, 1.11963e+11
197, 1.11963e+11
198, 1.11963e+11
199, 1.11963e+11
200, 1.11963e+11
201, 1.11963e+11
202, 1.11963e+11
203, 1.11963e+11
204, 1.11963e+11
205, 1.11963e+11
206, 1.11963e+11
207, 1.11963e+11
208, 1.11963e+11
209, 1.11963e+11
210, 1.11963e+11
211, 1.11963e+11
212, 1.11963e+11
213, 1.11963e+11
214, 1.11963e+11
215, 1.11963e+11
216, 1.11963e+11
217, 1.11963e+11
218, 1.11963e+11
219, 1.11963e+11
220, 1.11963e+11
221, 1.11963e+11
222, 1.11963e+11
223, 1.11963e+11
224, 1.11963e+11
225, 1.11963e+11
226, 1.11963e+11
227, 1.11963e+11
228, 1.11963e+11
229, 1.11963e+11
230, 1.11384e+11
231, 1.11384e+11
232, 1.11384e+11
233, 1.10827e+11
234, 1.02682e+11
235, 1.02682e+11
236, 1.02682e+11
237, 1.02682e+11
238, 1.02682e+11
239, 1.02682e+11
240, 1.02682e+11
241, 1.02682e+11
242, 1.02682e+11
243, 1.02682e+11
244, 1.02682e+11
245, 1.02682e+11
246, 1.02682e+11
247, 1.02682e+11
248, 1.02682e+11
249, 1.02682e+11
250, 1.02682e+11
251, 1.02682e+11
252, 1.02682e+11
253, 1.02682e+11
254, 1.02682e+11
255, 1.02682e+11
256, 1.02682e+11
257, 1.02682e+11
258, 1.02682e+11
259, 1.02682e+11
260, 1.02682e+11
261, 1.02682e+11
262, 1.02682e+11
263, 1.02682e+11
264, 1.02682e+11
265, 1.02682e+11
266, 1.02682e+11
267, 1.02682e+11
268, 1.02682e+11
269, 1.02682e+11
270, 1.02682e+11
271, 1.02682e+11
272, 1.02682e+11
273, 1.02682e+11
274, 1.02682e+11
275, 1.02682e+11
276, 1.02682e+11
277, 1.02682e+11
278, 1.02682e+11
279, 1.02682e+11
280, 1.02682e+11
281, 1.02682e+11
282, 1.02682e+11
283, 1.02682e+11
284, 1.02682e+11
285, 1.02682e+11
286, 1.02682e+11
287, 1.02682e+11
288, 1.02682e+11
289, 1.02682e+11
290, 1.02682e+11
291, 1.02682e+11
292, 1.02682e+11
293, 1.01923e+11
294, 1.01923e+11
295, 1.01923e+11
296, 1.01923e+11
297, 1.01923e+11
298, 1.01923e+11
299, 1.01923e+11
300, 1.01923e+11
301, 1.01923e+11
302, 1.01923e+11
303, 1.01923e+11
304, 1.01923e+11
305, 1.01923e+11
306, 1.01923e+11
307, 1.01923e+11
308, 1.01923e+11
309, 1.01923e+11
310, 1.01923e+11
311, 1.01923e+11
312, 1.01923e+11
313, 1.01923e+11
314, 1.01923e+11
315, 1.01923e+11
316, 1.01923e+11
317, 1.01923e+11
318, 1.01923e+11
319, 1.01923e+11
320, 1.01923e+11
321, 1.01923e+11
322, 1.01923e+11
323, 1.01923e+11
324, 1.01923e+11
325, 1.01923e+11
326, 1.01923e+11
327, 1.01923e+11
328, 9.84523e+10
329, 9.84523e+10
330, 9.84523e+10
331, 9.75428e+10
332, 9.75428e+10
333, 9.75428e+10
334, 9.75428e+10
335, 9.75428e+10
336, 9.6614e+10
337, 9.6614e+10
338, 9.6614e+10
339, 9.6614e+10
340, 9.6614e+10
341, 9.6614e+10
342, 9.6614e+10
343, 9.6614e+10
344, 9.6614e+10
345, 9.6614e+10
346, 9.6614e+10
347, 9.6614e+10
348, 9.6614e+10
349, 9.6614e+10
350, 9.6614e+10
351, 9.6614e+10
352, 9.6614e+10
353, 9.6614e+10
354, 9.6614e+10
355, 9.6614e+10
356, 9.6614e+10
357, 9.6614e+10
358, 9.6614e+10
359, 9.6614e+10
360, 9.6614e+10
361, 9.6614e+10
362, 9.6614e+10
363, 9.6614e+10
364, 9.6614e+10
365, 9.6614e+10
366, 9.6614e+10
367, 9.6614e+10
368, 9.53426e+10
369, 9.53426e+10
370, 9.53426e+10
371, 9.53426e+10
372, 9.53426e+10
373, 9.53426e+10
374, 9.53426e+10
375, 9.46369e+10
376, 9.46369e+10
377, 9.46369e+10
378, 9.46369e+10
379, 9.46369e+10
380, 9.46369e+10
381, 9.17466e+10
382, 9.17466e+10
383, 9.17466e+10
384, 9.17466e+10
385, 9.17466e+10
386, 9.17466e+10
387, 9.17466e+10
388, 9.17466e+10
389, 9.17466e+10
390, 9.17466e+10
391, 9.17466e+10
392, 9.17466e+10
393, 9.17466e+10
394, 9.17466e+10
395, 9.17466e+10
396, 9.17466e+10
397, 9.17466e+10
398, 9.17466e+10
399, 9.17466e+10
400, 9.17466e+10
401, 9.17466e+10
402, 9.17466e+10
403, 9.17466e+10
404, 9.17466e+10
405, 9.17466e+10
406, 9.17466e+10
407, 9.17466e+10
408, 9.17466e+10
409, 9.17466e+10
410, 9.17466e+10
411, 9.17466e+10
412, 9.17466e+10
413, 9.17466e+10
414, 9.17466e+10
415, 9.17466e+10
416, 9.17466e+10
417, 9.17466e+10
418, 9.08501e+10
419, 8.98889e+10
420, 8.98889e+10
421, 8.98889e+10
422, 8.98889e+10
423, 8.98889e+10
424, 8.98889e+10
425, 8.98889e+10
426, 8.98889e+10
427, 8.98889e+10
428, 8.98889e+10
429, 8.98889e+10
430, 8.98889e+10
431, 8.98889e+10
432, 8.98889e+10
433, 8.98889e+10
434, 8.98889e+10
435, 8.98889e+10
436, 8.98889e+10
437, 8.98889e+10
438, 8.98889e+10
439, 8.98889e+10
440, 8.98889e+10
441, 8.98889e+10
442, 8.98889e+10
443, 8.98889e+10
444, 8.98889e+10
445, 8.98889e+10
446, 8.98889e+10
447, 8.98889e+10
448, 8.98889e+10
449, 8.98889e+10
450, 8.98889e+10
451, 8.98889e+10
452, 8.98889e+10
453, 8.98889e+10
454, 8.98889e+10
455, 8.98889e+10
456, 8.98889e+10
457, 8.98889e+10
458, 8.98889e+10
459, 8.98889e+10
460, 8.98889e+10
461, 8.98889e+10
462, 8.98889e+10
463, 8.98889e+10
464, 8.98889e+10
465, 8.98889e+10
466, 8.98889e+10
467, 8.98889e+10
468, 8.98889e+10
469, 8.98889e+10
470, 8.98889e+10
471, 8.98889e+10
472, 8.98889e+10
473, 8.98889e+10
474, 8.98889e+10
475, 8.98889e+10
476, 8.98889e+10
477, 8.98889e+10
478, 8.98889e+10
479, 8.98889e+10
480, 8.98889e+10
481, 8.98889e+10
482, 8.98889e+10
483, 8.98889e+10
484, 8.98889e+10
485, 8.98889e+10
486, 8.98889e+10
487, 8.98889e+10
488, 8.98889e+10
489, 8.98889e+10
490, 8.98889e+10
491, 8.98889e+10
492, 8.98889e+10
493, 8.98889e+10
494, 8.98889e+10
495, 8.98889e+10
496, 8.98889e+10
