Iteration, BestFitness
0, 1.04123e+13
1, 5.40162e+12
2, 5.40162e+12
3, 5.25404e+12
4, 5.19818e+12
5, 5.19818e+12
6, 5.19818e+12
7, 4.99679e+12
8, 4.41606e+12
9, 4.26841e+12
10, 4.26841e+12
11, 4.26841e+12
12, 4.22776e+12
13, 3.82176e+12
14, 3.33604e+12
15, 2.95594e+12
16, 2.82726e+12
17, 2.82726e+12
18, 2.64655e+12
19, 2.50844e+12
20, 2.28518e+12
21, 2.28518e+12
22, 2.20086e+12
23, 2.1662e+12
24, 2.1662e+12
25, 2.12832e+12
26, 2.09464e+12
27, 2.09464e+12
28, 1.86361e+12
29, 1.53883e+12
30, 1.53883e+12
31, 1.53883e+12
32, 1.53883e+12
33, 1.49083e+12
34, 1.49083e+12
35, 1.49083e+12
36, 1.41123e+12
37, 1.28167e+12
38, 1.26656e+12
39, 1.12913e+12
40, 1.09099e+12
41, 1.07804e+12
42, 1.05679e+12
43, 1.05679e+12
44, 1.05679e+12
45, 1.05679e+12
46, 1.05679e+12
47, 1.05679e+12
48, 1.01719e+12
49, 9.92507e+11
50, 8.58385e+11
51, 7.78546e+11
52, 7.78546e+11
53, 7.78546e+11
54, 7.78546e+11
55, 7.78546e+11
56, 7.78546e+11
57, 7.01309e+11
58, 6.41711e+11
59, 6.41711e+11
60, 6.08578e+11
61, 6.0835e+11
62, 6.0835e+11
63, 6.02773e+11
64, 6.02773e+11
65, 6.02773e+11
66, 6.02773e+11
67, 6.02773e+11
68, 5.6542e+11
69, 5.6542e+11
70, 5.6542e+11
71, 5.6542e+11
72, 5.6542e+11
73, 5.6264e+11
74, 5.02262e+11
75, 5.02262e+11
76, 5.02262e+11
77, 5.02262e+11
78, 5.02262e+11
79, 5.00769e+11
80, 5.00769e+11
81, 5.00769e+11
82, 5.00769e+11
83, 4.83296e+11
84, 4.77363e+11
85, 4.65615e+11
86, 4.65615e+11
87, 4.58326e+11
88, 4.57725e+11
89, 4.57725e+11
90, 4.57725e+11
91, 4.57725e+11
92, 4.57725e+11
93, 4.40981e+11
94, 4.40981e+11
95, 4.40981e+11
96, 4.40981e+11
97, 3.65339e+11
98, 3.65339e+11
99, 3.65339e+11
100, 3.65339e+11
101, 3.65339e+11
102, 3.65339e+11
103, 3.65339e+11
104, 3.65339e+11
105, 3.65339e+11
106, 3.65339e+11
107, 3.65339e+11
108, 3.65339e+11
109, 3.65339e+11
110, 3.58144e+11
111, 3.54915e+11
112, 3.54915e+11
113, 3.54915e+11
114, 3.54915e+11
115, 3.31698e+11
116, 3.31698e+11
117, 3.31698e+11
118, 3.31698e+11
119, 3.31698e+11
120, 3.31698e+11
121, 3.31698e+11
122, 3.31698e+11
123, 3.31698e+11
124, 3.31698e+11
125, 3.31698e+11
126, 3.31698e+11
127, 3.31698e+11
128, 3.31698e+11
129, 3.31698e+11
130, 3.31698e+11
131, 3.31698e+11
132, 3.30417e+11
133, 3.30417e+11
134, 3.30417e+11
135, 3.30417e+11
136, 3.24203e+11
137, 2.88377e+11
138, 2.88377e+11
139, 2.88377e+11
140, 2.88377e+11
141, 2.88377e+11
142, 2.88377e+11
143, 2.88377e+11
144, 2.88377e+11
145, 2.88377e+11
146, 2.88377e+11
147, 2.88377e+11
148, 2.88377e+11
149, 2.88377e+11
150, 2.87488e+11
151, 2.87488e+11
152, 2.87488e+11
153, 2.87488e+11
154, 2.87488e+11
155, 2.87488e+11
156, 2.84213e+11
157, 2.84213e+11
158, 2.84213e+11
159, 2.84213e+11
160, 2.84213e+11
161, 2.76143e+11
162, 2.76143e+11
163, 2.76143e+11
164, 2.76143e+11
165, 2.76143e+11
166, 2.76143e+11
167, 2.76143e+11
168, 2.76143e+11
169, 2.76143e+11
170, 2.76143e+11
171, 2.76143e+11
172, 2.76143e+11
173, 2.76143e+11
174, 2.76143e+11
175, 2.76143e+11
176, 2.76143e+11
177, 2.76143e+11
178, 2.76143e+11
179, 2.76143e+11
180, 2.76143e+11
181, 2.76143e+11
182, 2.76143e+11
183, 2.76143e+11
184, 2.76143e+11
185, 2.76143e+11
186, 2.74729e+11
187, 2.73858e+11
188, 2.73858e+11
189, 2.73858e+11
190, 2.73858e+11
191, 2.73858e+11
192, 2.659e+11
193, 2.659e+11
194, 2.659e+11
195, 2.659e+11
196, 2.64591e+11
197, 2.63382e+11
198, 2.63382e+11
199, 2.61747e+11
200, 2.61388e+11
201, 2.61388e+11
202, 2.61388e+11
203, 2.61388e+11
204, 2.56622e+11
205, 2.56622e+11
206, 2.56622e+11
207, 2.56622e+11
208, 2.56622e+11
209, 2.56622e+11
210, 2.56622e+11
211, 2.56622e+11
212, 2.53969e+11
213, 2.53969e+11
214, 2.53969e+11
215, 2.53969e+11
216, 2.53969e+11
217, 2.48408e+11
218, 2.48408e+11
219, 2.48408e+11
220, 2.48408e+11
221, 2.48408e+11
222, 2.48408e+11
223, 2.48408e+11
224, 2.48408e+11
225, 2.48408e+11
226, 2.48408e+11
227, 2.48408e+11
228, 2.48408e+11
229, 2.48408e+11
230, 2.48408e+11
231, 2.48408e+11
232, 2.48408e+11
233, 2.48408e+11
234, 2.48408e+11
235, 2.48408e+11
236, 2.48408e+11
237, 2.48408e+11
238, 2.48408e+11
239, 2.48408e+11
240, 2.48408e+11
241, 2.48408e+11
242, 2.48408e+11
243, 2.48408e+11
244, 2.47201e+11
245, 2.47201e+11
246, 2.47201e+11
247, 2.47201e+11
248, 2.47201e+11
249, 2.47201e+11
250, 2.47201e+11
251, 2.47201e+11
252, 2.47201e+11
253, 2.42472e+11
254, 2.332e+11
255, 2.32775e+11
256, 2.32775e+11
257, 2.32775e+11
258, 2.32775e+11
259, 2.32775e+11
260, 2.32775e+11
261, 2.32775e+11
262, 2.32775e+11
263, 2.32775e+11
264, 2.32775e+11
265, 2.32775e+11
266, 2.32775e+11
267, 2.32775e+11
268, 2.32775e+11
269, 2.32775e+11
270, 2.32775e+11
271, 2.32775e+11
272, 2.32775e+11
273, 2.32775e+11
274, 2.32775e+11
275, 2.32775e+11
276, 2.32775e+11
277, 2.32775e+11
278, 2.32775e+11
279, 2.32775e+11
280, 2.31698e+11
281, 2.20802e+11
282, 2.20802e+11
283, 2.20802e+11
284, 2.20802e+11
285, 2.20802e+11
286, 2.20802e+11
287, 2.20802e+11
288, 2.20802e+11
289, 2.20802e+11
290, 2.20802e+11
291, 2.20802e+11
292, 2.20802e+11
293, 2.20802e+11
294, 2.20802e+11
295, 2.20802e+11
296, 2.20802e+11
297, 2.20802e+11
298, 2.20802e+11
299, 2.20802e+11
300, 2.20802e+11
301, 2.20802e+11
302, 2.20802e+11
303, 2.20802e+11
304, 2.20802e+11
305, 2.20802e+11
306, 2.20802e+11
307, 2.20802e+11
308, 2.20802e+11
309, 2.20802e+11
310, 2.20802e+11
311, 2.20802e+11
312, 2.20802e+11
313, 2.20802e+11
314, 2.20802e+11
315, 2.20802e+11
316, 2.20802e+11
317, 2.20802e+11
318, 2.20802e+11
319, 2.20802e+11
320, 2.20802e+11
321, 2.20802e+11
322, 2.20802e+11
323, 2.20802e+11
324, 2.20802e+11
325, 2.20802e+11
326, 2.20802e+11
327, 2.20802e+11
328, 2.20802e+11
329, 2.20802e+11
330, 2.20802e+11
331, 2.20802e+11
332, 2.20802e+11
333, 2.20802e+11
334, 2.20802e+11
335, 2.20802e+11
336, 2.20802e+11
337, 2.20802e+11
338, 2.20802e+11
339, 2.20802e+11
340, 2.20802e+11
341, 2.20802e+11
342, 2.20802e+11
343, 2.20802e+11
344, 2.20802e+11
345, 2.20802e+11
346, 2.20802e+11
347, 2.20802e+11
348, 2.20802e+11
349, 2.20802e+11
350, 2.20802e+11
351, 2.20802e+11
352, 2.20802e+11
353, 2.20802e+11
354, 2.20802e+11
355, 2.20802e+11
356, 2.20802e+11
357, 2.20802e+11
358, 2.20802e+11
359, 2.20802e+11
360, 2.20802e+11
361, 2.20802e+11
362, 2.20802e+11
363, 2.20802e+11
364, 2.20802e+11
365, 2.20802e+11
366, 2.20802e+11
367, 2.20802e+11
368, 2.20802e+11
369, 2.20802e+11
370, 2.20802e+11
371, 2.20802e+11
372, 2.20802e+11
373, 2.20802e+11
374, 2.20802e+11
375, 2.20802e+11
376, 2.20802e+11
377, 2.20802e+11
378, 2.20802e+11
379, 2.20802e+11
380, 2.20802e+11
381, 2.20802e+11
382, 2.20802e+11
383, 2.20802e+11
384, 2.20802e+11
385, 2.20802e+11
386, 2.20802e+11
387, 2.20802e+11
388, 2.20802e+11
389, 2.20802e+11
390, 2.20802e+11
391, 2.20802e+11
392, 2.20802e+11
393, 2.20802e+11
394, 2.20802e+11
395, 2.20802e+11
396, 2.20802e+11
397, 2.20802e+11
398, 2.20802e+11
399, 2.20802e+11
400, 2.20802e+11
401, 2.20802e+11
402, 2.20802e+11
403, 2.20802e+11
404, 2.20802e+11
405, 2.20802e+11
406, 2.20802e+11
407, 2.20802e+11
408, 2.20802e+11
409, 2.20802e+11
410, 2.20802e+11
411, 2.20802e+11
412, 2.20802e+11
413, 2.20802e+11
414, 2.20802e+11
415, 2.20802e+11
416, 2.20802e+11
417, 2.20802e+11
418, 2.20802e+11
419, 2.20802e+11
420, 2.20802e+11
421, 2.20802e+11
422, 2.20802e+11
423, 2.20802e+11
424, 2.20802e+11
425, 2.20802e+11
426, 2.20802e+11
427, 2.20802e+11
428, 2.20802e+11
429, 2.20802e+11
430, 2.20802e+11
431, 2.20802e+11
432, 2.20802e+11
433, 2.20802e+11
434, 2.20802e+11
435, 2.20802e+11
436, 2.20802e+11
437, 2.20802e+11
438, 2.20802e+11
439, 2.20802e+11
440, 2.20802e+11
441, 2.20802e+11
442, 2.20802e+11
443, 2.20802e+11
444, 2.20802e+11
445, 2.20802e+11
446, 2.20802e+11
447, 2.20802e+11
448, 2.20802e+11
449, 2.20802e+11
450, 2.20802e+11
451, 2.20802e+11
452, 2.20802e+11
453, 2.20802e+11
454, 2.20802e+11
455, 2.20802e+11
456, 2.20802e+11
457, 2.20802e+11
458, 2.20802e+11
459, 2.20802e+11
460, 2.20802e+11
461, 2.20802e+11
462, 2.20802e+11
463, 2.20802e+11
464, 2.20802e+11
465, 2.20802e+11
466, 2.20802e+11
467, 2.20802e+11
468, 2.20802e+11
469, 2.20802e+11
470, 2.20802e+11
471, 2.20802e+11
472, 2.20802e+11
473, 2.20802e+11
474, 2.20802e+11
475, 2.20802e+11
476, 2.20802e+11
477, 2.20802e+11
478, 2.20802e+11
479, 2.20802e+11
480, 2.20802e+11
481, 2.20802e+11
482, 2.20802e+11
483, 2.20802e+11
484, 2.20802e+11
485, 2.20802e+11
486, 2.20802e+11
487, 2.20802e+11
488, 2.20802e+11
489, 2.20802e+11
490, 2.20802e+11
491, 2.20802e+11
492, 2.20802e+11
493, 2.20802e+11
494, 2.20802e+11
495, 2.20802e+11
496, 2.20802e+11
