Iteration, BestFitness
0, 8.03412e+15
1, 8.03412e+15
2, 8.03412e+15
3, 3.9186e+15
4, 3.26145e+15
5, 3.26145e+15
6, 3.26145e+15
7, 3.26145e+15
8, 3.26145e+15
9, 3.26145e+15
10, 3.26145e+15
11, 1.56897e+15
12, 1.56897e+15
13, 1.56897e+15
14, 1.56897e+15
15, 1.56897e+15
16, 1.56897e+15
17, 1.44763e+14
18, 1.29856e+14
19, 1.22807e+14
20, 1.22807e+14
21, 1.22807e+14
22, 1.22807e+14
23, 1.22807e+14
24, 4.37807e+13
25, 4.37807e+13
26, 4.37807e+13
27, 4.37807e+13
28, 4.37807e+13
29, 4.37807e+13
30, 4.37807e+13
31, 4.37807e+13
32, 4.37807e+13
33, 4.37807e+13
34, 4.37807e+13
35, 4.37807e+13
36, 2.59735e+13
37, 2.59735e+13
38, 9.77462e+12
39, 9.77462e+12
40, 9.77462e+12
41, 9.77462e+12
42, 9.77462e+12
43, 9.77462e+12
44, 9.77462e+12
45, 9.77462e+12
46, 9.77462e+12
47, 9.77462e+12
48, 9.77462e+12
49, 9.77462e+12
50, 9.77462e+12
51, 9.77462e+12
52, 9.77462e+12
53, 9.77462e+12
54, 9.77462e+12
55, 9.77462e+12
56, 8.89135e+12
57, 8.89135e+12
58, 7.62356e+12
59, 7.62356e+12
60, 7.42273e+12
61, 7.42273e+12
62, 6.17281e+12
63, 6.17281e+12
64, 6.17281e+12
65, 6.17281e+12
66, 6.17281e+12
67, 6.17281e+12
68, 6.17281e+12
69, 6.17281e+12
70, 6.17281e+12
71, 5.12714e+12
72, 5.12714e+12
73, 5.12714e+12
74, 4.77859e+12
75, 4.77859e+12
76, 4.48429e+12
77, 4.48429e+12
78, 4.41791e+12
79, 4.41791e+12
80, 4.41791e+12
81, 4.41791e+12
82, 4.41791e+12
83, 4.41791e+12
84, 4.41791e+12
85, 4.41791e+12
86, 4.41791e+12
87, 4.41791e+12
88, 4.41791e+12
89, 4.41791e+12
90, 4.41791e+12
91, 4.41791e+12
92, 4.41791e+12
93, 4.41791e+12
94, 4.41791e+12
95, 4.41791e+12
96, 4.41791e+12
97, 3.81e+12
98, 3.27375e+12
99, 3.27375e+12
100, 3.27375e+12
101, 3.27375e+12
102, 3.27375e+12
103, 3.27375e+12
104, 3.27375e+12
105, 3.27375e+12
106, 3.27375e+12
107, 3.27375e+12
108, 3.27375e+12
109, 3.27375e+12
110, 3.27375e+12
111, 3.27375e+12
112, 3.27375e+12
113, 3.27375e+12
114, 3.27375e+12
115, 3.27375e+12
116, 3.00959e+12
117, 2.73927e+12
118, 2.21886e+12
119, 2.07684e+12
120, 2.07684e+12
121, 2.07684e+12
122, 1.95704e+12
123, 1.95704e+12
124, 1.95704e+12
125, 1.95704e+12
126, 1.95704e+12
127, 1.95704e+12
128, 1.95704e+12
129, 1.95704e+12
130, 1.95704e+12
131, 1.95704e+12
132, 1.88534e+12
133, 1.80654e+12
134, 1.78083e+12
135, 1.6357e+12
136, 1.58599e+12
137, 1.58599e+12
138, 1.58599e+12
139, 1.58599e+12
140, 1.58599e+12
141, 1.58599e+12
142, 1.58599e+12
143, 1.58599e+12
144, 1.58599e+12
145, 1.58599e+12
146, 1.5401e+12
147, 1.5401e+12
148, 1.5401e+12
149, 1.5401e+12
150, 1.5401e+12
151, 1.5401e+12
152, 1.5401e+12
153, 1.5401e+12
154, 1.5401e+12
155, 1.5401e+12
156, 1.5401e+12
157, 1.5401e+12
158, 1.5401e+12
159, 1.5401e+12
160, 1.5401e+12
161, 1.5401e+12
162, 1.5401e+12
163, 1.5401e+12
164, 1.5401e+12
165, 1.5401e+12
166, 1.5401e+12
167, 1.5401e+12
168, 1.5401e+12
169, 1.5401e+12
170, 1.5401e+12
171, 1.41969e+12
172, 1.37496e+12
173, 1.33289e+12
174, 1.33289e+12
175, 1.33289e+12
176, 1.33289e+12
177, 1.33289e+12
178, 1.33289e+12
179, 1.02442e+12
180, 1.02442e+12
181, 1.02442e+12
182, 1.02442e+12
183, 1.02442e+12
184, 1.02442e+12
185, 1.02442e+12
186, 1.02442e+12
187, 1.02442e+12
188, 1.02442e+12
189, 1.02442e+12
190, 1.02442e+12
191, 1.02442e+12
192, 1.02442e+12
193, 1.02442e+12
194, 1.02442e+12
195, 1.02442e+12
196, 1.02442e+12
197, 1.02442e+12
198, 8.95574e+11
199, 8.95574e+11
200, 8.95574e+11
201, 8.95574e+11
202, 8.95574e+11
203, 8.95574e+11
204, 8.95574e+11
205, 8.95574e+11
206, 8.95574e+11
207, 8.95574e+11
208, 8.95574e+11
209, 8.95574e+11
210, 8.95574e+11
211, 8.95574e+11
212, 8.95574e+11
213, 8.95574e+11
214, 8.95574e+11
215, 8.95574e+11
216, 8.95574e+11
217, 8.95574e+11
218, 8.95574e+11
219, 8.95574e+11
220, 8.54753e+11
221, 7.20785e+11
222, 7.20785e+11
223, 7.20785e+11
224, 7.20785e+11
225, 7.20785e+11
226, 7.20785e+11
227, 7.20785e+11
228, 7.20785e+11
229, 7.20785e+11
230, 7.20785e+11
231, 6.94748e+11
232, 6.78738e+11
233, 6.78738e+11
234, 6.78738e+11
235, 6.78738e+11
236, 6.51188e+11
237, 6.51188e+11
238, 6.51188e+11
239, 6.51188e+11
240, 6.51188e+11
241, 6.51188e+11
242, 6.51188e+11
243, 6.51188e+11
244, 6.51188e+11
245, 6.51188e+11
246, 6.51188e+11
247, 6.51188e+11
248, 6.51188e+11
249, 5.74746e+11
250, 5.56201e+11
251, 5.32865e+11
252, 5.32865e+11
253, 5.32865e+11
254, 5.32865e+11
255, 5.32865e+11
256, 5.32865e+11
257, 5.32865e+11
258, 5.32865e+11
259, 5.32865e+11
260, 5.32865e+11
261, 5.32865e+11
262, 5.32865e+11
263, 5.32865e+11
264, 5.32865e+11
265, 5.32865e+11
266, 5.32865e+11
267, 5.32865e+11
268, 5.32865e+11
269, 5.32865e+11
270, 5.32865e+11
271, 5.32865e+11
272, 5.32865e+11
273, 5.32865e+11
274, 5.32865e+11
275, 5.32865e+11
276, 5.32865e+11
277, 5.31881e+11
278, 5.1276e+11
279, 5.1276e+11
280, 4.94319e+11
281, 4.94319e+11
282, 4.94319e+11
283, 4.94319e+11
284, 4.94319e+11
285, 4.94319e+11
286, 4.81643e+11
287, 4.55139e+11
288, 4.55139e+11
289, 4.44271e+11
290, 4.44271e+11
291, 4.44271e+11
292, 4.44271e+11
293, 4.05064e+11
294, 4.05064e+11
295, 3.98713e+11
296, 3.91716e+11
297, 3.46716e+11
298, 3.26483e+11
299, 3.26483e+11
300, 3.26483e+11
301, 3.26483e+11
302, 3.26483e+11
303, 3.26483e+11
304, 3.26483e+11
305, 3.26483e+11
306, 3.26483e+11
307, 3.26483e+11
308, 3.26483e+11
309, 3.26483e+11
310, 3.26483e+11
311, 3.26483e+11
312, 3.26483e+11
313, 3.26483e+11
314, 3.26483e+11
315, 3.26483e+11
316, 3.26483e+11
317, 3.26483e+11
318, 3.26483e+11
319, 3.26483e+11
320, 3.26483e+11
321, 3.26483e+11
322, 3.26483e+11
323, 3.26483e+11
324, 3.26483e+11
325, 3.26483e+11
326, 3.26483e+11
327, 3.26483e+11
328, 3.26483e+11
329, 3.26483e+11
330, 3.26483e+11
331, 3.26483e+11
