Iteration, BestFitness
0, 1.12585e+16
1, 3.73829e+15
2, 2.01695e+14
3, 2.01695e+14
4, 8.89868e+13
5, 8.89868e+13
6, 7.05321e+13
7, 3.2e+13
8, 8.47345e+12
9, 8.47345e+12
10, 8.47345e+12
11, 8.47345e+12
12, 8.47345e+12
13, 8.47345e+12
14, 8.47345e+12
15, 8.47345e+12
16, 2.10355e+12
17, 2.10355e+12
18, 2.10355e+12
19, 2.10355e+12
20, 2.10355e+12
21, 2.10355e+12
22, 2.10355e+12
23, 9.90949e+11
24, 9.3951e+11
25, 7.41907e+11
26, 4.08126e+11
27, 4.08126e+11
28, 4.08126e+11
29, 4.08126e+11
30, 4.08126e+11
31, 4.08126e+11
32, 4.08126e+11
33, 4.08126e+11
34, 4.08126e+11
35, 4.08126e+11
36, 1.81257e+11
37, 1.74657e+11
38, 1.57278e+11
39, 1.57278e+11
40, 1.57278e+11
41, 1.57278e+11
42, 1.57278e+11
43, 1.56239e+11
44, 1.56239e+11
45, 1.56239e+11
46, 1.56239e+11
47, 1.56239e+11
48, 1.56239e+11
49, 1.56239e+11
50, 1.52607e+11
51, 8.96327e+10
52, 8.96327e+10
53, 8.96327e+10
54, 8.96327e+10
55, 8.96327e+10
56, 8.96327e+10
57, 8.96327e+10
58, 8.96327e+10
59, 8.96327e+10
60, 8.96327e+10
61, 8.96327e+10
62, 8.96327e+10
63, 8.96327e+10
64, 7.46167e+10
65, 7.46167e+10
66, 6.6256e+10
67, 6.41729e+10
68, 6.41729e+10
69, 6.41729e+10
70, 6.41729e+10
71, 6.41729e+10
72, 6.41729e+10
73, 6.41729e+10
74, 4.64609e+10
75, 4.64609e+10
76, 4.64609e+10
77, 4.64609e+10
78, 4.64609e+10
79, 4.64609e+10
80, 4.64609e+10
81, 4.64609e+10
82, 4.64609e+10
83, 4.64609e+10
84, 4.64609e+10
85, 4.447e+10
86, 3.82204e+10
87, 3.82204e+10
88, 3.82204e+10
89, 3.82204e+10
90, 3.82204e+10
91, 3.82204e+10
92, 3.82204e+10
93, 3.82204e+10
94, 3.82204e+10
95, 3.7293e+10
96, 3.7293e+10
97, 3.7293e+10
98, 3.7293e+10
99, 3.7293e+10
100, 3.7293e+10
101, 3.7293e+10
102, 3.7293e+10
103, 3.52361e+10
104, 3.52361e+10
105, 3.52361e+10
106, 3.52361e+10
107, 3.52361e+10
108, 3.52361e+10
109, 3.52361e+10
110, 3.52361e+10
111, 3.52361e+10
112, 3.52361e+10
113, 3.52361e+10
114, 3.52361e+10
115, 3.52361e+10
116, 3.52361e+10
117, 3.52361e+10
118, 3.52361e+10
119, 3.52361e+10
120, 3.52361e+10
121, 2.95302e+10
122, 2.95302e+10
123, 2.95302e+10
124, 2.95302e+10
125, 2.95302e+10
126, 2.95302e+10
127, 2.95302e+10
128, 2.95302e+10
129, 2.95302e+10
130, 2.95302e+10
131, 2.72081e+10
132, 2.62059e+10
133, 2.62059e+10
134, 2.62059e+10
135, 2.62059e+10
136, 2.62059e+10
137, 2.62059e+10
138, 2.62059e+10
139, 2.62059e+10
140, 2.62059e+10
141, 2.62059e+10
142, 2.62059e+10
143, 2.62059e+10
144, 2.62059e+10
145, 2.55832e+10
146, 2.55832e+10
147, 2.55832e+10
148, 2.55832e+10
149, 2.55832e+10
150, 2.55832e+10
151, 2.55832e+10
152, 2.55832e+10
153, 2.55832e+10
154, 2.55832e+10
155, 2.55832e+10
156, 2.55832e+10
157, 2.55832e+10
158, 2.55832e+10
159, 2.55832e+10
160, 2.55832e+10
161, 2.38262e+10
162, 2.35554e+10
163, 2.35554e+10
164, 2.30249e+10
165, 2.30249e+10
166, 2.29079e+10
167, 2.29079e+10
168, 2.29079e+10
169, 1.96413e+10
170, 1.96413e+10
171, 1.96413e+10
172, 1.96413e+10
173, 1.96413e+10
174, 1.96413e+10
175, 1.96413e+10
176, 1.96413e+10
177, 1.96413e+10
178, 1.96413e+10
179, 1.96413e+10
180, 1.96413e+10
181, 1.96413e+10
182, 1.96413e+10
183, 1.96413e+10
184, 1.96413e+10
185, 1.96413e+10
186, 1.96413e+10
187, 1.96413e+10
188, 1.96413e+10
189, 1.96413e+10
190, 1.96413e+10
191, 1.96413e+10
192, 1.96413e+10
193, 1.96413e+10
194, 1.96413e+10
195, 1.96413e+10
196, 1.96413e+10
197, 1.96413e+10
198, 1.96413e+10
199, 1.96413e+10
200, 1.96319e+10
201, 1.96319e+10
202, 1.96319e+10
203, 1.96319e+10
204, 1.96319e+10
205, 1.96319e+10
206, 1.93081e+10
207, 1.56015e+10
208, 1.49158e+10
209, 1.49158e+10
210, 1.49158e+10
211, 1.49158e+10
212, 1.49158e+10
213, 1.49158e+10
214, 1.49158e+10
215, 1.49158e+10
216, 1.49158e+10
217, 1.49158e+10
218, 1.49158e+10
219, 1.49158e+10
220, 1.49158e+10
221, 1.49158e+10
222, 1.49158e+10
223, 1.49158e+10
224, 1.49158e+10
225, 1.49158e+10
226, 1.49158e+10
227, 1.49158e+10
228, 1.49158e+10
229, 1.49158e+10
230, 1.49158e+10
231, 1.49158e+10
232, 1.49158e+10
233, 1.49158e+10
234, 1.49158e+10
235, 1.49158e+10
236, 1.49158e+10
237, 1.49158e+10
238, 1.49158e+10
239, 1.49158e+10
240, 1.49158e+10
241, 1.49158e+10
242, 1.49158e+10
243, 1.49158e+10
244, 1.49158e+10
245, 1.49158e+10
246, 1.49158e+10
247, 1.49158e+10
248, 1.49158e+10
249, 1.49158e+10
250, 1.49158e+10
251, 1.49158e+10
252, 1.49158e+10
253, 1.49158e+10
254, 1.49158e+10
255, 1.49158e+10
256, 1.49158e+10
257, 1.49158e+10
258, 1.49158e+10
259, 1.49158e+10
260, 1.49158e+10
261, 1.49158e+10
262, 1.49158e+10
263, 1.49158e+10
264, 1.49158e+10
265, 1.49158e+10
266, 1.49158e+10
267, 1.49158e+10
268, 1.49158e+10
269, 1.49158e+10
270, 1.49158e+10
271, 1.49158e+10
272, 1.49158e+10
273, 1.49158e+10
274, 1.49158e+10
275, 1.49158e+10
276, 1.49158e+10
277, 1.49158e+10
278, 1.49158e+10
279, 1.49158e+10
280, 1.49158e+10
281, 1.49158e+10
282, 1.49158e+10
283, 1.49158e+10
284, 1.49158e+10
285, 1.49158e+10
286, 1.49158e+10
287, 1.49158e+10
288, 1.49158e+10
289, 1.49158e+10
290, 1.49158e+10
291, 1.49158e+10
292, 1.49158e+10
293, 1.49158e+10
294, 1.49158e+10
295, 1.49158e+10
296, 1.49158e+10
297, 1.49158e+10
298, 1.49158e+10
299, 1.49158e+10
300, 1.49158e+10
301, 1.49158e+10
302, 1.49158e+10
303, 1.49158e+10
304, 1.49158e+10
305, 1.49158e+10
306, 1.49158e+10
307, 1.49158e+10
308, 1.49158e+10
309, 1.49158e+10
310, 1.49158e+10
311, 1.49158e+10
312, 1.49158e+10
313, 1.49158e+10
314, 1.49158e+10
315, 1.49158e+10
316, 1.49158e+10
317, 1.49158e+10
318, 1.49158e+10
319, 1.49158e+10
320, 1.49158e+10
321, 1.49158e+10
322, 1.49158e+10
323, 1.49158e+10
324, 1.49158e+10
325, 1.49158e+10
326, 1.49158e+10
327, 1.49158e+10
328, 1.49158e+10
329, 1.49158e+10
330, 1.49158e+10
331, 1.49158e+10
332, 1.49158e+10
333, 1.49158e+10
334, 1.49158e+10
335, 1.49158e+10
336, 1.49158e+10
337, 1.49158e+10
338, 1.49158e+10
339, 1.49158e+10
340, 1.49158e+10
341, 1.49158e+10
342, 1.49158e+10
343, 1.49158e+10
344, 1.49158e+10
345, 1.49158e+10
346, 1.49158e+10
347, 1.49158e+10
348, 1.49158e+10
349, 1.49158e+10
350, 1.49158e+10
351, 1.49158e+10
352, 1.49158e+10
353, 1.49158e+10
354, 1.49158e+10
355, 1.49158e+10
356, 1.49158e+10
357, 1.49158e+10
358, 1.49158e+10
359, 1.49158e+10
360, 1.49158e+10
361, 1.49158e+10
362, 1.49158e+10
363, 1.49158e+10
364, 1.49158e+10
365, 1.49158e+10
366, 1.49158e+10
367, 1.49158e+10
368, 1.49158e+10
369, 1.49158e+10
370, 1.49158e+10
371, 1.49158e+10
372, 1.49158e+10
373, 1.49158e+10
374, 1.49158e+10
375, 1.49158e+10
376, 1.49158e+10
377, 1.49158e+10
378, 1.49158e+10
379, 1.49158e+10
380, 1.49158e+10
381, 1.49158e+10
382, 1.49158e+10
383, 1.4838e+10
384, 1.4838e+10
385, 1.4838e+10
386, 1.4838e+10
387, 1.4838e+10
388, 1.4838e+10
389, 1.4838e+10
390, 1.4838e+10
391, 1.4838e+10
392, 1.4838e+10
393, 1.4838e+10
394, 1.4838e+10
395, 1.4838e+10
396, 1.4838e+10
397, 1.4838e+10
398, 1.4838e+10
399, 1.4838e+10
400, 1.4838e+10
401, 1.4838e+10
402, 1.4838e+10
403, 1.4838e+10
404, 1.4838e+10
405, 1.4838e+10
406, 1.4838e+10
407, 1.4838e+10
408, 1.4838e+10
409, 1.4838e+10
410, 1.4838e+10
411, 1.4838e+10
412, 1.4838e+10
413, 1.4838e+10
414, 1.4838e+10
415, 1.4838e+10
416, 1.4838e+10
417, 1.4838e+10
418, 1.4838e+10
419, 1.4838e+10
420, 1.4838e+10
421, 1.4838e+10
422, 1.4838e+10
423, 1.4838e+10
424, 1.4838e+10
425, 1.4838e+10
426, 1.4838e+10
427, 1.4838e+10
428, 1.4838e+10
429, 1.4838e+10
430, 1.4838e+10
431, 1.4838e+10
432, 1.4838e+10
433, 1.4838e+10
434, 1.4838e+10
435, 1.4838e+10
436, 1.4838e+10
437, 1.4838e+10
438, 1.4838e+10
439, 1.4838e+10
440, 1.4838e+10
441, 1.4838e+10
442, 1.4838e+10
443, 1.4838e+10
444, 1.4838e+10
445, 1.4838e+10
446, 1.4838e+10
447, 1.4838e+10
448, 1.4838e+10
449, 1.4838e+10
450, 1.4838e+10
451, 1.4838e+10
452, 1.4838e+10
453, 1.4838e+10
454, 1.4838e+10
455, 1.4838e+10
456, 1.4838e+10
457, 1.4838e+10
458, 1.4838e+10
459, 1.4838e+10
460, 1.4838e+10
461, 1.4838e+10
462, 1.4838e+10
463, 1.4838e+10
464, 1.4838e+10
465, 1.4838e+10
466, 1.4838e+10
467, 1.4838e+10
468, 1.4838e+10
469, 1.4838e+10
470, 1.4838e+10
471, 1.4838e+10
472, 1.4838e+10
473, 1.4838e+10
474, 1.4838e+10
475, 1.4838e+10
476, 1.4838e+10
477, 1.4838e+10
478, 1.4838e+10
479, 1.4838e+10
480, 1.4838e+10
481, 1.4838e+10
482, 1.4838e+10
483, 1.4838e+10
484, 1.4838e+10
485, 1.4838e+10
486, 1.4838e+10
487, 1.4838e+10
488, 1.4838e+10
489, 1.4838e+10
490, 1.4838e+10
491, 1.4838e+10
492, 1.4838e+10
493, 1.4838e+10
494, 1.4838e+10
495, 1.4838e+10
496, 1.4838e+10
