Iteration, BestFitness
0, 7.24233e+16
1, 7.24233e+16
2, 7.24233e+16
3, 7.24233e+16
4, 7.24233e+16
5, 4.49371e+16
6, 4.32074e+16
7, 5.37874e+15
8, 2.86125e+15
9, 2.86125e+15
10, 8.40194e+14
11, 3.94189e+14
12, 3.16807e+14
13, 3.16807e+14
14, 3.16807e+14
15, 3.16807e+14
16, 3.16807e+14
17, 2.67134e+14
18, 2.67134e+14
19, 9.04411e+13
20, 9.04411e+13
21, 9.04411e+13
22, 9.04411e+13
23, 9.04411e+13
24, 9.04411e+13
25, 9.04411e+13
26, 5.61659e+13
27, 5.34857e+13
28, 5.34857e+13
29, 5.34857e+13
30, 4.33506e+13
31, 4.33506e+13
32, 4.33506e+13
33, 4.33506e+13
34, 4.33506e+13
35, 4.33506e+13
36, 4.33506e+13
37, 4.33506e+13
38, 4.33506e+13
39, 4.33506e+13
40, 2.01584e+13
41, 9.35889e+12
42, 7.22517e+12
43, 7.22517e+12
44, 7.22517e+12
45, 7.22517e+12
46, 6.3766e+12
47, 6.3766e+12
48, 6.12115e+12
49, 6.12115e+12
50, 6.12115e+12
51, 6.12115e+12
52, 6.12115e+12
53, 6.12115e+12
54, 6.12115e+12
55, 1.40996e+12
56, 1.40996e+12
57, 1.40996e+12
58, 1.40996e+12
59, 1.38361e+12
60, 1.38361e+12
61, 1.38361e+12
62, 1.38361e+12
63, 1.38361e+12
64, 1.38361e+12
65, 1.38361e+12
66, 1.38361e+12
67, 1.38361e+12
68, 1.327e+12
69, 1.327e+12
70, 1.24085e+12
71, 1.24085e+12
72, 1.24085e+12
73, 7.06758e+11
74, 7.06758e+11
75, 7.06758e+11
76, 7.06758e+11
77, 7.06758e+11
78, 7.06758e+11
79, 7.06758e+11
80, 7.06758e+11
81, 7.06758e+11
82, 7.06758e+11
83, 7.06758e+11
84, 7.06758e+11
85, 7.06758e+11
86, 7.06758e+11
87, 7.06758e+11
88, 7.06758e+11
89, 7.06758e+11
90, 7.06758e+11
91, 5.05928e+11
92, 5.00984e+11
93, 5.00984e+11
94, 5.00984e+11
95, 5.00984e+11
96, 5.00984e+11
97, 4.65682e+11
98, 4.63391e+11
99, 4.63391e+11
100, 4.63391e+11
101, 4.63391e+11
102, 4.63391e+11
103, 4.63391e+11
104, 4.02743e+11
105, 3.35611e+11
106, 3.35611e+11
107, 3.35611e+11
108, 3.35611e+11
109, 3.35611e+11
110, 3.24411e+11
111, 3.24411e+11
112, 3.24411e+11
113, 3.24411e+11
114, 3.24411e+11
115, 3.24411e+11
116, 3.24411e+11
117, 3.24411e+11
118, 3.24411e+11
119, 3.24411e+11
120, 3.24411e+11
121, 3.24411e+11
122, 3.24411e+11
123, 3.24411e+11
124, 3.24411e+11
125, 3.24411e+11
126, 3.24411e+11
127, 3.24411e+11
128, 3.24411e+11
129, 3.24411e+11
130, 3.24411e+11
131, 3.24411e+11
132, 3.24411e+11
133, 3.24411e+11
134, 3.24411e+11
135, 3.24411e+11
136, 3.24411e+11
137, 3.24411e+11
138, 3.24411e+11
139, 3.24411e+11
140, 3.24411e+11
141, 3.24411e+11
142, 3.24411e+11
143, 3.24411e+11
144, 3.24411e+11
145, 3.24411e+11
146, 3.24411e+11
147, 1.75964e+11
148, 1.75964e+11
149, 1.75964e+11
150, 1.75964e+11
151, 1.75964e+11
152, 1.75964e+11
153, 1.75964e+11
154, 1.75964e+11
155, 1.75964e+11
156, 1.75964e+11
157, 1.75964e+11
158, 1.75964e+11
159, 1.75964e+11
160, 1.75964e+11
161, 1.75964e+11
162, 1.75964e+11
163, 1.75964e+11
164, 1.42498e+11
165, 1.42498e+11
166, 1.42498e+11
167, 1.34073e+11
168, 1.2888e+11
169, 1.23446e+11
170, 1.23446e+11
171, 1.23446e+11
172, 1.23446e+11
173, 1.23446e+11
174, 1.23446e+11
175, 1.23446e+11
176, 1.23446e+11
177, 1.23446e+11
178, 1.23446e+11
179, 1.23446e+11
180, 1.23446e+11
181, 1.23446e+11
182, 1.23446e+11
183, 1.23446e+11
184, 1.23446e+11
185, 1.23446e+11
186, 1.23446e+11
187, 1.23446e+11
188, 1.23446e+11
189, 1.23446e+11
190, 1.23446e+11
191, 1.23446e+11
192, 1.23446e+11
193, 1.23446e+11
194, 1.23446e+11
195, 1.23446e+11
196, 1.23446e+11
197, 1.23446e+11
198, 1.15349e+11
199, 9.90702e+10
200, 9.90702e+10
201, 9.76098e+10
202, 9.76098e+10
203, 9.07955e+10
204, 9.07955e+10
205, 9.07955e+10
206, 9.07955e+10
207, 9.07955e+10
208, 9.07955e+10
209, 9.07955e+10
210, 9.07955e+10
211, 9.07955e+10
212, 9.07955e+10
213, 9.07955e+10
214, 9.07955e+10
215, 9.07955e+10
216, 9.07955e+10
217, 9.07955e+10
218, 9.07955e+10
219, 9.07955e+10
220, 9.07955e+10
221, 9.07955e+10
222, 9.07955e+10
223, 9.07955e+10
224, 9.07955e+10
225, 9.07955e+10
226, 9.07955e+10
227, 9.07955e+10
228, 9.07955e+10
229, 9.07955e+10
230, 9.07955e+10
231, 9.07955e+10
232, 9.07955e+10
233, 9.07955e+10
234, 9.07955e+10
235, 9.07955e+10
236, 9.07955e+10
237, 9.07955e+10
238, 9.07955e+10
239, 9.07955e+10
240, 9.07955e+10
241, 9.07955e+10
242, 9.07955e+10
243, 9.07955e+10
244, 9.07955e+10
245, 9.07955e+10
246, 9.07955e+10
247, 9.07955e+10
248, 9.07955e+10
249, 9.07955e+10
250, 9.07955e+10
251, 9.07955e+10
252, 9.07955e+10
253, 9.07955e+10
254, 9.07955e+10
255, 8.66765e+10
256, 8.66765e+10
257, 8.66765e+10
258, 8.66765e+10
259, 8.66765e+10
260, 8.66765e+10
261, 8.66765e+10
262, 8.66765e+10
263, 8.66765e+10
264, 8.66765e+10
265, 8.66765e+10
266, 8.55738e+10
267, 8.22318e+10
268, 7.74762e+10
269, 7.57133e+10
270, 7.57133e+10
271, 7.57133e+10
272, 7.57133e+10
273, 7.57133e+10
274, 7.57133e+10
275, 7.57133e+10
276, 7.57133e+10
277, 7.57133e+10
278, 7.57133e+10
279, 7.44678e+10
280, 7.44678e+10
281, 7.44678e+10
282, 7.44678e+10
283, 7.44678e+10
284, 7.44678e+10
285, 7.44678e+10
286, 7.44678e+10
287, 7.44678e+10
288, 7.44678e+10
289, 7.44678e+10
290, 7.44678e+10
291, 7.44678e+10
292, 7.44678e+10
293, 7.44678e+10
294, 7.44678e+10
295, 7.44678e+10
296, 7.44678e+10
297, 7.44678e+10
298, 7.44678e+10
299, 7.44678e+10
300, 7.44678e+10
301, 7.44678e+10
302, 7.44678e+10
303, 7.44678e+10
304, 7.44678e+10
305, 7.44678e+10
306, 7.44678e+10
307, 7.44678e+10
308, 7.44678e+10
309, 7.44678e+10
310, 7.44678e+10
311, 7.44678e+10
312, 7.44678e+10
313, 7.44678e+10
314, 7.44678e+10
315, 7.44678e+10
316, 7.44678e+10
317, 7.44678e+10
318, 7.44678e+10
319, 7.44678e+10
320, 7.44678e+10
321, 7.44678e+10
322, 7.44678e+10
323, 7.44678e+10
324, 7.44678e+10
325, 7.38492e+10
326, 7.38492e+10
327, 7.38492e+10
328, 7.38492e+10
329, 7.38492e+10
330, 7.34435e+10
331, 7.34435e+10
