Iteration, BestFitness
0, 1.13595e+13
1, 9.00214e+12
2, 9.00214e+12
3, 8.40323e+12
4, 8.29426e+12
5, 7.92037e+12
6, 7.80299e+12
7, 7.61246e+12
8, 7.61246e+12
9, 7.61246e+12
10, 7.61246e+12
11, 7.61246e+12
12, 7.61246e+12
13, 7.58123e+12
14, 7.10353e+12
15, 6.94849e+12
16, 6.88487e+12
17, 6.88487e+12
18, 6.88487e+12
19, 6.87566e+12
20, 6.21792e+12
21, 6.11375e+12
22, 5.72521e+12
23, 5.72521e+12
24, 5.72521e+12
25, 5.72521e+12
26, 5.64575e+12
27, 5.64575e+12
28, 5.07592e+12
29, 4.93249e+12
30, 4.93249e+12
31, 4.93249e+12
32, 4.93249e+12
33, 4.93249e+12
34, 4.93249e+12
35, 4.93249e+12
36, 4.93249e+12
37, 4.93249e+12
38, 4.88676e+12
39, 4.50684e+12
40, 4.35639e+12
41, 4.35316e+12
42, 4.27393e+12
43, 4.27393e+12
44, 4.26672e+12
45, 4.02294e+12
46, 3.99409e+12
47, 3.92716e+12
48, 3.92716e+12
49, 3.92716e+12
50, 3.92716e+12
51, 3.68751e+12
52, 3.42664e+12
53, 3.42664e+12
54, 3.42664e+12
55, 3.42664e+12
56, 3.42664e+12
57, 3.42664e+12
58, 3.42664e+12
59, 3.42664e+12
60, 3.10117e+12
61, 3.10117e+12
62, 3.10117e+12
63, 3.10117e+12
64, 3.10117e+12
65, 3.10117e+12
66, 3.10117e+12
67, 2.98187e+12
68, 2.98187e+12
69, 2.98187e+12
70, 2.98187e+12
71, 2.98187e+12
72, 2.98187e+12
73, 2.89737e+12
74, 2.89737e+12
75, 2.83286e+12
76, 2.83286e+12
77, 2.7758e+12
78, 2.7758e+12
79, 2.7758e+12
80, 2.7758e+12
81, 2.7758e+12
82, 2.7758e+12
83, 2.7758e+12
84, 2.7758e+12
85, 2.7758e+12
86, 2.77279e+12
87, 2.6682e+12
88, 2.6682e+12
89, 2.58368e+12
90, 2.55685e+12
91, 2.55685e+12
92, 2.55685e+12
93, 2.55685e+12
94, 2.55685e+12
95, 2.55685e+12
96, 2.45999e+12
97, 2.24747e+12
98, 2.24747e+12
99, 2.24747e+12
100, 2.24747e+12
101, 2.24747e+12
102, 2.24747e+12
103, 2.24747e+12
104, 2.24747e+12
105, 2.24747e+12
106, 2.24747e+12
107, 1.91959e+12
108, 1.91959e+12
109, 1.91959e+12
110, 1.91959e+12
111, 1.84695e+12
112, 1.84695e+12
113, 1.84695e+12
114, 1.84695e+12
115, 1.84695e+12
116, 1.84695e+12
117, 1.84695e+12
118, 1.84695e+12
119, 1.84695e+12
120, 1.84695e+12
121, 1.84695e+12
122, 1.84695e+12
123, 1.84695e+12
124, 1.84695e+12
125, 1.84695e+12
126, 1.77158e+12
127, 1.62833e+12
128, 1.62833e+12
129, 1.62833e+12
130, 1.62833e+12
131, 1.62833e+12
132, 1.62833e+12
133, 1.61375e+12
134, 1.61375e+12
135, 1.61375e+12
136, 1.53188e+12
137, 1.53188e+12
138, 1.53188e+12
139, 1.53188e+12
140, 1.53188e+12
141, 1.53188e+12
142, 1.53188e+12
143, 1.53188e+12
144, 1.47684e+12
145, 1.47684e+12
146, 1.47684e+12
147, 1.47684e+12
148, 1.42416e+12
149, 1.42416e+12
150, 1.42416e+12
151, 1.42416e+12
152, 1.42416e+12
153, 1.42416e+12
154, 1.42416e+12
155, 1.42416e+12
156, 1.42416e+12
157, 1.42416e+12
158, 1.37396e+12
159, 1.37396e+12
160, 1.37396e+12
161, 1.37396e+12
162, 1.37396e+12
163, 1.37396e+12
164, 1.37396e+12
165, 1.37396e+12
166, 1.28027e+12
167, 1.196e+12
168, 1.16444e+12
169, 1.16439e+12
170, 1.16439e+12
171, 1.16439e+12
172, 1.16439e+12
173, 1.16439e+12
174, 1.16439e+12
175, 1.16439e+12
176, 1.16439e+12
177, 1.16439e+12
178, 1.16439e+12
179, 1.16439e+12
180, 1.16439e+12
181, 1.16439e+12
182, 1.16439e+12
183, 1.16439e+12
184, 1.16439e+12
185, 1.16439e+12
186, 1.16439e+12
187, 1.16439e+12
188, 1.16439e+12
189, 1.16439e+12
190, 1.16439e+12
191, 1.12739e+12
192, 1.12739e+12
193, 1.12739e+12
194, 1.12739e+12
195, 1.12739e+12
196, 1.12739e+12
197, 1.11219e+12
198, 1.11219e+12
199, 1.07139e+12
200, 1.06564e+12
201, 1.06564e+12
202, 1.06564e+12
203, 1.06564e+12
204, 1.06564e+12
205, 1.06564e+12
206, 1.06564e+12
207, 1.06564e+12
208, 1.06564e+12
209, 1.06564e+12
210, 1.06564e+12
211, 1.01134e+12
212, 9.82497e+11
213, 9.82497e+11
214, 9.82497e+11
215, 9.82497e+11
216, 8.82224e+11
217, 8.82224e+11
218, 8.82224e+11
219, 8.41238e+11
220, 8.41238e+11
221, 8.41238e+11
222, 8.41238e+11
223, 8.41238e+11
224, 8.41238e+11
225, 7.98394e+11
226, 7.98394e+11
227, 7.85152e+11
228, 7.85152e+11
229, 7.85152e+11
230, 7.85152e+11
231, 7.85152e+11
232, 7.85152e+11
233, 7.85152e+11
234, 7.85152e+11
235, 7.85152e+11
236, 7.85152e+11
237, 7.85152e+11
238, 7.85152e+11
239, 7.85152e+11
240, 7.85152e+11
241, 7.85152e+11
242, 7.85152e+11
243, 7.85152e+11
244, 7.85152e+11
245, 7.85152e+11
246, 7.85152e+11
247, 7.85152e+11
248, 7.85152e+11
249, 7.85152e+11
250, 7.85152e+11
251, 7.85152e+11
252, 7.85152e+11
253, 7.85152e+11
254, 7.85152e+11
255, 7.85152e+11
256, 7.85152e+11
257, 7.85152e+11
258, 7.85152e+11
259, 7.78371e+11
260, 7.78371e+11
261, 7.78371e+11
262, 7.78371e+11
263, 7.78371e+11
264, 7.78371e+11
265, 7.78371e+11
266, 7.78371e+11
267, 7.78371e+11
268, 7.78371e+11
269, 7.78371e+11
270, 7.78371e+11
271, 7.78371e+11
272, 7.78371e+11
273, 7.78371e+11
274, 7.78371e+11
275, 7.78371e+11
276, 7.78371e+11
277, 7.78371e+11
278, 7.78371e+11
279, 7.78371e+11
280, 7.47199e+11
281, 7.33928e+11
282, 7.23429e+11
283, 7.08662e+11
284, 7.04488e+11
285, 6.71924e+11
286, 6.71924e+11
287, 6.71924e+11
288, 6.71924e+11
289, 6.71924e+11
290, 6.71924e+11
291, 6.71924e+11
292, 6.71924e+11
293, 6.60665e+11
294, 6.524e+11
295, 6.524e+11
296, 6.524e+11
297, 6.524e+11
298, 6.524e+11
299, 6.524e+11
300, 6.524e+11
301, 6.524e+11
302, 6.524e+11
303, 6.524e+11
304, 6.524e+11
305, 6.524e+11
306, 6.524e+11
307, 6.524e+11
308, 6.524e+11
309, 6.524e+11
310, 6.524e+11
311, 6.524e+11
312, 6.524e+11
313, 6.524e+11
314, 6.524e+11
315, 6.34244e+11
316, 6.34244e+11
317, 6.19834e+11
318, 6.19834e+11
319, 6.19834e+11
320, 6.06229e+11
321, 6.06229e+11
322, 5.96962e+11
323, 5.96962e+11
324, 5.96962e+11
325, 5.96962e+11
326, 5.96962e+11
327, 5.96962e+11
328, 5.96962e+11
329, 5.96962e+11
330, 5.96962e+11
331, 5.96962e+11
