Iteration, BestFitness
0, 1.43199e+17
1, 9.97392e+16
2, 9.04307e+16
3, 4.79103e+16
4, 3.58605e+16
5, 3.20619e+16
6, 2.55977e+15
7, 2.55977e+15
8, 1.11972e+15
9, 1.11972e+15
10, 1.11972e+15
11, 1.11972e+15
12, 1.11972e+15
13, 1.11972e+15
14, 8.33844e+14
15, 8.33844e+14
16, 8.33844e+14
17, 8.33844e+14
18, 8.33844e+14
19, 8.33844e+14
20, 8.33844e+14
21, 4.93663e+14
22, 4.93663e+14
23, 4.93663e+14
24, 4.93663e+14
25, 4.93663e+14
26, 4.93663e+14
27, 4.93663e+14
28, 4.93663e+14
29, 4.32757e+14
30, 4.32757e+14
31, 4.32757e+14
32, 2.5719e+14
33, 2.5719e+14
34, 2.5719e+14
35, 2.5719e+14
36, 2.5719e+14
37, 2.5719e+14
38, 2.5719e+14
39, 2.5719e+14
40, 2.5719e+14
41, 1.91346e+14
42, 1.91346e+14
43, 1.91346e+14
44, 1.91346e+14
45, 1.91346e+14
46, 1.91346e+14
47, 1.91346e+14
48, 1.42081e+14
49, 1.42081e+14
50, 1.42081e+14
51, 1.42081e+14
52, 1.42081e+14
53, 7.96698e+13
54, 7.33809e+13
55, 7.33809e+13
56, 7.33809e+13
57, 7.33809e+13
58, 7.33809e+13
59, 7.33809e+13
60, 7.33809e+13
61, 7.33809e+13
62, 7.33809e+13
63, 7.33809e+13
64, 5.30399e+13
65, 5.30399e+13
66, 5.30399e+13
67, 5.30399e+13
68, 5.30399e+13
69, 5.30399e+13
70, 5.30399e+13
71, 5.30399e+13
72, 5.30399e+13
73, 5.30399e+13
74, 5.30399e+13
75, 5.30399e+13
76, 4.95477e+13
77, 4.95477e+13
78, 4.90255e+13
79, 4.90255e+13
80, 4.07512e+13
81, 4.07512e+13
82, 3.86823e+13
83, 3.86823e+13
84, 3.86823e+13
85, 3.86823e+13
86, 3.86823e+13
87, 3.86823e+13
88, 3.86823e+13
89, 3.44701e+13
90, 3.11091e+13
91, 3.11091e+13
92, 3.11091e+13
93, 3.11091e+13
94, 3.11091e+13
95, 3.11091e+13
96, 2.6986e+13
97, 2.20215e+13
98, 2.20215e+13
99, 1.35636e+13
100, 7.79895e+12
101, 6.68446e+12
102, 6.68446e+12
103, 6.68446e+12
104, 6.68446e+12
105, 6.68446e+12
106, 6.68446e+12
107, 6.68446e+12
108, 6.68446e+12
109, 6.68446e+12
110, 6.68446e+12
111, 6.68446e+12
112, 6.68446e+12
113, 6.68446e+12
114, 6.68446e+12
115, 6.68446e+12
116, 6.68446e+12
117, 6.68446e+12
118, 6.68446e+12
119, 6.68446e+12
120, 6.68446e+12
121, 6.68446e+12
122, 6.68446e+12
123, 6.68446e+12
124, 6.68446e+12
125, 4.61144e+12
126, 4.61144e+12
127, 4.61144e+12
128, 4.61144e+12
129, 4.61144e+12
130, 4.61144e+12
131, 4.61144e+12
132, 4.61144e+12
133, 4.61144e+12
134, 2.20077e+12
135, 2.20077e+12
136, 2.20077e+12
137, 2.20077e+12
138, 2.20077e+12
139, 2.20077e+12
140, 2.20077e+12
141, 2.20077e+12
142, 2.20077e+12
143, 2.20077e+12
144, 2.20077e+12
145, 2.20077e+12
146, 2.20077e+12
147, 2.20077e+12
148, 2.20077e+12
149, 2.20077e+12
150, 2.20077e+12
151, 2.20077e+12
152, 2.20077e+12
153, 2.20077e+12
154, 2.20077e+12
155, 2.20077e+12
156, 2.20077e+12
157, 2.20077e+12
158, 2.20077e+12
159, 2.20077e+12
160, 2.20077e+12
161, 2.20077e+12
162, 2.20077e+12
163, 2.20077e+12
164, 2.20077e+12
165, 2.20077e+12
166, 2.20077e+12
167, 2.20077e+12
168, 2.20077e+12
169, 2.20077e+12
170, 2.20077e+12
171, 2.20077e+12
172, 2.20077e+12
173, 2.20077e+12
174, 2.20077e+12
175, 2.20077e+12
176, 2.20077e+12
177, 2.20077e+12
178, 2.07155e+12
179, 2.07155e+12
180, 2.07155e+12
181, 2.07155e+12
182, 2.07155e+12
183, 2.07155e+12
184, 2.07155e+12
185, 2.07155e+12
186, 2.07155e+12
187, 2.07155e+12
188, 2.07155e+12
189, 2.07155e+12
190, 2.07155e+12
191, 2.07155e+12
192, 2.07155e+12
193, 2.07155e+12
194, 2.07155e+12
195, 2.07155e+12
196, 2.07155e+12
197, 2.07155e+12
198, 2.07155e+12
199, 2.07155e+12
200, 2.07155e+12
201, 2.07155e+12
202, 8.87447e+11
203, 7.24181e+11
204, 7.24181e+11
205, 7.24181e+11
206, 7.24181e+11
207, 7.24181e+11
208, 7.24181e+11
209, 7.24181e+11
210, 7.24181e+11
211, 7.24181e+11
212, 7.24181e+11
213, 7.24181e+11
214, 7.24181e+11
215, 7.24181e+11
216, 6.74928e+11
217, 6.74928e+11
218, 6.74928e+11
219, 6.74928e+11
220, 6.74928e+11
221, 6.74928e+11
222, 6.74928e+11
223, 6.74928e+11
224, 6.74928e+11
225, 6.74928e+11
226, 6.74928e+11
227, 6.74928e+11
228, 6.74928e+11
229, 6.74928e+11
230, 6.74928e+11
231, 6.74928e+11
232, 6.74928e+11
233, 6.74928e+11
234, 6.74928e+11
235, 6.74928e+11
236, 6.74928e+11
237, 6.74928e+11
238, 6.74928e+11
239, 6.74928e+11
240, 5.93583e+11
241, 5.18067e+11
242, 5.12765e+11
243, 5.12765e+11
244, 5.12765e+11
245, 5.12765e+11
246, 5.12765e+11
247, 5.12765e+11
248, 5.12765e+11
249, 4.30935e+11
250, 3.92302e+11
251, 3.92302e+11
252, 3.92302e+11
253, 3.92302e+11
254, 3.92302e+11
255, 3.92302e+11
256, 3.92302e+11
257, 3.92302e+11
258, 3.92302e+11
259, 3.92302e+11
260, 3.92302e+11
261, 3.92302e+11
262, 3.92302e+11
263, 3.92302e+11
264, 3.92302e+11
265, 3.92302e+11
266, 3.92302e+11
267, 3.92302e+11
268, 3.92302e+11
269, 3.92302e+11
270, 3.92302e+11
271, 3.92302e+11
272, 3.92302e+11
273, 3.92302e+11
274, 3.92302e+11
275, 3.92302e+11
276, 3.92302e+11
277, 3.92302e+11
278, 3.92302e+11
279, 3.92302e+11
280, 3.92302e+11
281, 3.92302e+11
282, 3.92302e+11
283, 3.92302e+11
284, 3.92302e+11
285, 3.92302e+11
286, 3.92302e+11
287, 3.92302e+11
288, 3.92302e+11
289, 3.92302e+11
290, 3.92302e+11
291, 3.92302e+11
292, 3.92302e+11
293, 3.8673e+11
294, 3.54884e+11
295, 3.3236e+11
296, 1.88501e+11
297, 1.88501e+11
298, 1.88501e+11
299, 1.88501e+11
300, 1.88501e+11
301, 1.88501e+11
302, 1.88501e+11
303, 1.88501e+11
304, 1.88501e+11
305, 1.88501e+11
306, 1.88501e+11
307, 1.88501e+11
308, 1.88501e+11
309, 1.88501e+11
310, 1.88501e+11
311, 1.88501e+11
312, 1.88501e+11
313, 1.62465e+11
314, 1.62465e+11
315, 1.62465e+11
316, 1.62465e+11
317, 1.62465e+11
318, 1.31216e+11
319, 1.31216e+11
320, 1.31216e+11
321, 1.31216e+11
322, 1.31216e+11
323, 1.31216e+11
324, 1.31216e+11
325, 1.31216e+11
326, 1.31216e+11
327, 1.31216e+11
328, 1.31216e+11
329, 1.31216e+11
330, 1.31216e+11
331, 1.31216e+11
