Iteration, BestFitness
0, 4.82733e+11
1, 4.30849e+11
2, 4.07636e+11
3, 3.82783e+11
4, 3.82783e+11
5, 3.82783e+11
6, 3.82783e+11
7, 3.82783e+11
8, 3.82783e+11
9, 3.66721e+11
10, 3.66721e+11
11, 3.49094e+11
12, 3.47517e+11
13, 3.47517e+11
14, 3.47517e+11
15, 3.47517e+11
16, 3.37053e+11
17, 3.37053e+11
18, 3.37053e+11
19, 3.37053e+11
20, 3.33108e+11
21, 2.90774e+11
22, 2.90774e+11
23, 2.90439e+11
24, 2.38147e+11
25, 2.37769e+11
26, 2.37769e+11
27, 2.28338e+11
28, 2.28033e+11
29, 2.28033e+11
30, 2.10659e+11
31, 2.10659e+11
32, 2.10659e+11
33, 2.10659e+11
34, 2.10659e+11
35, 2.10659e+11
36, 2.10659e+11
37, 2.10659e+11
38, 2.10659e+11
39, 2.10659e+11
40, 2.10659e+11
41, 1.97371e+11
42, 1.97371e+11
43, 1.97371e+11
44, 1.90693e+11
45, 1.90252e+11
46, 1.90252e+11
47, 1.90252e+11
48, 1.90252e+11
49, 1.90252e+11
50, 1.90252e+11
51, 1.90252e+11
52, 1.90252e+11
53, 1.89648e+11
54, 1.89648e+11
55, 1.89648e+11
56, 1.84078e+11
57, 1.84078e+11
58, 1.84078e+11
59, 1.72553e+11
60, 1.60447e+11
61, 1.59994e+11
62, 1.59994e+11
63, 1.59994e+11
64, 1.58724e+11
65, 1.58724e+11
66, 1.50359e+11
67, 1.47159e+11
68, 1.47159e+11
69, 1.47159e+11
70, 1.47159e+11
71, 1.47159e+11
72, 1.47159e+11
73, 1.47159e+11
74, 1.45936e+11
75, 1.39043e+11
76, 1.31131e+11
77, 1.31131e+11
78, 1.31131e+11
79, 1.31131e+11
80, 1.31131e+11
81, 1.27589e+11
82, 1.27589e+11
83, 1.27589e+11
84, 1.27589e+11
85, 1.27589e+11
86, 1.27589e+11
87, 1.27589e+11
88, 1.27589e+11
89, 1.27589e+11
90, 1.27589e+11
91, 1.27589e+11
92, 1.27589e+11
93, 1.27589e+11
94, 1.27589e+11
95, 1.27589e+11
96, 1.27589e+11
97, 1.27589e+11
98, 1.27589e+11
99, 1.27589e+11
100, 1.27589e+11
101, 1.27589e+11
102, 1.27589e+11
103, 1.27589e+11
104, 1.27589e+11
105, 1.27589e+11
106, 1.27589e+11
107, 1.27589e+11
108, 1.27589e+11
109, 1.27589e+11
110, 1.27589e+11
111, 1.27589e+11
112, 1.27589e+11
113, 1.27589e+11
114, 1.27589e+11
115, 1.27589e+11
116, 1.27589e+11
117, 1.27589e+11
118, 1.27589e+11
119, 1.27589e+11
120, 1.27589e+11
121, 1.27589e+11
122, 1.27589e+11
123, 1.27589e+11
124, 1.27589e+11
125, 1.27589e+11
126, 1.27589e+11
127, 1.27589e+11
128, 1.27589e+11
129, 1.27589e+11
130, 1.27589e+11
131, 1.27589e+11
132, 1.27589e+11
133, 1.27589e+11
134, 1.19493e+11
135, 1.19493e+11
136, 1.19493e+11
137, 1.19493e+11
138, 1.19493e+11
139, 1.19493e+11
140, 1.19493e+11
141, 1.11932e+11
142, 1.11932e+11
143, 1.11932e+11
144, 1.11932e+11
145, 1.11932e+11
146, 1.11932e+11
147, 1.11932e+11
148, 1.11932e+11
149, 1.11932e+11
150, 1.11932e+11
151, 1.11932e+11
152, 1.11932e+11
153, 1.11932e+11
154, 1.11932e+11
155, 1.11932e+11
156, 1.11932e+11
157, 1.11932e+11
158, 1.11932e+11
159, 1.11932e+11
160, 1.11932e+11
161, 1.11932e+11
162, 1.11932e+11
163, 1.11932e+11
164, 1.11932e+11
165, 1.11932e+11
166, 1.11932e+11
167, 1.11932e+11
168, 1.11932e+11
169, 1.11932e+11
170, 1.11932e+11
171, 1.11932e+11
172, 1.11932e+11
173, 1.11932e+11
174, 1.11932e+11
175, 1.11932e+11
176, 1.11932e+11
177, 1.11932e+11
178, 1.11932e+11
179, 1.11932e+11
180, 1.11932e+11
181, 1.11932e+11
182, 1.11932e+11
183, 1.11932e+11
184, 1.11932e+11
185, 1.11932e+11
186, 1.11932e+11
187, 1.11932e+11
188, 1.11932e+11
189, 1.11932e+11
190, 1.11932e+11
191, 1.11932e+11
192, 1.11932e+11
193, 1.11932e+11
194, 1.11932e+11
195, 1.11932e+11
196, 1.11932e+11
197, 1.10402e+11
198, 1.10402e+11
199, 1.10402e+11
200, 1.10402e+11
201, 1.10402e+11
202, 1.10402e+11
203, 1.10402e+11
204, 1.10402e+11
205, 1.10402e+11
206, 1.10402e+11
207, 1.07663e+11
208, 1.07663e+11
209, 1.07663e+11
210, 1.07663e+11
211, 1.07663e+11
212, 1.07663e+11
213, 1.07663e+11
214, 1.07663e+11
215, 1.07663e+11
216, 1.07663e+11
217, 1.07663e+11
218, 1.07663e+11
219, 1.07663e+11
220, 1.07663e+11
221, 1.07663e+11
222, 1.07663e+11
223, 1.07663e+11
224, 1.07663e+11
225, 1.07663e+11
226, 1.07663e+11
227, 1.07663e+11
228, 1.07663e+11
229, 1.07663e+11
230, 1.07663e+11
231, 1.07663e+11
232, 1.07663e+11
233, 1.07663e+11
234, 1.06901e+11
235, 1.02505e+11
236, 9.86283e+10
237, 9.85774e+10
238, 9.84811e+10
239, 9.8453e+10
240, 9.8453e+10
241, 9.8453e+10
242, 9.8453e+10
243, 9.8453e+10
244, 9.8453e+10
245, 9.8453e+10
246, 9.8453e+10
247, 9.8453e+10
248, 9.8453e+10
249, 9.8453e+10
250, 9.8453e+10
251, 9.8453e+10
252, 9.8453e+10
253, 9.8453e+10
254, 9.8453e+10
255, 9.8453e+10
256, 9.8453e+10
257, 9.8453e+10
258, 9.8453e+10
259, 9.8453e+10
260, 9.8453e+10
261, 9.8453e+10
262, 9.8453e+10
263, 9.8453e+10
264, 9.8453e+10
265, 9.8453e+10
266, 9.8453e+10
267, 9.8453e+10
268, 9.8453e+10
269, 9.8453e+10
270, 9.8453e+10
271, 9.8453e+10
272, 9.8453e+10
273, 9.8453e+10
274, 9.8453e+10
275, 9.8453e+10
276, 9.8453e+10
277, 9.8453e+10
278, 9.8453e+10
279, 9.8453e+10
280, 9.8453e+10
281, 9.8453e+10
282, 9.8453e+10
283, 9.8453e+10
284, 9.8453e+10
285, 9.8453e+10
286, 9.8453e+10
287, 9.8453e+10
288, 9.8453e+10
289, 9.8453e+10
290, 9.8453e+10
291, 9.8453e+10
292, 9.8453e+10
293, 9.8453e+10
294, 9.8453e+10
295, 9.8453e+10
296, 9.8453e+10
297, 9.8453e+10
298, 9.8453e+10
299, 9.8453e+10
300, 9.8453e+10
301, 9.8453e+10
302, 9.8453e+10
303, 9.57948e+10
304, 9.15543e+10
305, 9.15543e+10
306, 9.15543e+10
307, 9.15543e+10
308, 9.15543e+10
309, 9.15543e+10
310, 9.15543e+10
311, 9.15543e+10
312, 8.88835e+10
313, 8.88835e+10
314, 8.88835e+10
315, 8.88835e+10
316, 8.88835e+10
317, 8.88835e+10
318, 8.88835e+10
319, 8.88835e+10
320, 8.88835e+10
321, 8.88835e+10
322, 8.88835e+10
323, 8.88835e+10
324, 8.88835e+10
325, 8.88835e+10
326, 8.88835e+10
327, 8.88835e+10
328, 8.88835e+10
329, 8.88835e+10
330, 8.88835e+10
331, 8.88835e+10
