Iteration, BestFitness
0, 1.15535e+13
1, 8.59166e+12
2, 8.59166e+12
3, 8.55663e+12
4, 8.55663e+12
5, 8.55663e+12
6, 8.55663e+12
7, 8.23042e+12
8, 8.23042e+12
9, 8.23042e+12
10, 7.87547e+12
11, 6.7524e+12
12, 6.54296e+12
13, 6.44898e+12
14, 6.44898e+12
15, 6.44898e+12
16, 6.44898e+12
17, 6.44898e+12
18, 6.44898e+12
19, 6.44898e+12
20, 6.44898e+12
21, 6.33446e+12
22, 5.66561e+12
23, 5.66561e+12
24, 5.62213e+12
25, 5.62213e+12
26, 5.62213e+12
27, 5.62213e+12
28, 5.62213e+12
29, 5.62213e+12
30, 5.58539e+12
31, 4.8878e+12
32, 4.88451e+12
33, 4.88451e+12
34, 4.88451e+12
35, 4.4809e+12
36, 4.4809e+12
37, 4.4809e+12
38, 4.4809e+12
39, 4.4809e+12
40, 4.4809e+12
41, 4.4809e+12
42, 4.4809e+12
43, 4.4809e+12
44, 4.4809e+12
45, 4.20155e+12
46, 4.20155e+12
47, 4.20155e+12
48, 4.20155e+12
49, 4.20155e+12
50, 4.1987e+12
51, 3.79255e+12
52, 3.79255e+12
53, 3.61297e+12
54, 3.61297e+12
55, 3.61228e+12
56, 3.61228e+12
57, 3.61228e+12
58, 3.53364e+12
59, 3.43709e+12
60, 3.38154e+12
61, 3.32223e+12
62, 3.19731e+12
63, 3.19731e+12
64, 3.19731e+12
65, 3.19731e+12
66, 3.19731e+12
67, 3.19731e+12
68, 3.19731e+12
69, 3.16356e+12
70, 3.16356e+12
71, 3.16356e+12
72, 3.12106e+12
73, 2.83858e+12
74, 2.83858e+12
75, 2.77282e+12
76, 2.76231e+12
77, 2.76231e+12
78, 2.76231e+12
79, 2.76231e+12
80, 2.76231e+12
81, 2.76231e+12
82, 2.76231e+12
83, 2.66684e+12
84, 2.49788e+12
85, 2.49788e+12
86, 2.49788e+12
87, 2.49788e+12
88, 2.49788e+12
89, 2.49788e+12
90, 2.49788e+12
91, 2.49788e+12
92, 2.49788e+12
93, 2.49788e+12
94, 2.49788e+12
95, 2.40897e+12
96, 2.19312e+12
97, 2.19312e+12
98, 2.19312e+12
99, 2.19312e+12
100, 2.14488e+12
101, 2.14488e+12
102, 2.14488e+12
103, 2.14488e+12
104, 2.14488e+12
105, 2.02235e+12
106, 2.01855e+12
107, 2.01855e+12
108, 2.01855e+12
109, 2.01855e+12
110, 2.01855e+12
111, 2.01855e+12
112, 1.91139e+12
113, 1.91139e+12
114, 1.91139e+12
115, 1.85529e+12
116, 1.85529e+12
117, 1.85529e+12
118, 1.85529e+12
119, 1.85529e+12
120, 1.85529e+12
121, 1.82816e+12
122, 1.64219e+12
123, 1.64219e+12
124, 1.64219e+12
125, 1.64219e+12
126, 1.64219e+12
127, 1.64219e+12
128, 1.57669e+12
129, 1.47417e+12
130, 1.45337e+12
131, 1.45337e+12
132, 1.42189e+12
133, 1.42189e+12
134, 1.42189e+12
135, 1.42189e+12
136, 1.42189e+12
137, 1.42189e+12
138, 1.42189e+12
139, 1.42189e+12
140, 1.42189e+12
141, 1.42189e+12
142, 1.42189e+12
143, 1.42189e+12
144, 1.42189e+12
145, 1.42189e+12
146, 1.42189e+12
147, 1.42189e+12
148, 1.42189e+12
149, 1.42189e+12
150, 1.42189e+12
151, 1.42189e+12
152, 1.23242e+12
153, 1.223e+12
154, 1.15575e+12
155, 1.15575e+12
156, 1.15019e+12
157, 1.15019e+12
158, 1.15019e+12
159, 1.12554e+12
160, 1.12554e+12
161, 1.11439e+12
162, 1.11439e+12
163, 1.11439e+12
164, 1.11439e+12
165, 1.07268e+12
166, 1.07024e+12
167, 1.07024e+12
168, 1.07024e+12
169, 1.07024e+12
170, 1.07024e+12
171, 1.07024e+12
172, 1.07024e+12
173, 1.07024e+12
174, 1.07024e+12
175, 1.07024e+12
176, 1.07024e+12
177, 9.83243e+11
178, 9.83243e+11
179, 9.83243e+11
180, 9.82175e+11
181, 9.82175e+11
182, 9.82175e+11
183, 9.82175e+11
184, 9.82175e+11
185, 9.82175e+11
186, 9.82175e+11
187, 9.82175e+11
188, 9.82175e+11
189, 9.82175e+11
190, 9.82175e+11
191, 9.82175e+11
192, 9.82175e+11
193, 9.82175e+11
194, 9.82175e+11
195, 9.70938e+11
196, 9.70938e+11
197, 9.70938e+11
198, 9.70938e+11
199, 9.70938e+11
200, 9.70938e+11
201, 9.70938e+11
202, 9.70938e+11
203, 9.70938e+11
204, 9.70938e+11
205, 9.70938e+11
206, 9.70938e+11
207, 9.15905e+11
208, 9.15905e+11
209, 9.15905e+11
210, 9.15905e+11
211, 9.15905e+11
212, 9.15905e+11
213, 9.15905e+11
214, 9.15905e+11
215, 9.15905e+11
216, 9.15905e+11
217, 9.15905e+11
218, 9.15905e+11
219, 9.15905e+11
220, 9.15905e+11
221, 9.15905e+11
222, 9.15905e+11
223, 9.15905e+11
224, 9.15905e+11
225, 9.15905e+11
226, 9.15905e+11
227, 9.15905e+11
228, 9.15905e+11
229, 9.15905e+11
230, 9.15905e+11
231, 9.15905e+11
232, 9.15905e+11
233, 9.15905e+11
234, 9.15905e+11
235, 9.15905e+11
236, 9.15905e+11
237, 9.15905e+11
238, 9.15905e+11
239, 9.15905e+11
240, 9.15905e+11
241, 9.15905e+11
242, 9.15905e+11
243, 9.15905e+11
244, 9.15905e+11
245, 8.91139e+11
246, 8.91139e+11
247, 8.91139e+11
248, 8.88459e+11
249, 8.53349e+11
250, 8.17009e+11
251, 8.14553e+11
252, 8.11225e+11
253, 8.11225e+11
254, 8.11225e+11
255, 7.57821e+11
256, 7.55663e+11
257, 7.55663e+11
258, 7.55663e+11
259, 6.87261e+11
260, 6.84157e+11
261, 6.84157e+11
262, 6.84157e+11
263, 6.84157e+11
264, 6.84157e+11
265, 6.84157e+11
266, 6.84157e+11
267, 6.84157e+11
268, 6.84157e+11
269, 6.84157e+11
270, 6.84157e+11
271, 6.84157e+11
272, 6.84157e+11
273, 6.84157e+11
274, 6.84157e+11
275, 6.84157e+11
276, 6.84157e+11
277, 6.84157e+11
278, 6.84157e+11
279, 6.84157e+11
280, 6.84157e+11
281, 6.84157e+11
282, 6.84157e+11
283, 6.84157e+11
284, 6.84157e+11
285, 6.84157e+11
286, 6.84157e+11
287, 6.84157e+11
288, 6.84157e+11
289, 6.84157e+11
290, 6.84157e+11
291, 6.84157e+11
292, 6.15072e+11
293, 6.15072e+11
294, 6.15072e+11
295, 6.15072e+11
296, 6.15072e+11
297, 6.15072e+11
298, 6.15072e+11
299, 6.15072e+11
300, 6.15072e+11
301, 6.15072e+11
302, 6.15072e+11
303, 6.15072e+11
304, 6.15072e+11
305, 6.04008e+11
306, 6.04008e+11
307, 6.04008e+11
308, 6.04008e+11
309, 6.04008e+11
310, 6.04008e+11
311, 6.04008e+11
312, 6.04008e+11
313, 6.04008e+11
314, 6.04008e+11
315, 6.04008e+11
316, 6.04008e+11
317, 6.04008e+11
318, 6.04008e+11
319, 6.04008e+11
320, 5.996e+11
321, 5.996e+11
322, 5.996e+11
323, 5.95616e+11
324, 5.90212e+11
325, 5.90212e+11
326, 5.90212e+11
327, 5.90212e+11
328, 5.90212e+11
329, 5.90212e+11
330, 5.90212e+11
331, 5.90212e+11
