Iteration, BestFitness
0, 2.56611e+17
1, 1.38324e+17
2, 1.11718e+17
3, 1.11718e+17
4, 6.6493e+16
5, 3.27392e+16
6, 3.27392e+16
7, 8.40201e+15
8, 8.40201e+15
9, 8.10557e+15
10, 7.3973e+15
11, 2.85231e+15
12, 1.69385e+14
13, 1.69385e+14
14, 1.69383e+14
15, 1.69383e+14
16, 1.59537e+14
17, 5.76222e+13
18, 5.76222e+13
19, 5.76222e+13
20, 5.76222e+13
21, 5.76222e+13
22, 5.74321e+13
23, 5.74321e+13
24, 5.74321e+13
25, 5.74321e+13
26, 5.74321e+13
27, 5.74321e+13
28, 5.74321e+13
29, 5.74321e+13
30, 5.74321e+13
31, 3.81724e+13
32, 3.81724e+13
33, 3.58407e+13
34, 3.58407e+13
35, 3.58407e+13
36, 3.58407e+13
37, 3.58407e+13
38, 3.27534e+13
39, 3.27011e+13
40, 3.27011e+13
41, 1.9978e+13
42, 6.38562e+12
43, 5.11912e+12
44, 5.11912e+12
45, 4.6251e+12
46, 4.15459e+12
47, 4.15459e+12
48, 4.15459e+12
49, 4.15459e+12
50, 4.15459e+12
51, 4.15459e+12
52, 4.15459e+12
53, 4.15459e+12
54, 4.15459e+12
55, 4.15459e+12
56, 1.92267e+12
57, 1.92267e+12
58, 1.92267e+12
59, 1.92267e+12
60, 1.92267e+12
61, 1.92267e+12
62, 1.92267e+12
63, 1.92267e+12
64, 1.92267e+12
65, 1.92267e+12
66, 1.15209e+12
67, 1.06572e+12
68, 1.06572e+12
69, 1.06572e+12
70, 1.06572e+12
71, 1.06572e+12
72, 1.06572e+12
73, 1.06572e+12
74, 1.06572e+12
75, 6.93936e+11
76, 6.91779e+11
77, 6.91779e+11
78, 6.91779e+11
79, 6.91779e+11
80, 6.91779e+11
81, 6.91779e+11
82, 6.91779e+11
83, 6.91779e+11
84, 6.91779e+11
85, 6.91779e+11
86, 6.91779e+11
87, 6.91779e+11
88, 6.91779e+11
89, 6.91779e+11
90, 6.91779e+11
91, 6.91779e+11
92, 6.91779e+11
93, 6.66765e+11
94, 6.66765e+11
95, 6.66765e+11
96, 6.66765e+11
97, 6.66765e+11
98, 6.35638e+11
99, 6.35638e+11
100, 6.35638e+11
101, 4.7558e+11
102, 4.7558e+11
103, 4.7558e+11
104, 4.7558e+11
105, 4.7558e+11
106, 4.7558e+11
107, 4.7558e+11
108, 4.51964e+11
109, 4.51964e+11
110, 4.51964e+11
111, 4.51964e+11
112, 4.51964e+11
113, 4.51964e+11
114, 4.51964e+11
115, 4.51964e+11
116, 4.51964e+11
117, 4.51964e+11
118, 4.51964e+11
119, 4.45265e+11
120, 4.45265e+11
121, 4.45265e+11
122, 4.45265e+11
123, 4.45265e+11
124, 4.45265e+11
125, 4.45265e+11
126, 4.45265e+11
127, 4.45265e+11
128, 4.45265e+11
129, 4.45265e+11
130, 3.01224e+11
131, 3.01224e+11
132, 3.01224e+11
133, 3.01224e+11
134, 3.01224e+11
135, 3.01224e+11
136, 3.01224e+11
137, 3.01224e+11
138, 3.01224e+11
139, 3.01224e+11
140, 3.01224e+11
141, 3.01224e+11
142, 3.01224e+11
143, 3.01224e+11
144, 2.37559e+11
145, 2.37559e+11
146, 2.37559e+11
147, 2.14131e+11
148, 2.14131e+11
149, 2.14131e+11
150, 2.14131e+11
151, 2.14131e+11
152, 2.14131e+11
153, 2.14131e+11
154, 2.14131e+11
155, 2.14131e+11
156, 2.14131e+11
157, 2.14131e+11
158, 2.14131e+11
159, 1.89899e+11
160, 1.89899e+11
161, 1.89899e+11
162, 1.89899e+11
163, 1.89899e+11
164, 1.89899e+11
165, 1.89899e+11
166, 1.89899e+11
167, 1.89899e+11
168, 1.89899e+11
169, 1.8164e+11
170, 1.8164e+11
171, 1.8164e+11
172, 1.8164e+11
173, 1.8164e+11
174, 1.8164e+11
175, 1.8164e+11
176, 1.8164e+11
177, 1.56478e+11
178, 1.49526e+11
179, 1.49526e+11
180, 1.49526e+11
181, 1.49526e+11
182, 1.49526e+11
183, 1.49526e+11
184, 1.49526e+11
185, 1.49526e+11
186, 1.49526e+11
187, 1.49526e+11
188, 1.49526e+11
189, 1.42385e+11
190, 1.42385e+11
191, 1.31653e+11
192, 1.31653e+11
193, 1.31653e+11
194, 1.31653e+11
195, 1.31653e+11
196, 1.31653e+11
197, 1.31653e+11
198, 1.31653e+11
199, 1.31653e+11
200, 1.31653e+11
201, 1.31653e+11
202, 1.31653e+11
203, 1.31653e+11
204, 1.31653e+11
205, 1.31653e+11
206, 1.3043e+11
207, 1.3043e+11
208, 1.10628e+11
209, 1.10063e+11
210, 1.09914e+11
211, 1.09914e+11
212, 1.09914e+11
213, 1.09914e+11
214, 1.09914e+11
215, 1.09914e+11
216, 1.09914e+11
217, 1.09914e+11
218, 1.09914e+11
219, 1.09914e+11
220, 1.09914e+11
221, 1.09914e+11
222, 1.09914e+11
223, 1.09914e+11
224, 1.01922e+11
225, 9.77952e+10
226, 9.01134e+10
227, 9.01134e+10
228, 9.01134e+10
229, 9.01134e+10
230, 9.01134e+10
231, 9.01134e+10
232, 9.01134e+10
233, 9.01134e+10
234, 9.01134e+10
235, 9.01134e+10
236, 9.01134e+10
237, 9.01134e+10
238, 9.01134e+10
239, 9.01134e+10
240, 9.01134e+10
241, 9.01134e+10
242, 9.01134e+10
243, 9.01134e+10
244, 9.01134e+10
245, 9.01134e+10
246, 9.01134e+10
247, 9.01134e+10
248, 9.01134e+10
249, 9.01134e+10
250, 9.01134e+10
251, 9.01134e+10
252, 9.01134e+10
253, 9.01134e+10
254, 9.01134e+10
255, 9.01134e+10
256, 9.01134e+10
257, 8.81001e+10
258, 7.86555e+10
259, 7.86555e+10
260, 7.86555e+10
261, 7.86555e+10
262, 7.86555e+10
263, 7.86555e+10
264, 7.86555e+10
265, 7.86555e+10
266, 7.86555e+10
267, 7.86555e+10
268, 7.86555e+10
269, 7.86555e+10
270, 7.86555e+10
271, 7.86555e+10
272, 7.86555e+10
273, 7.86555e+10
274, 7.86555e+10
275, 7.86555e+10
276, 7.86555e+10
277, 7.86555e+10
278, 7.86555e+10
279, 7.86555e+10
280, 7.86555e+10
281, 7.86555e+10
282, 7.86555e+10
283, 7.86555e+10
284, 7.55595e+10
285, 7.55595e+10
286, 7.55595e+10
287, 7.55595e+10
288, 7.55595e+10
289, 7.55595e+10
290, 7.55595e+10
291, 7.55595e+10
292, 7.55595e+10
293, 7.55595e+10
294, 7.55595e+10
295, 7.55595e+10
296, 7.55595e+10
297, 7.55595e+10
298, 7.55595e+10
299, 7.01864e+10
300, 6.67102e+10
301, 6.54691e+10
302, 6.45043e+10
303, 6.45043e+10
304, 6.45043e+10
305, 6.45043e+10
306, 6.45043e+10
307, 6.45043e+10
308, 6.45043e+10
309, 6.45043e+10
310, 6.45043e+10
311, 6.45043e+10
312, 5.99731e+10
313, 5.99731e+10
314, 5.99731e+10
315, 5.99731e+10
316, 5.99731e+10
317, 5.99731e+10
318, 5.99731e+10
319, 5.99731e+10
320, 5.99731e+10
321, 5.99731e+10
322, 5.99731e+10
323, 5.99731e+10
324, 5.99731e+10
325, 5.99731e+10
326, 5.99731e+10
327, 5.94277e+10
328, 5.94277e+10
329, 5.94277e+10
330, 5.94277e+10
331, 5.94277e+10
