Iteration, BestFitness
0, 4.95904e+12
1, 4.95904e+12
2, 4.82227e+12
3, 4.82227e+12
4, 4.64699e+12
5, 4.64699e+12
6, 4.35019e+12
7, 4.04888e+12
8, 4.04888e+12
9, 4.04214e+12
10, 3.70267e+12
11, 3.70267e+12
12, 3.36619e+12
13, 2.4957e+12
14, 2.4957e+12
15, 2.4957e+12
16, 2.4957e+12
17, 2.4957e+12
18, 2.4957e+12
19, 2.4957e+12
20, 2.4957e+12
21, 2.4957e+12
22, 2.4957e+12
23, 2.4957e+12
24, 2.40038e+12
25, 2.40038e+12
26, 2.15393e+12
27, 2.15393e+12
28, 2.15393e+12
29, 2.15393e+12
30, 2.06097e+12
31, 2.00289e+12
32, 2.00289e+12
33, 2.00289e+12
34, 2.00289e+12
35, 2.00289e+12
36, 2.00289e+12
37, 2.00289e+12
38, 2.00289e+12
39, 1.87237e+12
40, 1.87237e+12
41, 1.87237e+12
42, 1.75619e+12
43, 1.6751e+12
44, 1.60753e+12
45, 1.51067e+12
46, 1.51067e+12
47, 1.51067e+12
48, 1.51067e+12
49, 1.51067e+12
50, 1.48976e+12
51, 1.48976e+12
52, 1.48976e+12
53, 1.4596e+12
54, 1.4596e+12
55, 1.44347e+12
56, 1.44347e+12
57, 1.44347e+12
58, 1.29743e+12
59, 1.11585e+12
60, 1.05186e+12
61, 1.05186e+12
62, 1.0349e+12
63, 9.99096e+11
64, 9.99096e+11
65, 9.99096e+11
66, 9.99096e+11
67, 9.99096e+11
68, 9.99096e+11
69, 9.99096e+11
70, 9.99096e+11
71, 9.99096e+11
72, 9.99096e+11
73, 9.99096e+11
74, 9.99096e+11
75, 9.99096e+11
76, 9.99096e+11
77, 9.99096e+11
78, 9.99096e+11
79, 9.99096e+11
80, 9.99096e+11
81, 9.99096e+11
82, 9.99096e+11
83, 9.00399e+11
84, 8.67326e+11
85, 8.67326e+11
86, 8.67326e+11
87, 8.67326e+11
88, 8.67326e+11
89, 8.67326e+11
90, 8.36745e+11
91, 8.36745e+11
92, 8.36745e+11
93, 7.64935e+11
94, 7.64935e+11
95, 7.64935e+11
96, 7.64935e+11
97, 7.40911e+11
98, 7.13451e+11
99, 7.0543e+11
100, 6.99236e+11
101, 6.35271e+11
102, 6.35271e+11
103, 6.35271e+11
104, 6.35271e+11
105, 6.35271e+11
106, 6.35271e+11
107, 6.35271e+11
108, 6.35271e+11
109, 6.35271e+11
110, 6.35271e+11
111, 6.35271e+11
112, 6.35271e+11
113, 6.35271e+11
114, 6.35271e+11
115, 6.35271e+11
116, 6.35271e+11
117, 6.08842e+11
118, 6.04851e+11
119, 6.04851e+11
120, 6.04851e+11
121, 6.04851e+11
122, 6.04851e+11
123, 6.04851e+11
124, 6.04851e+11
125, 6.04851e+11
126, 6.04851e+11
127, 6.04851e+11
128, 6.04851e+11
129, 6.04851e+11
130, 5.45639e+11
131, 5.45639e+11
132, 5.23315e+11
133, 5.23315e+11
134, 5.23315e+11
135, 5.23315e+11
136, 5.23315e+11
137, 5.23315e+11
138, 5.13353e+11
139, 4.06226e+11
140, 4.06226e+11
141, 4.06226e+11
142, 4.06226e+11
143, 4.06226e+11
144, 4.06226e+11
145, 4.06226e+11
146, 4.06226e+11
147, 4.06226e+11
148, 4.06226e+11
149, 4.06226e+11
150, 4.02779e+11
151, 3.80616e+11
152, 3.63765e+11
153, 3.63765e+11
154, 3.63765e+11
155, 3.63765e+11
156, 3.63765e+11
157, 3.63765e+11
158, 3.63765e+11
159, 3.63765e+11
160, 3.63765e+11
161, 3.63765e+11
162, 3.63765e+11
163, 3.63765e+11
164, 3.63765e+11
165, 3.63765e+11
166, 3.63765e+11
167, 3.63765e+11
168, 3.63765e+11
169, 3.63765e+11
170, 3.63765e+11
171, 3.63765e+11
172, 3.63765e+11
173, 3.63765e+11
174, 3.63765e+11
175, 3.63765e+11
176, 3.63765e+11
177, 3.63765e+11
178, 3.63765e+11
179, 3.63765e+11
180, 3.63765e+11
181, 3.63765e+11
182, 3.63765e+11
183, 3.63765e+11
184, 3.63765e+11
185, 3.63765e+11
186, 3.63765e+11
187, 3.63765e+11
188, 3.63109e+11
189, 3.63109e+11
190, 3.63109e+11
191, 3.63109e+11
192, 3.28047e+11
193, 3.28047e+11
194, 3.28047e+11
195, 3.28047e+11
196, 3.28047e+11
197, 3.28047e+11
198, 3.03221e+11
199, 3.03221e+11
200, 3.03221e+11
201, 3.03221e+11
202, 3.03221e+11
203, 3.03221e+11
204, 3.03221e+11
205, 3.03221e+11
206, 3.03221e+11
207, 3.03221e+11
208, 3.03221e+11
209, 3.03221e+11
210, 3.03221e+11
211, 3.03221e+11
212, 3.03221e+11
213, 3.03221e+11
214, 3.03221e+11
215, 3.03221e+11
216, 3.03221e+11
217, 3.03221e+11
218, 3.03221e+11
219, 3.03221e+11
220, 2.67256e+11
221, 2.67256e+11
222, 2.67256e+11
223, 2.67256e+11
224, 2.67256e+11
225, 2.67256e+11
226, 2.67256e+11
227, 2.67256e+11
228, 2.67256e+11
229, 2.67256e+11
230, 2.67256e+11
231, 2.67256e+11
232, 2.67256e+11
233, 2.67256e+11
234, 2.67256e+11
235, 2.67256e+11
236, 2.67256e+11
237, 2.67256e+11
238, 2.67256e+11
239, 2.67256e+11
240, 2.67256e+11
241, 2.67256e+11
242, 2.67256e+11
243, 2.67256e+11
244, 2.67256e+11
245, 2.67256e+11
246, 2.67256e+11
247, 2.67256e+11
248, 2.67256e+11
249, 2.67256e+11
250, 2.67256e+11
251, 2.67256e+11
252, 2.67256e+11
253, 2.67256e+11
254, 2.67256e+11
255, 2.64476e+11
256, 2.39419e+11
257, 2.39419e+11
258, 2.39419e+11
259, 2.39419e+11
260, 2.39419e+11
261, 2.39419e+11
262, 2.39419e+11
263, 2.35399e+11
264, 2.33274e+11
265, 2.22114e+11
266, 2.22114e+11
267, 2.22114e+11
268, 2.22114e+11
269, 2.22114e+11
270, 2.22114e+11
271, 2.22114e+11
272, 2.22114e+11
273, 2.22114e+11
274, 2.20969e+11
275, 2.00707e+11
276, 2.00707e+11
277, 2.00707e+11
278, 1.99631e+11
279, 1.9061e+11
280, 1.9061e+11
281, 1.9061e+11
282, 1.9061e+11
283, 1.9061e+11
284, 1.9061e+11
285, 1.9061e+11
286, 1.9061e+11
287, 1.9061e+11
288, 1.9061e+11
289, 1.9061e+11
290, 1.9061e+11
291, 1.9061e+11
292, 1.9061e+11
293, 1.9061e+11
294, 1.9061e+11
295, 1.9061e+11
296, 1.9061e+11
297, 1.9061e+11
298, 1.9061e+11
299, 1.9061e+11
300, 1.9061e+11
301, 1.9061e+11
302, 1.9061e+11
303, 1.9061e+11
304, 1.9061e+11
305, 1.9061e+11
306, 1.9061e+11
307, 1.9061e+11
308, 1.9061e+11
309, 1.9061e+11
310, 1.9061e+11
311, 1.9061e+11
312, 1.9061e+11
313, 1.9061e+11
314, 1.9061e+11
315, 1.9061e+11
316, 1.9061e+11
317, 1.9061e+11
318, 1.7447e+11
319, 1.73973e+11
320, 1.61102e+11
321, 1.56865e+11
322, 1.56865e+11
323, 1.56865e+11
324, 1.56865e+11
325, 1.56865e+11
326, 1.56865e+11
327, 1.56865e+11
328, 1.56865e+11
329, 1.56865e+11
330, 1.56865e+11
331, 1.56865e+11
