Iteration, BestFitness
0, 1.19486e+15
1, 4.3756e+14
2, 8.7143e+13
3, 8.7143e+13
4, 8.59792e+13
5, 4.45944e+13
6, 4.45944e+13
7, 4.45944e+13
8, 1.24294e+13
9, 1.24294e+13
10, 6.12139e+12
11, 6.12139e+12
12, 6.12139e+12
13, 6.12139e+12
14, 6.12139e+12
15, 6.12139e+12
16, 5.93943e+12
17, 5.93943e+12
18, 5.93943e+12
19, 4.12128e+12
20, 2.63633e+12
21, 2.63633e+12
22, 2.63633e+12
23, 2.54409e+12
24, 2.54409e+12
25, 2.54409e+12
26, 2.2096e+12
27, 2.2096e+12
28, 2.2096e+12
29, 1.87133e+12
30, 1.85836e+12
31, 1.63074e+12
32, 1.2122e+12
33, 1.14314e+12
34, 1.14314e+12
35, 1.0971e+12
36, 1.04463e+12
37, 1.04463e+12
38, 1.04463e+12
39, 1.04463e+12
40, 9.56808e+11
41, 9.56808e+11
42, 8.14034e+11
43, 8.14034e+11
44, 8.14034e+11
45, 8.14034e+11
46, 8.14034e+11
47, 8.0653e+11
48, 6.84264e+11
49, 6.84264e+11
50, 6.84264e+11
51, 6.84264e+11
52, 6.08621e+11
53, 5.57097e+11
54, 5.57097e+11
55, 5.57097e+11
56, 4.40832e+11
57, 4.16173e+11
58, 4.16173e+11
59, 3.786e+11
60, 3.786e+11
61, 3.786e+11
62, 3.786e+11
63, 3.36213e+11
64, 3.36213e+11
65, 3.32912e+11
66, 3.32912e+11
67, 3.32912e+11
68, 3.32912e+11
69, 3.32912e+11
70, 2.95789e+11
71, 2.95789e+11
72, 2.95789e+11
73, 2.93208e+11
74, 2.61952e+11
75, 2.4724e+11
76, 2.4724e+11
77, 2.4724e+11
78, 2.4724e+11
79, 2.4724e+11
80, 2.21907e+11
81, 2.21907e+11
82, 2.21907e+11
83, 2.21907e+11
84, 2.21907e+11
85, 2.21907e+11
86, 2.21907e+11
87, 2.21907e+11
88, 2.21907e+11
89, 2.21907e+11
90, 2.21907e+11
91, 1.88553e+11
92, 1.62077e+11
93, 1.55131e+11
94, 1.55131e+11
95, 1.55131e+11
96, 1.55131e+11
97, 1.55131e+11
98, 1.55131e+11
99, 1.55131e+11
100, 1.55131e+11
101, 1.55131e+11
102, 1.55131e+11
103, 1.55131e+11
104, 1.55131e+11
105, 1.55131e+11
106, 1.55131e+11
107, 1.55131e+11
108, 1.55131e+11
109, 1.34475e+11
110, 1.34475e+11
111, 1.34475e+11
112, 1.32717e+11
113, 1.32717e+11
114, 1.32717e+11
115, 1.32717e+11
116, 1.30373e+11
117, 1.30112e+11
118, 1.30112e+11
119, 1.30112e+11
120, 1.30112e+11
121, 1.30112e+11
122, 1.30112e+11
123, 1.30112e+11
124, 9.76674e+10
125, 9.76674e+10
126, 9.76674e+10
127, 9.76674e+10
128, 9.76674e+10
129, 9.76674e+10
130, 9.76674e+10
131, 9.76674e+10
132, 9.76674e+10
133, 9.76674e+10
134, 9.76674e+10
135, 9.76674e+10
136, 9.76674e+10
137, 9.76674e+10
138, 9.76674e+10
139, 9.76674e+10
140, 9.76674e+10
141, 9.76674e+10
142, 9.76674e+10
143, 9.76674e+10
144, 9.76674e+10
145, 9.76674e+10
146, 9.76674e+10
147, 9.76674e+10
148, 9.76674e+10
149, 9.76674e+10
150, 9.76674e+10
151, 9.76674e+10
152, 9.40742e+10
153, 9.40742e+10
154, 9.40742e+10
155, 9.40742e+10
156, 9.40742e+10
157, 9.40742e+10
158, 9.40742e+10
159, 9.40742e+10
160, 9.40742e+10
161, 9.40742e+10
162, 9.40742e+10
163, 9.40742e+10
164, 9.40742e+10
165, 9.40742e+10
166, 9.40742e+10
167, 9.40742e+10
168, 9.40742e+10
169, 9.40742e+10
170, 9.40742e+10
171, 9.40742e+10
172, 9.40742e+10
173, 9.40742e+10
174, 9.40742e+10
175, 9.40742e+10
176, 9.40742e+10
177, 9.40742e+10
178, 9.40742e+10
179, 9.40742e+10
180, 9.40742e+10
181, 9.40742e+10
182, 9.40742e+10
183, 9.40742e+10
184, 9.40742e+10
185, 9.40742e+10
186, 9.40742e+10
187, 9.40742e+10
188, 9.40742e+10
189, 9.40742e+10
190, 9.40742e+10
191, 9.40742e+10
192, 9.40742e+10
193, 9.40742e+10
194, 9.40742e+10
195, 9.40742e+10
196, 9.40742e+10
197, 9.40742e+10
198, 9.40742e+10
199, 9.40742e+10
200, 9.40742e+10
201, 9.40742e+10
202, 9.40742e+10
203, 9.40742e+10
204, 9.40742e+10
205, 9.40742e+10
206, 9.40742e+10
207, 9.40742e+10
208, 9.40742e+10
209, 9.40742e+10
210, 9.40742e+10
211, 9.40742e+10
212, 9.40742e+10
213, 9.40742e+10
214, 9.40742e+10
215, 8.70546e+10
216, 8.70546e+10
217, 8.70546e+10
218, 8.70546e+10
219, 8.70546e+10
220, 8.70546e+10
221, 8.70546e+10
222, 8.70546e+10
223, 8.70546e+10
224, 8.70546e+10
225, 8.70546e+10
226, 8.70546e+10
227, 8.70546e+10
228, 8.70546e+10
229, 8.70546e+10
230, 8.70546e+10
231, 8.70546e+10
232, 8.70546e+10
233, 8.70546e+10
234, 8.70546e+10
235, 8.70546e+10
236, 8.70546e+10
237, 8.70546e+10
238, 8.70546e+10
239, 8.70546e+10
240, 8.70546e+10
241, 8.70546e+10
242, 8.70546e+10
243, 8.70546e+10
244, 8.70546e+10
245, 8.70546e+10
246, 8.70546e+10
247, 8.70546e+10
248, 8.70546e+10
249, 8.70546e+10
250, 8.70546e+10
251, 8.70546e+10
252, 8.70546e+10
253, 8.70546e+10
254, 8.70546e+10
255, 8.70546e+10
256, 8.66822e+10
257, 8.66822e+10
258, 8.66822e+10
259, 8.66822e+10
260, 8.66822e+10
261, 8.66822e+10
262, 8.66822e+10
263, 8.66822e+10
264, 8.66822e+10
265, 8.66822e+10
266, 8.66822e+10
267, 8.66822e+10
268, 8.66822e+10
269, 8.66822e+10
270, 8.66822e+10
271, 8.66822e+10
272, 8.66822e+10
273, 8.66822e+10
274, 8.66822e+10
275, 8.66822e+10
276, 8.66822e+10
277, 8.66822e+10
278, 8.66822e+10
279, 8.66822e+10
280, 8.66822e+10
281, 8.66822e+10
282, 8.66822e+10
283, 8.66822e+10
284, 8.66822e+10
285, 8.66822e+10
286, 8.66822e+10
287, 8.66822e+10
288, 8.66822e+10
289, 8.66822e+10
290, 8.66822e+10
291, 8.66822e+10
292, 8.66822e+10
293, 8.66822e+10
294, 8.66822e+10
295, 8.66822e+10
296, 8.66822e+10
297, 8.66822e+10
298, 8.66822e+10
299, 8.66822e+10
300, 8.66822e+10
301, 8.66822e+10
302, 8.66822e+10
303, 8.66822e+10
304, 8.66822e+10
305, 8.66822e+10
306, 8.66822e+10
307, 8.66822e+10
308, 8.66822e+10
309, 8.66822e+10
310, 8.66822e+10
311, 8.66822e+10
312, 8.66822e+10
313, 8.66822e+10
314, 8.66822e+10
315, 8.66822e+10
316, 8.66822e+10
317, 8.66822e+10
318, 8.66822e+10
319, 8.66822e+10
320, 8.66822e+10
321, 8.66822e+10
322, 8.66822e+10
323, 8.66822e+10
324, 8.66822e+10
325, 8.66822e+10
326, 8.66822e+10
327, 8.66822e+10
328, 8.66822e+10
329, 8.66822e+10
330, 8.66822e+10
331, 8.66822e+10
332, 8.66822e+10
333, 8.66822e+10
334, 8.66822e+10
335, 8.66822e+10
336, 8.66822e+10
337, 8.66822e+10
338, 8.66822e+10
339, 8.66822e+10
340, 8.66822e+10
341, 8.66822e+10
342, 8.66822e+10
343, 8.66822e+10
344, 8.66822e+10
345, 8.66822e+10
346, 8.66822e+10
347, 8.66822e+10
348, 8.66822e+10
349, 8.66822e+10
350, 8.66822e+10
351, 8.66822e+10
352, 8.66822e+10
353, 8.66822e+10
354, 8.66822e+10
355, 8.66822e+10
356, 8.66822e+10
357, 8.66822e+10
358, 8.66822e+10
359, 8.66822e+10
360, 8.66822e+10
361, 8.66822e+10
362, 8.66822e+10
363, 8.66822e+10
364, 8.66822e+10
365, 8.66822e+10
366, 8.66822e+10
367, 8.66822e+10
368, 8.66822e+10
369, 8.66822e+10
370, 8.66822e+10
371, 8.66822e+10
372, 8.66822e+10
373, 8.66822e+10
374, 8.66822e+10
375, 8.66822e+10
376, 8.66822e+10
377, 8.66822e+10
378, 8.66822e+10
379, 8.66822e+10
380, 8.66822e+10
381, 8.66822e+10
382, 8.66822e+10
383, 8.66822e+10
384, 8.66822e+10
385, 8.66822e+10
386, 8.66822e+10
387, 8.66822e+10
388, 8.66822e+10
389, 8.66822e+10
390, 8.66822e+10
391, 8.66822e+10
392, 8.66822e+10
393, 8.66822e+10
394, 8.66822e+10
395, 8.66822e+10
396, 8.66822e+10
397, 8.66822e+10
398, 8.66822e+10
399, 8.66822e+10
400, 8.66822e+10
401, 8.66822e+10
402, 8.66822e+10
403, 8.66822e+10
404, 8.66822e+10
405, 8.66822e+10
406, 8.66822e+10
407, 8.66822e+10
408, 8.66822e+10
409, 8.66822e+10
410, 8.66822e+10
411, 8.66822e+10
412, 8.66822e+10
413, 8.66822e+10
414, 8.66822e+10
415, 8.66822e+10
416, 8.66822e+10
417, 8.66822e+10
418, 8.66822e+10
419, 8.66822e+10
420, 8.66822e+10
421, 8.66822e+10
422, 8.66822e+10
423, 8.66822e+10
424, 8.66822e+10
425, 8.66822e+10
426, 8.66822e+10
427, 8.66822e+10
428, 8.66822e+10
429, 8.66822e+10
430, 8.66822e+10
431, 8.66822e+10
432, 8.66822e+10
433, 8.66822e+10
434, 8.66822e+10
435, 8.66822e+10
436, 8.66822e+10
437, 8.66822e+10
438, 8.66822e+10
439, 8.66822e+10
440, 8.66822e+10
441, 8.66822e+10
442, 8.66822e+10
443, 8.66822e+10
444, 8.66822e+10
445, 8.66822e+10
446, 8.66822e+10
447, 8.66822e+10
448, 8.66822e+10
449, 8.66822e+10
450, 8.66822e+10
451, 8.66822e+10
452, 8.66822e+10
453, 8.66822e+10
454, 8.66822e+10
455, 8.66822e+10
456, 8.66822e+10
457, 8.66822e+10
458, 8.66822e+10
459, 8.66822e+10
460, 8.66822e+10
461, 8.66822e+10
462, 8.66822e+10
463, 8.66822e+10
464, 8.66822e+10
465, 8.66822e+10
466, 8.66822e+10
467, 8.66822e+10
468, 8.66822e+10
469, 8.66822e+10
470, 8.66822e+10
471, 8.66822e+10
472, 8.66822e+10
473, 8.66822e+10
474, 8.66822e+10
475, 8.66822e+10
476, 8.66822e+10
477, 8.66822e+10
478, 8.66822e+10
479, 8.66822e+10
480, 8.66822e+10
481, 8.66822e+10
482, 8.66822e+10
483, 8.66822e+10
484, 8.66822e+10
485, 8.66822e+10
486, 8.66822e+10
487, 8.66822e+10
488, 8.66822e+10
489, 8.66822e+10
490, 8.66822e+10
491, 8.66822e+10
492, 8.66822e+10
493, 8.66822e+10
494, 8.66822e+10
495, 8.66822e+10
496, 8.66822e+10
