Iteration, BestFitness
0, 2.28941e+16
1, 2.28941e+16
2, 5.06745e+15
3, 5.06745e+15
4, 1.34491e+14
5, 6.45747e+13
6, 6.45747e+13
7, 6.45747e+13
8, 6.45747e+13
9, 6.45747e+13
10, 5.1686e+13
11, 2.89127e+13
12, 2.89127e+13
13, 2.89127e+13
14, 2.89127e+13
15, 1.19978e+13
16, 1.19978e+13
17, 1.19978e+13
18, 7.0241e+12
19, 6.27314e+12
20, 5.45275e+12
21, 5.18802e+12
22, 5.18802e+12
23, 5.18802e+12
24, 5.18802e+12
25, 3.48882e+12
26, 3.48882e+12
27, 2.9105e+12
28, 2.9105e+12
29, 2.9105e+12
30, 2.9105e+12
31, 2.29589e+12
32, 2.29589e+12
33, 2.29589e+12
34, 2.09993e+12
35, 2.03557e+12
36, 2.03557e+12
37, 2.03557e+12
38, 2.03557e+12
39, 2.03557e+12
40, 1.62311e+12
41, 1.62311e+12
42, 1.30362e+12
43, 1.06869e+12
44, 1.06869e+12
45, 9.81758e+11
46, 9.81758e+11
47, 9.81758e+11
48, 9.81758e+11
49, 9.81758e+11
50, 9.81758e+11
51, 9.73949e+11
52, 9.48286e+11
53, 9.48286e+11
54, 9.48286e+11
55, 7.6276e+11
56, 6.29792e+11
57, 6.29792e+11
58, 6.06581e+11
59, 6.06581e+11
60, 4.48621e+11
61, 4.48621e+11
62, 4.48621e+11
63, 4.48621e+11
64, 4.48621e+11
65, 4.48621e+11
66, 3.45084e+11
67, 3.45084e+11
68, 3.45084e+11
69, 3.45084e+11
70, 3.45084e+11
71, 3.45084e+11
72, 3.45084e+11
73, 3.45084e+11
74, 3.42947e+11
75, 3.42947e+11
76, 2.85803e+11
77, 2.85803e+11
78, 2.6407e+11
79, 2.6407e+11
80, 2.36607e+11
81, 2.36607e+11
82, 2.17787e+11
83, 2.17787e+11
84, 2.17787e+11
85, 2.17787e+11
86, 2.17787e+11
87, 2.17787e+11
88, 1.64026e+11
89, 1.64026e+11
90, 1.64026e+11
91, 1.64026e+11
92, 1.64026e+11
93, 1.64026e+11
94, 1.64026e+11
95, 1.49816e+11
96, 1.49816e+11
97, 1.49816e+11
98, 1.49816e+11
99, 1.49816e+11
100, 1.49816e+11
101, 1.49816e+11
102, 1.44814e+11
103, 1.44814e+11
104, 1.44814e+11
105, 1.44814e+11
106, 1.44814e+11
107, 1.44814e+11
108, 1.34791e+11
109, 1.34791e+11
110, 1.34791e+11
111, 1.26116e+11
112, 1.26116e+11
113, 1.26116e+11
114, 1.26116e+11
115, 1.26116e+11
116, 1.26116e+11
117, 1.26116e+11
118, 1.26116e+11
119, 1.19622e+11
120, 1.19622e+11
121, 1.19622e+11
122, 1.12346e+11
123, 1.12346e+11
124, 1.12346e+11
125, 1.12346e+11
126, 1.12346e+11
127, 1.12346e+11
128, 1.12346e+11
129, 1.12346e+11
130, 1.12346e+11
131, 1.12146e+11
132, 1.12146e+11
133, 1.12146e+11
134, 1.12146e+11
135, 1.12146e+11
136, 1.12146e+11
137, 1.12146e+11
138, 1.12146e+11
139, 1.12146e+11
140, 1.12146e+11
141, 1.12146e+11
142, 1.12146e+11
143, 1.12146e+11
144, 1.12146e+11
145, 1.12146e+11
146, 1.12146e+11
147, 1.12146e+11
148, 1.12146e+11
149, 1.10955e+11
150, 9.68472e+10
151, 9.68472e+10
152, 9.68472e+10
153, 9.68472e+10
154, 9.68472e+10
155, 9.68472e+10
156, 9.68472e+10
157, 9.68472e+10
158, 9.68472e+10
159, 9.68472e+10
160, 9.68472e+10
161, 9.68472e+10
162, 9.68472e+10
163, 9.68472e+10
164, 9.68472e+10
165, 9.68472e+10
166, 9.68472e+10
167, 9.68472e+10
168, 9.68472e+10
169, 9.68472e+10
170, 9.68472e+10
171, 9.68472e+10
172, 9.68472e+10
173, 9.68472e+10
174, 9.68472e+10
175, 9.68472e+10
176, 9.68472e+10
177, 9.68472e+10
178, 9.68472e+10
179, 9.68472e+10
180, 9.68472e+10
181, 9.68472e+10
182, 9.68472e+10
183, 9.68472e+10
184, 9.68472e+10
185, 9.68472e+10
186, 9.68472e+10
187, 9.68472e+10
188, 9.68472e+10
189, 9.68472e+10
190, 9.68472e+10
191, 9.68472e+10
192, 9.68472e+10
193, 9.68472e+10
194, 9.68472e+10
195, 9.68472e+10
196, 9.68472e+10
197, 9.68472e+10
198, 9.68472e+10
199, 9.68472e+10
200, 9.68472e+10
201, 9.68472e+10
202, 9.68472e+10
203, 9.68472e+10
204, 8.98911e+10
205, 8.98911e+10
206, 8.98911e+10
207, 8.98911e+10
208, 8.98911e+10
209, 8.98911e+10
210, 8.98911e+10
211, 8.98911e+10
212, 8.98911e+10
213, 8.98911e+10
214, 8.98911e+10
215, 8.98911e+10
216, 8.98911e+10
217, 8.98911e+10
218, 8.98911e+10
219, 8.98911e+10
220, 8.98911e+10
221, 8.98911e+10
222, 8.98911e+10
223, 8.98911e+10
224, 8.98911e+10
225, 8.98911e+10
226, 8.98911e+10
227, 8.98911e+10
228, 8.98911e+10
229, 8.98911e+10
230, 8.98911e+10
231, 8.98911e+10
232, 8.98911e+10
233, 8.98911e+10
234, 8.98911e+10
235, 8.98911e+10
236, 8.98911e+10
237, 8.98911e+10
238, 8.98911e+10
239, 8.98911e+10
240, 8.98911e+10
241, 8.98911e+10
242, 8.98911e+10
243, 8.98911e+10
244, 8.98911e+10
245, 8.98911e+10
246, 8.98911e+10
247, 8.98911e+10
248, 8.98911e+10
249, 8.98911e+10
250, 8.98911e+10
251, 8.98911e+10
252, 8.98911e+10
253, 8.98911e+10
254, 8.98911e+10
255, 8.98911e+10
256, 8.98911e+10
257, 8.98911e+10
258, 8.98911e+10
259, 8.79243e+10
260, 8.79243e+10
261, 8.79243e+10
262, 8.79243e+10
263, 8.79243e+10
264, 8.60195e+10
265, 8.60195e+10
266, 8.60195e+10
267, 8.60195e+10
268, 8.60195e+10
269, 8.60195e+10
270, 8.60195e+10
271, 8.60195e+10
272, 8.60195e+10
273, 8.60195e+10
274, 8.60195e+10
275, 8.60195e+10
276, 8.60195e+10
277, 8.60195e+10
278, 8.60195e+10
279, 8.60195e+10
280, 8.60195e+10
281, 8.60195e+10
282, 8.60195e+10
283, 8.60195e+10
284, 8.60195e+10
285, 8.60195e+10
286, 8.60195e+10
287, 8.60195e+10
288, 8.60195e+10
289, 8.60195e+10
290, 8.60195e+10
291, 8.60195e+10
292, 8.60195e+10
293, 8.60195e+10
294, 8.60195e+10
295, 8.60195e+10
296, 8.60195e+10
297, 8.60195e+10
298, 8.60195e+10
299, 8.60195e+10
300, 8.60195e+10
301, 8.60195e+10
302, 8.60195e+10
303, 8.60195e+10
304, 8.60195e+10
305, 8.60195e+10
306, 8.60195e+10
307, 8.60195e+10
308, 8.60195e+10
309, 8.60195e+10
310, 8.60195e+10
311, 8.60195e+10
312, 8.60195e+10
313, 8.60195e+10
314, 8.60195e+10
315, 8.60195e+10
316, 8.60195e+10
317, 8.60195e+10
318, 8.60195e+10
319, 8.60195e+10
320, 8.60195e+10
321, 8.60195e+10
322, 8.60195e+10
323, 8.60195e+10
324, 8.60195e+10
325, 8.60195e+10
326, 8.60195e+10
327, 8.60195e+10
328, 8.60195e+10
329, 8.60195e+10
330, 8.60195e+10
331, 8.60195e+10
332, 8.60195e+10
333, 8.60195e+10
334, 8.60195e+10
335, 8.60195e+10
336, 8.60195e+10
337, 8.60195e+10
338, 8.60195e+10
339, 8.11374e+10
340, 8.11374e+10
341, 8.11374e+10
342, 8.11374e+10
343, 8.11374e+10
344, 8.11374e+10
345, 8.11374e+10
346, 8.11374e+10
347, 8.11374e+10
348, 8.11374e+10
349, 8.11374e+10
350, 8.11374e+10
351, 8.11374e+10
352, 8.02765e+10
353, 8.02765e+10
354, 8.02765e+10
355, 8.02765e+10
356, 8.02765e+10
357, 8.02765e+10
358, 8.02765e+10
359, 8.02765e+10
360, 8.02765e+10
361, 8.02765e+10
362, 8.02765e+10
363, 8.02765e+10
364, 8.02765e+10
365, 8.02765e+10
366, 8.02765e+10
367, 8.02765e+10
368, 8.02765e+10
369, 8.02765e+10
370, 8.02765e+10
371, 8.02765e+10
372, 8.02765e+10
373, 8.02765e+10
374, 8.02765e+10
375, 8.02765e+10
376, 8.02765e+10
377, 8.02765e+10
378, 8.02765e+10
379, 8.02765e+10
380, 8.02765e+10
381, 8.02765e+10
382, 8.02765e+10
383, 8.02765e+10
384, 8.02765e+10
385, 8.02765e+10
386, 8.02765e+10
387, 8.02765e+10
388, 8.02765e+10
389, 8.02765e+10
390, 8.02765e+10
391, 8.02765e+10
392, 8.02765e+10
393, 8.02765e+10
394, 8.02765e+10
395, 8.02765e+10
396, 8.02765e+10
397, 8.02765e+10
398, 8.02765e+10
399, 8.02765e+10
400, 8.02765e+10
401, 8.02765e+10
402, 8.02765e+10
403, 8.02765e+10
404, 8.02765e+10
405, 8.02765e+10
406, 8.02765e+10
407, 8.02765e+10
408, 8.02765e+10
409, 8.02765e+10
410, 8.02765e+10
411, 8.02765e+10
412, 8.02765e+10
413, 8.02765e+10
414, 8.02765e+10
415, 8.02765e+10
416, 8.02765e+10
417, 8.02765e+10
418, 8.02765e+10
419, 8.02765e+10
420, 8.02765e+10
421, 8.02765e+10
422, 8.02765e+10
423, 8.02765e+10
424, 7.83258e+10
425, 7.67966e+10
426, 7.67966e+10
427, 7.67966e+10
428, 7.67966e+10
429, 7.67966e+10
430, 7.67966e+10
431, 7.67966e+10
432, 7.67966e+10
433, 7.67966e+10
434, 7.67966e+10
435, 7.67966e+10
436, 7.67966e+10
437, 7.67966e+10
438, 7.67966e+10
439, 7.67966e+10
440, 7.67966e+10
441, 7.67966e+10
442, 7.67966e+10
443, 7.67966e+10
444, 7.67966e+10
445, 7.67966e+10
446, 7.67966e+10
447, 7.67966e+10
448, 7.67966e+10
449, 7.67966e+10
450, 7.67966e+10
451, 7.67966e+10
452, 7.67966e+10
453, 7.67966e+10
454, 7.67966e+10
455, 7.67966e+10
456, 7.67966e+10
457, 7.67966e+10
458, 7.67966e+10
459, 7.67966e+10
460, 7.67966e+10
461, 7.67966e+10
462, 7.67966e+10
463, 7.67966e+10
464, 7.67966e+10
465, 7.67966e+10
466, 7.67966e+10
467, 7.67966e+10
468, 7.67966e+10
469, 7.67966e+10
470, 7.67966e+10
471, 7.67966e+10
472, 7.67966e+10
473, 7.67966e+10
474, 7.67966e+10
475, 7.67966e+10
476, 7.67966e+10
477, 7.67966e+10
478, 7.67966e+10
479, 7.67966e+10
480, 7.67966e+10
481, 7.67966e+10
482, 7.67966e+10
483, 7.67966e+10
484, 7.67966e+10
485, 7.67966e+10
486, 7.67966e+10
487, 7.67966e+10
488, 7.67966e+10
489, 7.67966e+10
490, 7.67966e+10
491, 7.67966e+10
492, 7.67966e+10
493, 7.67966e+10
494, 7.67966e+10
495, 7.67966e+10
496, 7.67966e+10
