Iteration, BestFitness
0, 2.08439e+16
1, 1.07034e+16
2, 1.07034e+16
3, 8.1004e+15
4, 5.16609e+15
5, 5.16609e+15
6, 1.513e+14
7, 1.513e+14
8, 6.31146e+12
9, 6.31146e+12
10, 6.31146e+12
11, 6.31146e+12
12, 6.31146e+12
13, 6.31146e+12
14, 3.18246e+12
15, 3.18246e+12
16, 3.18246e+12
17, 3.18246e+12
18, 3.0366e+12
19, 1.73759e+12
20, 9.7733e+11
21, 9.7733e+11
22, 9.7733e+11
23, 4.50508e+11
24, 4.50508e+11
25, 4.50508e+11
26, 4.50508e+11
27, 4.50508e+11
28, 4.50508e+11
29, 4.50508e+11
30, 4.50508e+11
31, 4.50508e+11
32, 4.50508e+11
33, 2.88936e+11
34, 1.76033e+11
35, 1.76033e+11
36, 1.64704e+11
37, 1.64704e+11
38, 1.64704e+11
39, 1.64704e+11
40, 1.64704e+11
41, 1.64704e+11
42, 1.64704e+11
43, 1.02192e+11
44, 1.00738e+11
45, 1.00738e+11
46, 1.00738e+11
47, 1.00738e+11
48, 1.00738e+11
49, 1.00738e+11
50, 1.00738e+11
51, 1.00738e+11
52, 1.00738e+11
53, 1.00738e+11
54, 1.00738e+11
55, 1.00738e+11
56, 1.00584e+11
57, 6.87426e+10
58, 6.87426e+10
59, 6.87426e+10
60, 6.87426e+10
61, 6.87426e+10
62, 6.30852e+10
63, 6.30852e+10
64, 6.30852e+10
65, 6.30852e+10
66, 6.30852e+10
67, 6.30852e+10
68, 6.30852e+10
69, 6.30852e+10
70, 6.30852e+10
71, 6.30852e+10
72, 6.30852e+10
73, 6.30852e+10
74, 6.30852e+10
75, 6.30852e+10
76, 6.30852e+10
77, 6.30852e+10
78, 6.30852e+10
79, 6.30852e+10
80, 6.30852e+10
81, 6.30852e+10
82, 6.30852e+10
83, 4.98219e+10
84, 4.98219e+10
85, 4.98219e+10
86, 4.98219e+10
87, 4.98219e+10
88, 4.98219e+10
89, 4.98219e+10
90, 4.98219e+10
91, 4.98219e+10
92, 4.98219e+10
93, 4.98219e+10
94, 4.98219e+10
95, 4.98219e+10
96, 4.24218e+10
97, 4.24218e+10
98, 4.24218e+10
99, 4.24218e+10
100, 4.24218e+10
101, 4.24218e+10
102, 4.24218e+10
103, 4.24218e+10
104, 4.24218e+10
105, 4.24218e+10
106, 4.24218e+10
107, 4.24218e+10
108, 4.24218e+10
109, 4.24218e+10
110, 4.24218e+10
111, 4.24218e+10
112, 4.24218e+10
113, 4.24218e+10
114, 4.24218e+10
115, 4.24218e+10
116, 4.24218e+10
117, 4.24218e+10
118, 4.24218e+10
119, 4.24218e+10
120, 4.24218e+10
121, 4.24218e+10
122, 4.24218e+10
123, 4.24218e+10
124, 4.24218e+10
125, 4.24218e+10
126, 4.24218e+10
127, 4.24218e+10
128, 4.24218e+10
129, 4.24218e+10
130, 4.24218e+10
131, 4.24218e+10
132, 4.24218e+10
133, 4.24218e+10
134, 4.24218e+10
135, 4.24218e+10
136, 4.08792e+10
137, 4.08792e+10
138, 4.08792e+10
139, 4.08792e+10
140, 4.08792e+10
141, 4.08792e+10
142, 4.08792e+10
143, 4.08792e+10
144, 3.93912e+10
145, 3.93912e+10
146, 3.93912e+10
147, 3.93912e+10
148, 3.93912e+10
149, 3.93912e+10
150, 3.93912e+10
151, 3.93912e+10
152, 3.93912e+10
153, 3.93912e+10
154, 3.93912e+10
155, 3.93912e+10
156, 3.93912e+10
157, 3.93912e+10
158, 3.93912e+10
159, 3.93912e+10
160, 3.93912e+10
161, 3.93912e+10
162, 3.91323e+10
163, 3.91323e+10
164, 3.91323e+10
165, 3.91323e+10
166, 3.91323e+10
167, 3.91323e+10
168, 3.91323e+10
169, 3.91323e+10
170, 3.91323e+10
171, 3.91323e+10
172, 3.91323e+10
173, 3.91323e+10
174, 3.91323e+10
175, 3.91323e+10
176, 3.91323e+10
177, 3.91323e+10
178, 3.91323e+10
179, 3.91323e+10
180, 3.91323e+10
181, 3.91323e+10
182, 3.91323e+10
183, 3.91323e+10
184, 3.91323e+10
185, 3.91323e+10
186, 3.91323e+10
187, 3.91323e+10
188, 3.66881e+10
189, 3.66881e+10
190, 3.66881e+10
191, 3.66881e+10
192, 3.66881e+10
193, 3.66881e+10
194, 3.66881e+10
195, 3.66881e+10
196, 3.66881e+10
197, 3.66881e+10
198, 3.66881e+10
199, 3.66881e+10
200, 3.66881e+10
201, 3.66881e+10
202, 3.66881e+10
203, 3.66881e+10
204, 3.66881e+10
205, 3.66881e+10
206, 3.66881e+10
207, 3.66881e+10
208, 3.51328e+10
209, 3.51328e+10
210, 3.51328e+10
211, 3.51328e+10
212, 3.51328e+10
213, 3.26127e+10
214, 3.26127e+10
215, 3.26127e+10
216, 3.26127e+10
217, 3.26127e+10
218, 3.26127e+10
219, 3.26127e+10
220, 3.26127e+10
221, 3.26127e+10
222, 3.26127e+10
223, 3.26127e+10
224, 3.26127e+10
225, 3.26127e+10
226, 3.26127e+10
227, 3.26127e+10
228, 3.26127e+10
229, 3.26127e+10
230, 3.26127e+10
231, 3.26127e+10
232, 3.26127e+10
233, 3.26127e+10
234, 3.26127e+10
235, 3.26127e+10
236, 3.26127e+10
237, 3.26127e+10
238, 3.26127e+10
239, 3.26127e+10
240, 3.26127e+10
241, 3.26127e+10
242, 3.26127e+10
243, 3.26127e+10
244, 3.26127e+10
245, 3.26127e+10
246, 3.26127e+10
247, 2.90089e+10
248, 2.90089e+10
249, 2.90089e+10
250, 2.90089e+10
251, 2.90089e+10
252, 2.90089e+10
253, 2.90089e+10
254, 2.90089e+10
255, 2.90089e+10
256, 2.90089e+10
257, 2.90089e+10
258, 2.90089e+10
259, 2.90089e+10
260, 2.90089e+10
261, 2.90089e+10
262, 2.90089e+10
263, 2.90089e+10
264, 2.90089e+10
265, 2.90089e+10
266, 2.90089e+10
267, 2.90089e+10
268, 2.90089e+10
269, 2.90089e+10
270, 2.90089e+10
271, 2.90089e+10
272, 2.90089e+10
273, 2.90089e+10
274, 2.90089e+10
275, 2.90089e+10
276, 2.90089e+10
277, 2.90089e+10
278, 2.90089e+10
279, 2.90089e+10
280, 2.90089e+10
281, 2.90089e+10
282, 2.90089e+10
283, 2.90089e+10
284, 2.90089e+10
285, 2.90089e+10
286, 2.90089e+10
287, 2.90089e+10
288, 2.90089e+10
289, 2.90089e+10
290, 2.90089e+10
291, 2.90089e+10
292, 2.90089e+10
293, 2.90089e+10
294, 2.90089e+10
295, 2.90089e+10
296, 2.52158e+10
297, 2.52158e+10
298, 2.52158e+10
299, 2.52158e+10
300, 2.52158e+10
301, 2.52158e+10
302, 2.52158e+10
303, 2.52158e+10
304, 2.52158e+10
305, 2.52158e+10
306, 2.52158e+10
307, 2.52158e+10
308, 2.52158e+10
309, 2.52158e+10
310, 2.52158e+10
311, 2.52158e+10
312, 2.52158e+10
313, 2.3946e+10
314, 2.3946e+10
315, 2.3946e+10
316, 2.3946e+10
317, 2.3946e+10
318, 2.3946e+10
319, 2.3946e+10
320, 2.3946e+10
321, 2.3946e+10
322, 2.3946e+10
323, 2.3946e+10
324, 2.3946e+10
325, 2.3946e+10
326, 2.3946e+10
327, 2.3946e+10
328, 2.3946e+10
329, 2.3946e+10
330, 2.3946e+10
331, 2.3946e+10
332, 2.3946e+10
333, 2.3946e+10
334, 2.3946e+10
335, 2.3946e+10
336, 2.3946e+10
337, 2.3946e+10
338, 2.3946e+10
339, 2.3946e+10
340, 2.3946e+10
341, 2.3946e+10
342, 2.3946e+10
343, 2.3946e+10
344, 2.3946e+10
345, 2.3946e+10
346, 2.3946e+10
347, 2.3946e+10
348, 2.3946e+10
349, 2.3946e+10
350, 2.3946e+10
351, 2.3946e+10
352, 2.3946e+10
353, 2.3946e+10
354, 2.3946e+10
355, 2.3946e+10
356, 2.3946e+10
357, 2.3946e+10
358, 2.3946e+10
359, 2.3946e+10
360, 2.3946e+10
361, 2.3946e+10
362, 2.3946e+10
363, 2.3946e+10
364, 2.3946e+10
365, 2.3946e+10
366, 2.3946e+10
367, 2.3946e+10
368, 2.3946e+10
369, 2.3946e+10
370, 2.3946e+10
371, 2.3946e+10
372, 2.3946e+10
373, 2.3946e+10
374, 2.3946e+10
375, 2.3946e+10
376, 2.3946e+10
377, 2.3946e+10
378, 2.3946e+10
379, 2.3946e+10
380, 2.3946e+10
381, 2.3946e+10
382, 2.3946e+10
383, 2.3946e+10
384, 2.3946e+10
385, 2.3946e+10
386, 2.3946e+10
387, 2.3946e+10
388, 2.3946e+10
389, 2.3946e+10
390, 2.3946e+10
391, 2.3946e+10
392, 2.3946e+10
393, 2.3946e+10
394, 2.3946e+10
395, 2.3946e+10
396, 2.3946e+10
397, 2.3946e+10
398, 2.3946e+10
399, 2.3946e+10
400, 2.3946e+10
401, 2.3946e+10
402, 2.3946e+10
403, 2.3946e+10
404, 2.3946e+10
405, 2.3946e+10
406, 2.3946e+10
407, 2.3946e+10
408, 2.3946e+10
409, 2.3946e+10
410, 2.3946e+10
411, 2.3946e+10
412, 2.3946e+10
413, 2.3946e+10
414, 2.3946e+10
415, 2.3946e+10
416, 2.3946e+10
417, 2.3946e+10
418, 2.3946e+10
419, 2.3946e+10
420, 2.3946e+10
421, 2.3946e+10
422, 2.3946e+10
423, 2.3946e+10
424, 2.3946e+10
425, 2.3946e+10
426, 2.3946e+10
427, 2.3946e+10
428, 2.3946e+10
429, 2.3946e+10
430, 2.3946e+10
431, 2.3946e+10
432, 2.3946e+10
433, 2.3946e+10
434, 2.3946e+10
435, 2.3946e+10
436, 2.3946e+10
437, 2.3946e+10
438, 2.3946e+10
439, 2.3946e+10
440, 2.3946e+10
441, 2.3946e+10
442, 2.3946e+10
443, 2.3946e+10
444, 2.3946e+10
445, 2.3946e+10
446, 2.3946e+10
447, 2.3946e+10
448, 2.3946e+10
449, 2.3946e+10
450, 2.3946e+10
451, 2.3946e+10
452, 2.3946e+10
453, 2.3946e+10
454, 2.3946e+10
455, 2.3946e+10
456, 2.3946e+10
457, 2.3946e+10
458, 2.3946e+10
459, 2.3946e+10
460, 2.3946e+10
461, 2.3946e+10
462, 2.3946e+10
463, 2.3946e+10
464, 2.3946e+10
465, 2.3946e+10
466, 2.3946e+10
467, 2.3946e+10
468, 2.3946e+10
469, 2.3946e+10
470, 2.3946e+10
471, 2.3946e+10
472, 2.3946e+10
473, 2.3946e+10
474, 2.3946e+10
475, 2.3946e+10
476, 2.3946e+10
477, 2.3946e+10
478, 2.3946e+10
479, 2.3946e+10
480, 2.3946e+10
481, 2.3946e+10
482, 2.3946e+10
483, 2.3946e+10
484, 2.3946e+10
485, 2.3946e+10
486, 2.3946e+10
487, 2.3946e+10
488, 2.3946e+10
489, 2.3946e+10
490, 2.3946e+10
491, 2.3946e+10
492, 2.3946e+10
493, 2.3946e+10
494, 2.3946e+10
495, 2.3946e+10
496, 2.3946e+10
