Iteration, BestFitness
0, 3.68451e+12
1, 3.68451e+12
2, 3.68451e+12
3, 2.93733e+12
4, 2.93733e+12
5, 2.93733e+12
6, 2.81793e+12
7, 1.95525e+12
8, 1.95525e+12
9, 1.85355e+12
10, 1.64895e+12
11, 1.64895e+12
12, 1.53284e+12
13, 1.23579e+12
14, 1.23579e+12
15, 1.22415e+12
16, 1.03342e+12
17, 1.03342e+12
18, 9.90174e+11
19, 9.78086e+11
20, 9.78086e+11
21, 9.78086e+11
22, 7.28189e+11
23, 6.961e+11
24, 6.961e+11
25, 6.42341e+11
26, 6.40264e+11
27, 6.05945e+11
28, 6.05945e+11
29, 5.70028e+11
30, 5.70028e+11
31, 5.40725e+11
32, 5.11478e+11
33, 4.80444e+11
34, 4.65746e+11
35, 4.3264e+11
36, 4.3264e+11
37, 3.85998e+11
38, 3.85998e+11
39, 3.85998e+11
40, 3.85998e+11
41, 3.85998e+11
42, 3.7735e+11
43, 3.7735e+11
44, 3.62449e+11
45, 3.55868e+11
46, 3.15918e+11
47, 3.15918e+11
48, 2.51194e+11
49, 2.51194e+11
50, 2.51194e+11
51, 2.51194e+11
52, 2.51194e+11
53, 2.51194e+11
54, 2.51194e+11
55, 2.51194e+11
56, 2.51194e+11
57, 2.51194e+11
58, 2.50478e+11
59, 2.50478e+11
60, 2.37871e+11
61, 2.14298e+11
62, 2.14298e+11
63, 2.14298e+11
64, 2.14298e+11
65, 2.14298e+11
66, 2.14298e+11
67, 2.14298e+11
68, 1.91899e+11
69, 1.91899e+11
70, 1.83576e+11
71, 1.83576e+11
72, 1.83576e+11
73, 1.83576e+11
74, 1.83576e+11
75, 1.83576e+11
76, 1.83576e+11
77, 1.83576e+11
78, 1.83576e+11
79, 1.83311e+11
80, 1.83311e+11
81, 1.83311e+11
82, 1.83311e+11
83, 1.78848e+11
84, 1.72638e+11
85, 1.72638e+11
86, 1.72638e+11
87, 1.60899e+11
88, 1.60899e+11
89, 1.60899e+11
90, 1.60899e+11
91, 1.60899e+11
92, 1.53868e+11
93, 1.43761e+11
94, 1.43761e+11
95, 1.4311e+11
96, 1.4311e+11
97, 1.4311e+11
98, 1.4311e+11
99, 1.4311e+11
100, 1.4311e+11
101, 1.4311e+11
102, 1.4311e+11
103, 1.4311e+11
104, 1.4311e+11
105, 1.4311e+11
106, 1.4311e+11
107, 1.30571e+11
108, 1.30571e+11
109, 1.30571e+11
110, 1.30571e+11
111, 1.30571e+11
112, 1.16508e+11
113, 1.16508e+11
114, 1.16508e+11
115, 1.16508e+11
116, 1.16508e+11
117, 1.16508e+11
118, 1.16508e+11
119, 1.16508e+11
120, 1.16508e+11
121, 1.16508e+11
122, 1.16508e+11
123, 1.16508e+11
124, 1.07308e+11
125, 1.07308e+11
126, 1.07308e+11
127, 1.07308e+11
128, 1.07308e+11
129, 1.07308e+11
130, 1.07308e+11
131, 1.07308e+11
132, 1.07308e+11
133, 1.07308e+11
134, 1.07308e+11
135, 1.07308e+11
136, 1.07308e+11
137, 1.07308e+11
138, 1.07308e+11
139, 1.07308e+11
140, 1.07308e+11
141, 1.07308e+11
142, 1.07308e+11
143, 1.07308e+11
144, 1.07308e+11
145, 1.07308e+11
146, 1.07308e+11
147, 1.07308e+11
148, 1.07308e+11
149, 1.07308e+11
150, 1.07308e+11
151, 1.07308e+11
152, 1.07308e+11
153, 1.07308e+11
154, 1.07308e+11
155, 1.07308e+11
156, 1.07308e+11
157, 1.07308e+11
158, 1.07308e+11
159, 1.07308e+11
160, 1.07308e+11
161, 1.07308e+11
162, 1.07308e+11
163, 1.07308e+11
164, 1.07308e+11
165, 1.07308e+11
166, 1.07308e+11
167, 1.07308e+11
168, 1.07308e+11
169, 1.07308e+11
170, 1.07308e+11
171, 1.07308e+11
172, 1.07308e+11
173, 1.07308e+11
174, 1.07308e+11
175, 1.07308e+11
176, 1.07308e+11
177, 1.07308e+11
178, 1.07308e+11
179, 1.07308e+11
180, 1.07308e+11
181, 1.07308e+11
182, 1.07308e+11
183, 1.029e+11
184, 1.029e+11
185, 1.029e+11
186, 1.029e+11
187, 1.029e+11
188, 1.029e+11
189, 1.029e+11
190, 1.029e+11
191, 1.029e+11
192, 1.029e+11
193, 1.029e+11
194, 1.029e+11
195, 1.029e+11
196, 1.029e+11
197, 1.029e+11
198, 1.029e+11
199, 1.02715e+11
200, 1.02715e+11
201, 1.02715e+11
202, 1.02715e+11
203, 1.02399e+11
204, 1.02399e+11
205, 1.02399e+11
206, 1.02399e+11
207, 1.00409e+11
208, 1.00409e+11
209, 9.93235e+10
210, 9.59099e+10
211, 9.59099e+10
212, 9.59099e+10
213, 9.59099e+10
214, 9.59099e+10
215, 9.59099e+10
216, 9.59099e+10
217, 9.59099e+10
218, 9.59099e+10
219, 9.59099e+10
220, 9.59099e+10
221, 9.59099e+10
222, 9.59099e+10
223, 9.59099e+10
224, 9.59099e+10
225, 9.1007e+10
226, 9.1007e+10
227, 9.1007e+10
228, 9.1007e+10
229, 9.1007e+10
230, 9.1007e+10
231, 9.1007e+10
232, 9.1007e+10
233, 9.1007e+10
234, 9.1007e+10
235, 9.1007e+10
236, 9.1007e+10
237, 9.1007e+10
238, 9.1007e+10
239, 9.1007e+10
240, 9.1007e+10
241, 9.1007e+10
242, 9.1007e+10
243, 9.1007e+10
244, 9.1007e+10
245, 9.1007e+10
246, 9.1007e+10
247, 9.1007e+10
248, 9.1007e+10
249, 9.1007e+10
250, 9.06334e+10
251, 9.06334e+10
252, 9.06334e+10
253, 9.06334e+10
254, 9.06334e+10
255, 9.06334e+10
256, 9.06334e+10
257, 9.06334e+10
258, 9.06334e+10
259, 9.06334e+10
260, 9.06334e+10
261, 9.06334e+10
262, 9.06334e+10
263, 9.06334e+10
264, 9.06334e+10
265, 9.06334e+10
266, 9.06334e+10
267, 9.06334e+10
268, 9.06334e+10
269, 9.06334e+10
270, 9.06334e+10
271, 9.06334e+10
272, 9.06334e+10
273, 9.06334e+10
274, 9.06334e+10
275, 9.06334e+10
276, 9.06334e+10
277, 9.06334e+10
278, 9.06334e+10
279, 9.06334e+10
280, 9.06334e+10
281, 9.06334e+10
282, 9.06334e+10
283, 9.06334e+10
284, 9.06334e+10
285, 9.06334e+10
286, 9.06334e+10
287, 9.06334e+10
288, 9.06334e+10
289, 9.06334e+10
290, 9.06334e+10
291, 9.06334e+10
292, 9.06334e+10
293, 9.06334e+10
294, 9.06334e+10
295, 9.06334e+10
296, 9.06334e+10
297, 9.06334e+10
298, 9.06334e+10
299, 8.85453e+10
300, 8.85453e+10
301, 8.85453e+10
302, 8.85453e+10
303, 8.85453e+10
304, 8.85453e+10
305, 8.85453e+10
306, 8.85453e+10
307, 8.85453e+10
308, 8.85453e+10
309, 8.85453e+10
310, 8.85453e+10
311, 8.68459e+10
312, 8.42693e+10
313, 8.42693e+10
314, 8.42693e+10
315, 8.42693e+10
316, 8.42693e+10
317, 8.42693e+10
318, 8.42693e+10
319, 8.42693e+10
320, 8.42693e+10
321, 8.42693e+10
322, 8.42693e+10
323, 8.42693e+10
324, 8.42693e+10
325, 8.42693e+10
326, 8.42693e+10
327, 8.42693e+10
328, 8.42693e+10
329, 8.42693e+10
330, 8.42693e+10
331, 8.42693e+10
332, 8.42693e+10
333, 8.42693e+10
334, 8.42693e+10
335, 8.42693e+10
336, 8.42693e+10
337, 8.42693e+10
338, 8.42693e+10
339, 8.42693e+10
340, 8.42693e+10
341, 8.42693e+10
342, 8.42693e+10
343, 8.42693e+10
344, 8.42693e+10
345, 8.42693e+10
346, 8.42693e+10
347, 8.42693e+10
348, 8.42693e+10
349, 8.42693e+10
350, 8.42693e+10
351, 8.42693e+10
352, 8.42693e+10
353, 8.42693e+10
354, 8.42693e+10
355, 8.42693e+10
356, 8.42693e+10
357, 8.42693e+10
358, 8.42693e+10
359, 8.42693e+10
360, 8.42693e+10
361, 8.42693e+10
362, 8.42693e+10
363, 8.42693e+10
364, 8.42693e+10
365, 8.42693e+10
366, 8.42693e+10
367, 8.42693e+10
368, 8.42693e+10
369, 8.42693e+10
370, 8.42693e+10
371, 8.42693e+10
372, 8.42693e+10
373, 8.42693e+10
374, 8.42693e+10
375, 8.42693e+10
376, 8.42693e+10
377, 8.42693e+10
378, 8.42693e+10
379, 8.42693e+10
380, 8.42693e+10
381, 8.42693e+10
382, 8.42693e+10
383, 8.42693e+10
384, 8.42693e+10
385, 8.42693e+10
386, 8.42693e+10
387, 8.42693e+10
388, 8.42693e+10
389, 8.42693e+10
390, 8.42693e+10
391, 8.42693e+10
392, 8.42693e+10
393, 8.42693e+10
394, 8.42693e+10
395, 8.42693e+10
396, 8.42693e+10
397, 8.42693e+10
398, 8.42693e+10
399, 8.42693e+10
400, 8.42693e+10
401, 8.42693e+10
402, 8.42693e+10
403, 8.42693e+10
404, 8.42693e+10
405, 8.42693e+10
406, 8.42693e+10
407, 8.42693e+10
408, 8.42693e+10
409, 8.42693e+10
410, 8.42693e+10
411, 8.42693e+10
412, 8.42693e+10
413, 8.42693e+10
414, 8.42693e+10
415, 8.42693e+10
416, 8.42693e+10
417, 8.42693e+10
418, 8.42693e+10
419, 8.42693e+10
420, 8.42693e+10
421, 8.42693e+10
422, 8.42693e+10
423, 8.42693e+10
424, 8.42693e+10
425, 8.42693e+10
426, 8.42693e+10
427, 8.42693e+10
428, 8.42693e+10
429, 8.42693e+10
430, 8.42693e+10
431, 8.42693e+10
432, 8.42693e+10
433, 8.42693e+10
434, 8.42693e+10
435, 8.42693e+10
436, 8.42693e+10
437, 8.42693e+10
438, 8.42693e+10
439, 8.42693e+10
440, 8.42693e+10
441, 8.42693e+10
442, 8.42693e+10
443, 8.42693e+10
444, 8.42693e+10
445, 8.42693e+10
446, 8.42693e+10
447, 8.42693e+10
448, 8.42693e+10
449, 8.42693e+10
450, 8.42693e+10
451, 8.42693e+10
452, 8.42693e+10
453, 8.42693e+10
454, 8.42693e+10
455, 8.42693e+10
456, 8.42693e+10
457, 8.42693e+10
458, 8.42693e+10
459, 8.42693e+10
460, 8.42693e+10
461, 8.42693e+10
462, 8.42693e+10
463, 8.42693e+10
464, 8.42693e+10
465, 8.42693e+10
466, 8.42693e+10
467, 8.42693e+10
468, 8.42693e+10
469, 8.42693e+10
470, 8.42693e+10
471, 8.42693e+10
472, 8.42693e+10
473, 8.42693e+10
474, 8.42693e+10
475, 8.42693e+10
476, 8.42693e+10
477, 8.42693e+10
478, 8.42693e+10
479, 8.42693e+10
480, 8.42693e+10
481, 8.42693e+10
482, 8.42693e+10
483, 8.42693e+10
484, 8.42693e+10
485, 8.42693e+10
486, 8.42693e+10
487, 8.42693e+10
488, 8.42693e+10
489, 8.42693e+10
490, 8.42693e+10
491, 8.42693e+10
492, 8.42693e+10
493, 8.42693e+10
494, 8.42693e+10
495, 8.42693e+10
496, 8.42693e+10
