Iteration, BestFitness
0, 1.72994e+16
1, 1.89598e+15
2, 1.89598e+15
3, 1.69024e+15
4, 1.1342e+15
5, 1.1342e+15
6, 5.87008e+14
7, 5.87008e+14
8, 5.87008e+14
9, 6.95812e+13
10, 6.95812e+13
11, 5.87858e+13
12, 3.1408e+13
13, 3.1408e+13
14, 2.35854e+13
15, 2.35854e+13
16, 2.35854e+13
17, 2.35854e+13
18, 2.35854e+13
19, 2.35854e+13
20, 2.35854e+13
21, 1.91391e+13
22, 1.91391e+13
23, 1.63177e+13
24, 1.63177e+13
25, 1.63177e+13
26, 1.63177e+13
27, 1.63177e+13
28, 1.63177e+13
29, 1.63177e+13
30, 1.63177e+13
31, 4.86021e+12
32, 4.86021e+12
33, 4.86021e+12
34, 4.86021e+12
35, 4.86021e+12
36, 4.86021e+12
37, 4.86021e+12
38, 3.26355e+12
39, 1.59195e+12
40, 1.59195e+12
41, 1.59195e+12
42, 1.59195e+12
43, 7.60919e+11
44, 7.50076e+11
45, 7.50076e+11
46, 7.50076e+11
47, 7.50076e+11
48, 7.50076e+11
49, 7.50076e+11
50, 7.50076e+11
51, 7.50076e+11
52, 7.50076e+11
53, 7.50076e+11
54, 7.50076e+11
55, 4.8634e+11
56, 4.8634e+11
57, 4.8634e+11
58, 2.76102e+11
59, 2.76102e+11
60, 1.59265e+11
61, 1.59265e+11
62, 1.43311e+11
63, 1.43311e+11
64, 1.43311e+11
65, 1.43311e+11
66, 1.43311e+11
67, 1.43311e+11
68, 1.43311e+11
69, 1.43311e+11
70, 1.43311e+11
71, 7.42693e+10
72, 7.42693e+10
73, 7.42693e+10
74, 7.42693e+10
75, 7.42693e+10
76, 7.42693e+10
77, 7.42693e+10
78, 7.42693e+10
79, 4.53594e+10
80, 4.53594e+10
81, 4.53594e+10
82, 4.53594e+10
83, 4.53594e+10
84, 4.53594e+10
85, 4.53594e+10
86, 4.53594e+10
87, 4.53594e+10
88, 4.53594e+10
89, 4.53594e+10
90, 4.53594e+10
91, 3.64048e+10
92, 3.10001e+10
93, 3.10001e+10
94, 3.10001e+10
95, 3.10001e+10
96, 3.10001e+10
97, 3.10001e+10
98, 3.10001e+10
99, 3.10001e+10
100, 3.10001e+10
101, 3.10001e+10
102, 3.10001e+10
103, 2.54517e+10
104, 2.54517e+10
105, 1.45198e+10
106, 1.45198e+10
107, 1.45198e+10
108, 1.45198e+10
109, 1.45198e+10
110, 1.45198e+10
111, 1.23094e+10
112, 1.23094e+10
113, 1.23094e+10
114, 1.23094e+10
115, 1.23094e+10
116, 1.23094e+10
117, 1.23094e+10
118, 1.23094e+10
119, 1.23094e+10
120, 1.23094e+10
121, 1.23094e+10
122, 1.23094e+10
123, 1.23094e+10
124, 1.23094e+10
125, 1.23094e+10
126, 1.23094e+10
127, 1.23094e+10
128, 1.23094e+10
129, 1.23094e+10
130, 1.23094e+10
131, 1.23094e+10
132, 1.23094e+10
133, 1.23094e+10
134, 1.23094e+10
135, 1.23094e+10
136, 1.23094e+10
137, 1.23094e+10
138, 1.23094e+10
139, 1.23094e+10
140, 1.23094e+10
141, 1.21078e+10
142, 1.21078e+10
143, 1.21078e+10
144, 1.1604e+10
145, 1.1604e+10
146, 1.1604e+10
147, 1.1604e+10
148, 1.1604e+10
149, 1.1604e+10
150, 1.1604e+10
151, 1.1604e+10
152, 1.1604e+10
153, 1.1604e+10
154, 1.1604e+10
155, 1.1604e+10
156, 1.1604e+10
157, 1.1604e+10
158, 1.1604e+10
159, 1.1604e+10
160, 1.1604e+10
161, 1.1604e+10
162, 1.1604e+10
163, 1.1604e+10
164, 1.1604e+10
165, 1.1604e+10
166, 1.1604e+10
167, 1.1604e+10
168, 1.1604e+10
169, 1.1604e+10
170, 1.1604e+10
171, 1.1604e+10
172, 1.1604e+10
173, 1.1604e+10
174, 1.1604e+10
175, 1.1604e+10
176, 1.1604e+10
177, 1.1604e+10
178, 1.1604e+10
179, 1.1604e+10
180, 1.1604e+10
181, 1.1604e+10
182, 1.1604e+10
183, 1.1604e+10
184, 1.1604e+10
185, 1.1604e+10
186, 1.1604e+10
187, 1.1604e+10
188, 1.1604e+10
189, 1.1604e+10
190, 1.1604e+10
191, 1.1604e+10
192, 1.1604e+10
193, 1.1604e+10
194, 1.1604e+10
195, 9.48752e+09
196, 9.48752e+09
197, 9.48752e+09
198, 9.48752e+09
199, 9.48752e+09
200, 9.48752e+09
201, 9.48752e+09
202, 9.48752e+09
203, 9.48752e+09
204, 9.48752e+09
205, 9.48752e+09
206, 9.48752e+09
207, 9.48752e+09
208, 9.48752e+09
209, 9.48752e+09
210, 9.48752e+09
211, 9.48752e+09
212, 9.48752e+09
213, 9.48752e+09
214, 9.48752e+09
215, 9.48752e+09
216, 9.48752e+09
217, 9.48752e+09
218, 9.48752e+09
219, 9.48752e+09
220, 9.48752e+09
221, 9.48752e+09
222, 9.48752e+09
223, 9.48752e+09
224, 9.48752e+09
225, 9.48752e+09
226, 9.48752e+09
227, 9.48752e+09
228, 9.48752e+09
229, 9.48752e+09
230, 9.48752e+09
231, 9.48752e+09
232, 9.48752e+09
233, 9.48752e+09
234, 9.48752e+09
235, 9.48752e+09
236, 9.48752e+09
237, 9.48752e+09
238, 9.48752e+09
239, 9.48752e+09
240, 9.48752e+09
241, 9.48752e+09
242, 9.48752e+09
243, 9.48752e+09
244, 9.48752e+09
245, 9.48752e+09
246, 9.48752e+09
247, 9.48752e+09
248, 9.48752e+09
249, 9.48752e+09
250, 9.48752e+09
251, 9.48752e+09
252, 9.48752e+09
253, 9.48752e+09
254, 9.48752e+09
255, 9.48752e+09
256, 9.48752e+09
257, 9.48752e+09
258, 9.48752e+09
259, 9.48752e+09
260, 9.48752e+09
261, 9.48752e+09
262, 9.48752e+09
263, 9.48752e+09
264, 9.48752e+09
265, 9.48752e+09
266, 9.48752e+09
267, 9.48752e+09
268, 9.48752e+09
269, 9.48752e+09
270, 9.48752e+09
271, 9.48752e+09
272, 9.48752e+09
273, 9.48752e+09
274, 9.48752e+09
275, 9.48752e+09
276, 9.48752e+09
277, 9.48752e+09
278, 9.48752e+09
279, 9.48752e+09
280, 9.48752e+09
281, 9.48752e+09
282, 9.48752e+09
283, 9.48752e+09
284, 9.48752e+09
285, 9.48752e+09
286, 9.48752e+09
287, 9.48752e+09
288, 9.48752e+09
289, 9.48752e+09
290, 9.48752e+09
291, 9.48752e+09
292, 9.48752e+09
293, 9.48752e+09
294, 9.48752e+09
295, 9.48752e+09
296, 9.48752e+09
297, 9.48752e+09
298, 9.48752e+09
299, 9.48752e+09
300, 9.48752e+09
301, 9.48752e+09
302, 9.48752e+09
303, 9.48752e+09
304, 9.48752e+09
305, 9.48752e+09
306, 9.48752e+09
307, 9.48752e+09
308, 9.48752e+09
309, 9.48752e+09
310, 9.48752e+09
311, 9.48752e+09
312, 9.48752e+09
313, 9.48752e+09
314, 9.48752e+09
315, 9.48752e+09
316, 9.48752e+09
317, 9.48752e+09
318, 9.48752e+09
319, 9.48752e+09
320, 9.48752e+09
321, 9.48752e+09
322, 9.48752e+09
323, 9.48752e+09
324, 9.48752e+09
325, 9.48752e+09
326, 9.48752e+09
327, 9.48752e+09
328, 9.48752e+09
329, 9.48752e+09
330, 9.48752e+09
331, 9.48752e+09
332, 9.48752e+09
333, 9.48752e+09
334, 9.48752e+09
335, 9.48752e+09
336, 9.48752e+09
337, 9.48752e+09
338, 9.48752e+09
339, 9.48752e+09
340, 9.48752e+09
341, 9.48752e+09
342, 9.48752e+09
343, 9.48752e+09
344, 9.48752e+09
345, 9.48752e+09
346, 9.48752e+09
347, 9.48752e+09
348, 9.48752e+09
349, 9.48752e+09
350, 9.48752e+09
351, 9.48752e+09
352, 9.48752e+09
353, 9.48752e+09
354, 9.48752e+09
355, 9.48752e+09
356, 9.48752e+09
357, 9.48752e+09
358, 9.48752e+09
359, 9.48752e+09
360, 9.48752e+09
361, 9.48752e+09
362, 9.48752e+09
363, 9.48752e+09
364, 9.48752e+09
365, 9.48752e+09
366, 9.48752e+09
367, 9.48752e+09
368, 9.48752e+09
369, 9.48752e+09
370, 9.48752e+09
371, 9.48752e+09
372, 9.48752e+09
373, 9.48752e+09
374, 9.48752e+09
375, 9.48752e+09
376, 9.48752e+09
377, 9.48752e+09
378, 9.48752e+09
379, 9.48752e+09
380, 9.48752e+09
381, 9.48752e+09
382, 9.48752e+09
383, 9.48752e+09
384, 9.48752e+09
385, 9.48752e+09
386, 9.48752e+09
387, 9.48752e+09
388, 9.48752e+09
389, 9.48752e+09
390, 9.48752e+09
391, 9.48752e+09
392, 9.48752e+09
393, 9.48752e+09
394, 9.48752e+09
395, 9.48752e+09
396, 9.48752e+09
397, 9.48752e+09
398, 9.48752e+09
399, 9.48752e+09
400, 9.48752e+09
401, 9.48752e+09
402, 9.48752e+09
403, 9.48752e+09
404, 9.48752e+09
405, 9.48752e+09
406, 9.48752e+09
407, 9.48752e+09
408, 9.48752e+09
409, 9.48752e+09
410, 9.48752e+09
411, 9.48752e+09
412, 9.48752e+09
413, 9.48752e+09
414, 9.48752e+09
415, 9.48752e+09
416, 9.48752e+09
417, 9.48752e+09
418, 9.48752e+09
419, 9.48752e+09
420, 9.48752e+09
421, 9.48752e+09
422, 9.48752e+09
423, 9.48752e+09
424, 9.48752e+09
425, 9.48752e+09
426, 9.48752e+09
427, 9.48752e+09
428, 9.48752e+09
429, 9.48752e+09
430, 9.48752e+09
431, 9.48752e+09
432, 9.48752e+09
433, 9.48752e+09
434, 9.48752e+09
435, 9.48752e+09
436, 9.48752e+09
437, 9.48752e+09
438, 9.48752e+09
439, 9.48752e+09
440, 9.48752e+09
441, 9.48752e+09
442, 9.48752e+09
443, 9.48752e+09
444, 9.48752e+09
445, 9.48752e+09
446, 9.48752e+09
447, 9.48752e+09
448, 9.48752e+09
449, 9.48752e+09
450, 9.48752e+09
451, 9.48752e+09
452, 9.48752e+09
453, 9.48752e+09
454, 9.48752e+09
455, 9.48752e+09
456, 9.48752e+09
457, 9.48752e+09
458, 9.48752e+09
459, 9.48752e+09
460, 9.48752e+09
461, 9.48752e+09
462, 9.48752e+09
463, 9.48752e+09
464, 9.48752e+09
465, 9.48752e+09
466, 9.48752e+09
467, 9.48752e+09
468, 9.48752e+09
469, 9.48752e+09
470, 9.48752e+09
471, 9.48752e+09
472, 9.48752e+09
473, 9.48752e+09
474, 9.48752e+09
475, 9.48752e+09
476, 9.48752e+09
477, 9.48752e+09
478, 9.48752e+09
479, 9.48752e+09
480, 9.48752e+09
481, 9.48752e+09
482, 9.48752e+09
483, 9.48752e+09
484, 9.48752e+09
485, 9.48752e+09
486, 9.48752e+09
487, 9.48752e+09
488, 9.48752e+09
489, 9.48752e+09
490, 9.48752e+09
491, 9.48752e+09
492, 9.48752e+09
493, 9.48752e+09
494, 9.48752e+09
495, 9.48752e+09
496, 9.48752e+09
