Iteration, BestFitness
0, 4.34076e+17
1, 1.81106e+17
2, 8.15699e+16
3, 8.3875e+15
4, 8.3875e+15
5, 8.3875e+15
6, 4.18396e+14
7, 4.18396e+14
8, 4.18396e+14
9, 4.18396e+14
10, 2.54263e+14
11, 2.54263e+14
12, 2.54263e+14
13, 2.54263e+14
14, 1.5773e+14
15, 1.5773e+14
16, 5.52841e+13
17, 5.52841e+13
18, 5.52841e+13
19, 5.52841e+13
20, 5.52841e+13
21, 5.52841e+13
22, 5.52841e+13
23, 5.52841e+13
24, 5.52841e+13
25, 5.52841e+13
26, 5.52841e+13
27, 5.41542e+13
28, 5.41542e+13
29, 5.41542e+13
30, 3.77269e+13
31, 3.77269e+13
32, 3.77269e+13
33, 3.77269e+13
34, 3.77269e+13
35, 3.77269e+13
36, 3.77269e+13
37, 3.77269e+13
38, 3.77269e+13
39, 2.96163e+13
40, 2.96163e+13
41, 2.96163e+13
42, 2.96163e+13
43, 2.96163e+13
44, 2.96163e+13
45, 2.96163e+13
46, 2.96163e+13
47, 2.96163e+13
48, 2.96163e+13
49, 2.96163e+13
50, 2.4627e+13
51, 2.4627e+13
52, 1.81179e+13
53, 1.0805e+13
54, 1.0805e+13
55, 1.0805e+13
56, 1.0805e+13
57, 1.0805e+13
58, 1.0805e+13
59, 1.0805e+13
60, 1.0805e+13
61, 1.0805e+13
62, 1.0805e+13
63, 1.0805e+13
64, 1.0805e+13
65, 1.0805e+13
66, 1.0805e+13
67, 6.71958e+12
68, 5.75197e+12
69, 5.75197e+12
70, 5.75197e+12
71, 5.75197e+12
72, 5.75197e+12
73, 5.75197e+12
74, 5.75197e+12
75, 5.75197e+12
76, 5.75197e+12
77, 4.86995e+12
78, 4.76468e+12
79, 4.12391e+12
80, 4.12391e+12
81, 3.41928e+12
82, 3.34398e+12
83, 3.34398e+12
84, 3.32176e+12
85, 3.20262e+12
86, 3.20262e+12
87, 3.20262e+12
88, 3.20262e+12
89, 3.20262e+12
90, 3.20262e+12
91, 3.20262e+12
92, 3.20262e+12
93, 3.20262e+12
94, 3.20262e+12
95, 3.20262e+12
96, 3.20262e+12
97, 3.20262e+12
98, 3.20262e+12
99, 3.20262e+12
100, 3.20262e+12
101, 3.20262e+12
102, 3.20262e+12
103, 3.20262e+12
104, 3.20262e+12
105, 3.20262e+12
106, 3.20262e+12
107, 3.20262e+12
108, 3.20262e+12
109, 3.20262e+12
110, 3.20262e+12
111, 3.20262e+12
112, 3.20262e+12
113, 3.20262e+12
114, 3.20262e+12
115, 2.9618e+12
116, 2.78754e+12
117, 2.78754e+12
118, 2.78754e+12
119, 2.78754e+12
120, 2.78754e+12
121, 2.78754e+12
122, 2.69867e+12
123, 2.69867e+12
124, 2.69867e+12
125, 2.67833e+12
126, 2.1292e+12
127, 2.1292e+12
128, 2.1292e+12
129, 2.1292e+12
130, 2.1292e+12
131, 2.1292e+12
132, 2.1292e+12
133, 2.1292e+12
134, 2.08722e+12
135, 1.99811e+12
136, 1.99811e+12
137, 1.99811e+12
138, 1.99811e+12
139, 1.99811e+12
140, 1.99811e+12
141, 1.99811e+12
142, 1.99811e+12
143, 1.99811e+12
144, 1.99811e+12
145, 1.99811e+12
146, 1.99811e+12
147, 1.99811e+12
148, 1.99811e+12
149, 1.99811e+12
150, 1.99811e+12
151, 1.99811e+12
152, 1.99811e+12
153, 1.99811e+12
154, 1.99811e+12
155, 1.54383e+12
156, 1.43104e+12
157, 1.43104e+12
158, 1.43104e+12
159, 1.43104e+12
160, 1.43104e+12
161, 1.43104e+12
162, 1.43104e+12
163, 1.43104e+12
164, 1.43104e+12
165, 1.43104e+12
166, 1.43104e+12
167, 1.43104e+12
168, 1.43104e+12
169, 1.43104e+12
170, 1.43104e+12
171, 1.43104e+12
172, 1.43104e+12
173, 1.43104e+12
174, 1.43037e+12
175, 1.34556e+12
176, 1.34556e+12
177, 1.34556e+12
178, 1.34556e+12
179, 1.34556e+12
180, 1.34556e+12
181, 1.34556e+12
182, 1.16904e+12
183, 1.16904e+12
184, 1.16904e+12
185, 1.16904e+12
186, 1.16904e+12
187, 1.16904e+12
188, 1.16904e+12
189, 1.16904e+12
190, 1.16904e+12
191, 1.16904e+12
192, 1.16904e+12
193, 1.16904e+12
194, 1.16904e+12
195, 1.16904e+12
196, 1.16904e+12
197, 1.16904e+12
198, 1.16904e+12
199, 1.16904e+12
200, 1.16904e+12
201, 1.16904e+12
202, 1.16904e+12
203, 1.08756e+12
204, 1.08756e+12
205, 9.95928e+11
206, 9.95928e+11
207, 9.95928e+11
208, 9.95928e+11
209, 9.9219e+11
210, 9.9219e+11
211, 9.9219e+11
212, 9.9219e+11
213, 9.9219e+11
214, 9.9219e+11
215, 8.53312e+11
216, 7.91603e+11
217, 7.91603e+11
218, 7.91603e+11
219, 7.91603e+11
220, 7.91603e+11
221, 7.91603e+11
222, 7.91603e+11
223, 7.91603e+11
224, 7.91603e+11
225, 7.91603e+11
226, 7.91603e+11
227, 7.91603e+11
228, 7.91603e+11
229, 7.91603e+11
230, 7.91603e+11
231, 7.91603e+11
232, 7.82738e+11
233, 7.82738e+11
234, 7.82738e+11
235, 7.82738e+11
236, 7.82738e+11
237, 7.82738e+11
238, 7.82738e+11
239, 7.82738e+11
240, 7.82738e+11
241, 7.82738e+11
242, 7.82738e+11
243, 7.82738e+11
244, 7.82738e+11
245, 6.89563e+11
246, 6.89563e+11
247, 6.89563e+11
248, 6.89563e+11
249, 6.89563e+11
250, 6.89563e+11
251, 6.33615e+11
252, 6.33615e+11
253, 6.33615e+11
254, 6.33615e+11
255, 6.33615e+11
256, 6.33615e+11
257, 6.33615e+11
258, 6.33615e+11
259, 6.33615e+11
260, 6.33615e+11
261, 6.1357e+11
262, 6.1357e+11
263, 6.1357e+11
264, 6.1357e+11
265, 6.1357e+11
266, 6.1357e+11
267, 6.1357e+11
268, 6.04806e+11
269, 5.88857e+11
270, 5.55173e+11
271, 5.55173e+11
272, 5.55173e+11
273, 5.55173e+11
274, 5.55173e+11
275, 5.55173e+11
276, 5.55173e+11
277, 5.55173e+11
278, 5.55173e+11
279, 5.55173e+11
280, 5.55173e+11
281, 5.55173e+11
282, 5.55173e+11
283, 5.55173e+11
284, 5.27759e+11
285, 5.27759e+11
286, 5.27759e+11
287, 5.11729e+11
288, 5.11729e+11
289, 5.11729e+11
290, 5.11729e+11
291, 5.11729e+11
292, 5.11729e+11
293, 5.11729e+11
294, 5.09851e+11
295, 5.09851e+11
296, 5.09851e+11
297, 4.78565e+11
298, 4.78565e+11
299, 4.78565e+11
300, 4.78565e+11
301, 4.78565e+11
302, 4.78565e+11
303, 4.78565e+11
304, 4.78565e+11
305, 4.78565e+11
306, 4.78565e+11
307, 4.78565e+11
308, 4.78565e+11
309, 4.78565e+11
310, 4.78565e+11
311, 4.78565e+11
312, 4.72193e+11
313, 4.72193e+11
314, 4.72193e+11
315, 4.72193e+11
316, 4.72193e+11
317, 4.72193e+11
318, 4.72193e+11
319, 4.72193e+11
320, 4.72193e+11
321, 4.72193e+11
322, 4.72193e+11
323, 4.72193e+11
324, 4.72193e+11
325, 4.72193e+11
326, 4.72193e+11
327, 4.72193e+11
328, 4.72193e+11
329, 4.72193e+11
330, 4.72193e+11
331, 4.72193e+11
