Iteration, BestFitness
0, 1.98841e+17
1, 1.10288e+17
2, 6.18197e+16
3, 4.7793e+16
4, 1.94721e+16
5, 6.78375e+15
6, 3.67869e+15
7, 3.67869e+15
8, 3.67869e+15
9, 3.67869e+15
10, 3.67869e+15
11, 3.67869e+15
12, 3.67869e+15
13, 4.2067e+14
14, 4.2067e+14
15, 4.2067e+14
16, 4.2067e+14
17, 4.2067e+14
18, 4.2067e+14
19, 4.2067e+14
20, 4.2067e+14
21, 2.02224e+14
22, 2.02224e+14
23, 2.02224e+14
24, 2.02224e+14
25, 1.16014e+14
26, 3.39002e+13
27, 3.39002e+13
28, 3.39002e+13
29, 1.92725e+13
30, 1.92725e+13
31, 1.92725e+13
32, 1.92725e+13
33, 1.92725e+13
34, 1.92725e+13
35, 1.92725e+13
36, 1.92725e+13
37, 1.92725e+13
38, 1.92725e+13
39, 1.92725e+13
40, 1.92725e+13
41, 1.92725e+13
42, 1.92725e+13
43, 1.92725e+13
44, 1.92725e+13
45, 1.92725e+13
46, 1.92725e+13
47, 1.92725e+13
48, 1.92725e+13
49, 1.92725e+13
50, 1.92725e+13
51, 1.92725e+13
52, 1.92725e+13
53, 9.30221e+12
54, 8.68795e+12
55, 5.12968e+12
56, 4.76807e+12
57, 3.70757e+12
58, 1.87702e+12
59, 1.87702e+12
60, 1.87702e+12
61, 1.87702e+12
62, 1.87702e+12
63, 1.87702e+12
64, 1.87702e+12
65, 1.87702e+12
66, 1.87702e+12
67, 1.79338e+12
68, 1.79338e+12
69, 1.79338e+12
70, 1.72245e+12
71, 1.72245e+12
72, 1.72245e+12
73, 1.72245e+12
74, 7.44139e+11
75, 7.44139e+11
76, 7.44139e+11
77, 7.44139e+11
78, 7.44139e+11
79, 7.44139e+11
80, 7.44139e+11
81, 7.44139e+11
82, 7.44139e+11
83, 7.44139e+11
84, 7.44139e+11
85, 7.44139e+11
86, 7.44139e+11
87, 7.44139e+11
88, 7.44139e+11
89, 7.44139e+11
90, 7.44139e+11
91, 7.44139e+11
92, 7.44139e+11
93, 7.44139e+11
94, 7.44139e+11
95, 7.44139e+11
96, 7.44139e+11
97, 7.44139e+11
98, 7.44139e+11
99, 7.44139e+11
100, 7.44139e+11
101, 7.44139e+11
102, 7.44139e+11
103, 4.46835e+11
104, 4.46835e+11
105, 4.46835e+11
106, 4.46835e+11
107, 4.46835e+11
108, 4.46835e+11
109, 4.46835e+11
110, 4.46835e+11
111, 4.46835e+11
112, 4.46835e+11
113, 4.46835e+11
114, 4.46835e+11
115, 4.46835e+11
116, 4.46835e+11
117, 4.46835e+11
118, 4.46835e+11
119, 4.46835e+11
120, 4.42658e+11
121, 3.17392e+11
122, 3.17392e+11
123, 3.17392e+11
124, 3.17392e+11
125, 3.17392e+11
126, 3.17392e+11
127, 3.17392e+11
128, 3.17392e+11
129, 3.17392e+11
130, 3.17392e+11
131, 3.17392e+11
132, 3.17392e+11
133, 3.17392e+11
134, 3.17392e+11
135, 3.17392e+11
136, 1.77477e+11
137, 1.77477e+11
138, 1.77477e+11
139, 1.77477e+11
140, 1.77477e+11
141, 1.77477e+11
142, 1.77477e+11
143, 1.77477e+11
144, 1.77477e+11
145, 1.77477e+11
146, 1.77477e+11
147, 1.77477e+11
148, 1.77477e+11
149, 1.77477e+11
150, 1.77477e+11
151, 1.77477e+11
152, 1.77477e+11
153, 1.77477e+11
154, 1.77477e+11
155, 1.77477e+11
156, 1.77477e+11
157, 1.77477e+11
158, 1.77477e+11
159, 1.77477e+11
160, 1.77477e+11
161, 1.77477e+11
162, 1.77477e+11
163, 1.77477e+11
164, 1.77477e+11
165, 1.77477e+11
166, 1.77477e+11
167, 1.55306e+11
168, 1.55306e+11
169, 1.55306e+11
170, 1.55306e+11
171, 1.55306e+11
172, 1.55306e+11
173, 1.55306e+11
174, 1.55306e+11
175, 1.55306e+11
176, 1.55306e+11
177, 1.55306e+11
178, 1.55306e+11
179, 1.55306e+11
180, 1.55306e+11
181, 1.55306e+11
182, 1.55306e+11
183, 1.55306e+11
184, 1.55306e+11
185, 1.55306e+11
186, 1.55306e+11
187, 1.55306e+11
188, 1.55306e+11
189, 1.55306e+11
190, 1.55306e+11
191, 1.55306e+11
192, 1.55306e+11
193, 1.55306e+11
194, 1.55306e+11
195, 1.55306e+11
196, 1.55306e+11
197, 1.55306e+11
198, 1.09661e+11
199, 1.09661e+11
200, 1.09661e+11
201, 1.09661e+11
202, 1.09661e+11
203, 1.09661e+11
204, 1.09661e+11
205, 1.09661e+11
206, 1.09661e+11
207, 1.09661e+11
208, 1.09661e+11
209, 1.09661e+11
210, 1.09661e+11
211, 1.09661e+11
212, 1.09661e+11
213, 1.09661e+11
214, 1.09661e+11
215, 1.09661e+11
216, 1.09661e+11
217, 1.09661e+11
218, 1.09661e+11
219, 1.09661e+11
220, 1.09661e+11
221, 1.09661e+11
222, 1.09661e+11
223, 1.09661e+11
224, 1.09661e+11
225, 1.09661e+11
226, 1.09188e+11
227, 1.09188e+11
228, 1.09188e+11
229, 1.09188e+11
230, 1.09188e+11
231, 1.09188e+11
232, 1.09188e+11
233, 8.85117e+10
234, 8.85117e+10
235, 8.85117e+10
236, 8.85117e+10
237, 8.85117e+10
238, 8.85117e+10
239, 8.85117e+10
240, 8.85117e+10
241, 8.85117e+10
242, 8.85117e+10
243, 8.85117e+10
244, 8.85117e+10
245, 8.85117e+10
246, 7.0119e+10
247, 7.0119e+10
248, 7.0119e+10
249, 7.0119e+10
250, 7.0119e+10
251, 7.0119e+10
252, 7.0119e+10
253, 7.0119e+10
254, 7.0119e+10
255, 7.0119e+10
256, 7.0119e+10
257, 7.0119e+10
258, 7.0119e+10
259, 7.0119e+10
260, 7.0119e+10
261, 7.0119e+10
262, 7.0119e+10
263, 7.0119e+10
264, 7.0119e+10
265, 7.0119e+10
266, 7.0119e+10
267, 7.0119e+10
268, 7.0119e+10
269, 7.0119e+10
270, 7.0119e+10
271, 7.0119e+10
272, 7.0119e+10
273, 7.0119e+10
274, 7.0119e+10
275, 7.0119e+10
276, 7.0119e+10
277, 7.0119e+10
278, 7.0119e+10
279, 7.0119e+10
280, 6.70948e+10
281, 6.64559e+10
282, 6.64559e+10
283, 6.64559e+10
284, 6.64559e+10
285, 6.64559e+10
286, 6.64559e+10
287, 6.64559e+10
288, 6.64559e+10
289, 6.64559e+10
290, 6.64559e+10
291, 6.64559e+10
292, 6.64559e+10
293, 6.64559e+10
294, 6.64559e+10
295, 6.64559e+10
296, 6.64559e+10
297, 6.64559e+10
298, 6.64559e+10
299, 6.64559e+10
300, 6.64559e+10
301, 6.29645e+10
302, 6.29645e+10
303, 6.11869e+10
304, 6.11869e+10
305, 6.11869e+10
306, 6.04319e+10
307, 6.03813e+10
308, 6.03813e+10
309, 6.03813e+10
310, 6.03813e+10
311, 6.03813e+10
312, 6.03813e+10
313, 6.03813e+10
314, 6.03813e+10
315, 6.03813e+10
316, 6.03813e+10
317, 6.03813e+10
318, 6.03813e+10
319, 6.03813e+10
320, 6.03813e+10
321, 6.03813e+10
322, 6.03813e+10
323, 6.03813e+10
324, 6.03813e+10
325, 6.03813e+10
326, 6.03813e+10
327, 6.03813e+10
328, 6.03813e+10
329, 6.03813e+10
330, 6.03813e+10
331, 6.03813e+10
