Iteration, BestFitness
0, 1.27078e+17
1, 1.62096e+15
2, 1.13018e+15
3, 1.50012e+14
4, 1.50012e+14
5, 1.50012e+14
6, 1.50012e+14
7, 1.50012e+14
8, 1.50012e+14
9, 1.50012e+14
10, 2.95766e+13
11, 1.60185e+13
12, 1.5536e+13
13, 8.18795e+12
14, 8.18795e+12
15, 8.18795e+12
16, 8.18795e+12
17, 8.18795e+12
18, 5.35267e+12
19, 4.58551e+12
20, 4.58551e+12
21, 4.58551e+12
22, 3.61309e+12
23, 3.61309e+12
24, 2.89141e+12
25, 2.89141e+12
26, 2.89141e+12
27, 2.4776e+12
28, 2.4776e+12
29, 2.4776e+12
30, 2.4776e+12
31, 2.10798e+12
32, 2.0598e+12
33, 2.01393e+12
34, 2.01393e+12
35, 2.01393e+12
36, 2.01393e+12
37, 1.56271e+12
38, 1.55607e+12
39, 1.14876e+12
40, 1.14876e+12
41, 1.14876e+12
42, 1.14876e+12
43, 1.14876e+12
44, 1.14876e+12
45, 1.14876e+12
46, 1.14876e+12
47, 8.72671e+11
48, 8.57545e+11
49, 8.57545e+11
50, 7.69995e+11
51, 7.69995e+11
52, 7.69995e+11
53, 7.69995e+11
54, 7.69995e+11
55, 7.69995e+11
56, 7.69995e+11
57, 7.69995e+11
58, 7.69995e+11
59, 7.69995e+11
60, 7.69995e+11
61, 5.44193e+11
62, 4.79178e+11
63, 4.44083e+11
64, 4.44083e+11
65, 4.44083e+11
66, 4.44083e+11
67, 4.44083e+11
68, 4.44083e+11
69, 4.30946e+11
70, 4.30946e+11
71, 4.30946e+11
72, 4.14083e+11
73, 4.14083e+11
74, 4.14083e+11
75, 4.14083e+11
76, 4.14083e+11
77, 4.14083e+11
78, 3.59839e+11
79, 3.59839e+11
80, 3.59839e+11
81, 3.16802e+11
82, 3.16802e+11
83, 3.16802e+11
84, 3.16802e+11
85, 3.16802e+11
86, 3.16802e+11
87, 3.16802e+11
88, 3.16802e+11
89, 3.16802e+11
90, 3.16802e+11
91, 3.16802e+11
92, 2.93619e+11
93, 2.93619e+11
94, 2.93619e+11
95, 2.93619e+11
96, 2.93619e+11
97, 2.93619e+11
98, 2.93619e+11
99, 2.47521e+11
100, 2.28674e+11
101, 1.5102e+11
102, 1.5102e+11
103, 1.5102e+11
104, 1.5102e+11
105, 1.5102e+11
106, 1.5102e+11
107, 1.5102e+11
108, 1.5102e+11
109, 1.5102e+11
110, 1.5102e+11
111, 1.5102e+11
112, 1.5102e+11
113, 1.5102e+11
114, 1.5102e+11
115, 1.5102e+11
116, 1.5102e+11
117, 1.5102e+11
118, 1.5102e+11
119, 1.5102e+11
120, 1.5102e+11
121, 1.5102e+11
122, 1.5102e+11
123, 1.5102e+11
124, 1.5102e+11
125, 1.5102e+11
126, 1.5102e+11
127, 1.5102e+11
128, 1.5102e+11
129, 1.5102e+11
130, 1.5102e+11
131, 1.5102e+11
132, 1.5102e+11
133, 1.5102e+11
134, 1.5102e+11
135, 1.5102e+11
136, 1.5102e+11
137, 1.5102e+11
138, 1.5102e+11
139, 1.5102e+11
140, 1.5102e+11
141, 1.5102e+11
142, 1.5102e+11
143, 1.5102e+11
144, 1.5102e+11
145, 1.5102e+11
146, 1.5102e+11
147, 1.44886e+11
148, 1.44886e+11
149, 1.44886e+11
150, 1.44886e+11
151, 1.44886e+11
152, 1.36534e+11
153, 1.33328e+11
154, 1.33328e+11
155, 1.33328e+11
156, 1.33328e+11
157, 1.33328e+11
158, 1.33328e+11
159, 1.33328e+11
160, 1.33328e+11
161, 1.33328e+11
162, 1.33328e+11
163, 1.33328e+11
164, 1.33328e+11
165, 1.33328e+11
166, 1.33328e+11
167, 1.33328e+11
168, 1.33328e+11
169, 1.33328e+11
170, 1.33328e+11
171, 1.33328e+11
172, 1.33328e+11
173, 1.33328e+11
174, 1.33328e+11
175, 1.33328e+11
176, 1.33328e+11
177, 1.33328e+11
178, 1.33328e+11
179, 1.33328e+11
180, 1.33328e+11
181, 1.33328e+11
182, 1.33328e+11
183, 1.33328e+11
184, 1.33328e+11
185, 1.33328e+11
186, 1.30803e+11
187, 1.27123e+11
188, 1.27123e+11
189, 1.27123e+11
190, 1.27123e+11
191, 1.27123e+11
192, 1.27123e+11
193, 1.27123e+11
194, 1.27123e+11
195, 1.27123e+11
196, 1.27123e+11
197, 1.27123e+11
198, 1.27123e+11
199, 1.27123e+11
200, 1.27123e+11
201, 1.27123e+11
202, 1.27123e+11
203, 1.27123e+11
204, 1.27123e+11
205, 1.27123e+11
206, 1.27123e+11
207, 1.27123e+11
208, 1.27123e+11
209, 1.27123e+11
210, 1.27123e+11
211, 1.24627e+11
212, 1.23403e+11
213, 1.23403e+11
214, 1.23403e+11
215, 1.23403e+11
216, 1.23403e+11
217, 1.23403e+11
218, 1.23403e+11
219, 1.23403e+11
220, 1.23403e+11
221, 1.23403e+11
222, 1.23403e+11
223, 1.23403e+11
224, 1.23403e+11
225, 1.23403e+11
226, 1.23403e+11
227, 1.23403e+11
228, 1.23403e+11
229, 1.23403e+11
230, 1.23403e+11
231, 1.23403e+11
232, 1.23403e+11
233, 1.23403e+11
234, 1.22694e+11
235, 1.22694e+11
236, 1.22694e+11
237, 1.16454e+11
238, 1.16454e+11
239, 1.16454e+11
240, 1.16454e+11
241, 1.16454e+11
242, 1.16454e+11
243, 1.16454e+11
244, 1.16454e+11
245, 1.16454e+11
246, 1.16454e+11
247, 1.15535e+11
248, 1.15535e+11
249, 1.15535e+11
250, 1.15535e+11
251, 1.15535e+11
252, 1.15535e+11
253, 1.15535e+11
254, 1.15535e+11
255, 1.15535e+11
256, 1.15535e+11
257, 1.15535e+11
258, 1.15535e+11
259, 1.15535e+11
260, 1.15535e+11
261, 1.15535e+11
262, 1.15535e+11
263, 1.15535e+11
264, 1.15535e+11
265, 1.15535e+11
266, 1.15535e+11
267, 1.15535e+11
268, 1.15535e+11
269, 1.15535e+11
270, 1.15535e+11
271, 1.15535e+11
272, 1.15535e+11
273, 1.15535e+11
274, 1.15535e+11
275, 1.15535e+11
276, 1.15535e+11
277, 1.15535e+11
278, 1.15535e+11
279, 1.15535e+11
280, 1.15535e+11
281, 1.15535e+11
282, 1.15535e+11
283, 1.15535e+11
284, 1.15535e+11
285, 1.15535e+11
286, 1.15535e+11
287, 1.15535e+11
288, 1.15535e+11
289, 1.15535e+11
290, 1.15535e+11
291, 1.15535e+11
292, 1.15535e+11
293, 1.15535e+11
294, 1.15535e+11
295, 1.15535e+11
296, 1.15535e+11
297, 1.15535e+11
298, 1.15535e+11
299, 1.15535e+11
300, 1.15535e+11
301, 1.15535e+11
302, 1.15535e+11
303, 1.15535e+11
304, 1.15535e+11
305, 1.15535e+11
306, 1.15535e+11
307, 1.15535e+11
308, 1.15535e+11
309, 1.15535e+11
310, 1.15535e+11
311, 1.15535e+11
312, 1.15535e+11
313, 1.15535e+11
314, 1.15535e+11
315, 1.15535e+11
316, 1.15535e+11
317, 1.15535e+11
318, 1.15535e+11
319, 1.15535e+11
320, 1.15535e+11
321, 1.15535e+11
322, 1.15535e+11
323, 1.15535e+11
324, 1.15535e+11
325, 1.15535e+11
326, 1.15535e+11
327, 1.15535e+11
328, 1.15535e+11
329, 1.15535e+11
330, 1.15535e+11
331, 1.15535e+11
332, 1.15535e+11
333, 1.15535e+11
334, 1.15535e+11
335, 1.15535e+11
336, 1.15535e+11
337, 1.15535e+11
338, 1.15535e+11
339, 1.15535e+11
340, 1.15535e+11
341, 1.15535e+11
342, 1.15535e+11
343, 1.15535e+11
344, 1.15535e+11
345, 1.15535e+11
346, 1.15535e+11
347, 1.15535e+11
348, 1.15535e+11
349, 1.15535e+11
350, 1.15535e+11
351, 1.15535e+11
352, 1.15535e+11
353, 1.15535e+11
354, 1.15535e+11
355, 1.15535e+11
356, 1.15535e+11
357, 1.15535e+11
358, 1.15535e+11
359, 1.15535e+11
360, 1.15535e+11
361, 1.15535e+11
362, 1.15535e+11
363, 1.15535e+11
364, 1.15535e+11
365, 1.15535e+11
366, 1.15535e+11
367, 1.15535e+11
368, 1.15535e+11
369, 1.15535e+11
370, 1.15535e+11
371, 1.15535e+11
372, 1.15535e+11
373, 1.15535e+11
374, 1.15535e+11
375, 1.15535e+11
376, 1.15535e+11
377, 1.15535e+11
378, 1.15535e+11
379, 1.15535e+11
380, 1.15535e+11
381, 1.15535e+11
382, 1.15535e+11
383, 1.15535e+11
384, 1.15535e+11
385, 1.15535e+11
386, 1.15535e+11
387, 1.15535e+11
388, 1.15535e+11
389, 1.15535e+11
390, 1.15535e+11
391, 1.15535e+11
392, 1.15535e+11
393, 1.15535e+11
394, 1.15535e+11
395, 1.15535e+11
396, 1.15535e+11
397, 1.15535e+11
398, 1.15535e+11
399, 1.15535e+11
400, 1.15535e+11
401, 1.15535e+11
402, 1.15535e+11
403, 1.15535e+11
404, 1.15535e+11
405, 1.15535e+11
406, 1.15535e+11
407, 1.15535e+11
408, 1.15535e+11
409, 1.15535e+11
410, 1.15535e+11
411, 1.15535e+11
412, 1.15535e+11
413, 1.15535e+11
414, 1.15535e+11
415, 1.15535e+11
416, 1.15535e+11
417, 1.15535e+11
418, 1.15535e+11
419, 1.15535e+11
420, 1.15535e+11
421, 1.15535e+11
422, 1.15535e+11
423, 1.15535e+11
424, 1.15535e+11
425, 1.15535e+11
426, 1.15535e+11
427, 1.15535e+11
428, 1.15535e+11
429, 1.15535e+11
430, 1.15535e+11
431, 1.15535e+11
432, 1.15535e+11
433, 1.15535e+11
434, 1.15535e+11
435, 1.15535e+11
436, 1.15535e+11
437, 1.15535e+11
438, 1.15535e+11
439, 1.15535e+11
440, 1.15535e+11
441, 1.15535e+11
442, 1.15535e+11
443, 1.15535e+11
444, 1.15535e+11
445, 1.15535e+11
446, 1.15535e+11
447, 1.15535e+11
448, 1.15535e+11
449, 1.15535e+11
450, 1.15535e+11
451, 1.15535e+11
452, 1.15535e+11
453, 1.15535e+11
454, 1.15535e+11
455, 1.15535e+11
456, 1.15535e+11
457, 1.15535e+11
458, 1.15535e+11
459, 1.15535e+11
460, 1.15535e+11
461, 1.15535e+11
462, 1.15535e+11
463, 1.15535e+11
464, 1.15535e+11
465, 1.15535e+11
466, 1.15535e+11
467, 1.15535e+11
468, 1.15535e+11
469, 1.15535e+11
470, 1.15535e+11
471, 1.15535e+11
472, 1.15535e+11
473, 1.15535e+11
474, 1.15535e+11
475, 1.15535e+11
476, 1.15535e+11
477, 1.15535e+11
478, 1.15535e+11
479, 1.15535e+11
480, 1.15535e+11
481, 1.15535e+11
482, 1.15535e+11
483, 1.15535e+11
484, 1.15535e+11
485, 1.15535e+11
486, 1.15535e+11
487, 1.15535e+11
488, 1.15535e+11
489, 1.15535e+11
490, 1.15535e+11
491, 1.15535e+11
492, 1.15535e+11
493, 1.15535e+11
494, 1.15535e+11
495, 1.15535e+11
496, 1.15535e+11
