Iteration, BestFitness
0, 1.18511e+13
1, 9.57745e+12
2, 9.35962e+12
3, 8.6687e+12
4, 8.6687e+12
5, 8.23349e+12
6, 8.06117e+12
7, 8.06117e+12
8, 8.06117e+12
9, 7.36255e+12
10, 7.32118e+12
11, 7.32118e+12
12, 6.48421e+12
13, 6.48421e+12
14, 6.27775e+12
15, 6.27775e+12
16, 6.27775e+12
17, 6.27775e+12
18, 6.27775e+12
19, 6.27775e+12
20, 6.27775e+12
21, 6.27775e+12
22, 5.87027e+12
23, 5.87027e+12
24, 5.87027e+12
25, 5.87027e+12
26, 5.87027e+12
27, 5.87027e+12
28, 5.84701e+12
29, 5.43268e+12
30, 4.77132e+12
31, 4.77132e+12
32, 4.68903e+12
33, 4.68903e+12
34, 4.68903e+12
35, 4.22032e+12
36, 4.22032e+12
37, 4.22032e+12
38, 4.22032e+12
39, 4.11933e+12
40, 4.11933e+12
41, 4.11933e+12
42, 4.11933e+12
43, 4.1118e+12
44, 4.1118e+12
45, 4.1118e+12
46, 4.03495e+12
47, 3.93979e+12
48, 3.93979e+12
49, 3.93979e+12
50, 3.93979e+12
51, 3.93979e+12
52, 3.90134e+12
53, 3.90134e+12
54, 3.7717e+12
55, 3.64421e+12
56, 3.3552e+12
57, 3.3552e+12
58, 3.3552e+12
59, 3.22013e+12
60, 3.22013e+12
61, 3.21737e+12
62, 3.0556e+12
63, 3.0556e+12
64, 3.0556e+12
65, 3.0556e+12
66, 2.84775e+12
67, 2.84775e+12
68, 2.84775e+12
69, 2.83544e+12
70, 2.83544e+12
71, 2.79493e+12
72, 2.79493e+12
73, 2.79493e+12
74, 2.73094e+12
75, 2.73094e+12
76, 2.68434e+12
77, 2.61743e+12
78, 2.61743e+12
79, 2.52459e+12
80, 2.52459e+12
81, 2.52459e+12
82, 2.52459e+12
83, 2.52459e+12
84, 2.52459e+12
85, 2.52459e+12
86, 2.51472e+12
87, 2.35704e+12
88, 2.35704e+12
89, 2.35704e+12
90, 2.35704e+12
91, 2.35704e+12
92, 2.35704e+12
93, 2.34887e+12
94, 2.33925e+12
95, 2.32743e+12
96, 2.32743e+12
97, 2.32743e+12
98, 2.32267e+12
99, 2.30758e+12
100, 2.30758e+12
101, 2.11806e+12
102, 2.11806e+12
103, 2.11806e+12
104, 2.11806e+12
105, 2.11806e+12
106, 2.11806e+12
107, 2.10084e+12
108, 1.95462e+12
109, 1.94304e+12
110, 1.94304e+12
111, 1.9102e+12
112, 1.9102e+12
113, 1.9102e+12
114, 1.8939e+12
115, 1.8939e+12
116, 1.8939e+12
117, 1.8939e+12
118, 1.8939e+12
119, 1.84681e+12
120, 1.78507e+12
121, 1.78507e+12
122, 1.78507e+12
123, 1.78507e+12
124, 1.78507e+12
125, 1.61526e+12
126, 1.54724e+12
127, 1.54724e+12
128, 1.54724e+12
129, 1.54724e+12
130, 1.52453e+12
131, 1.52453e+12
132, 1.52453e+12
133, 1.52453e+12
134, 1.52453e+12
135, 1.52453e+12
136, 1.52432e+12
137, 1.52432e+12
138, 1.52432e+12
139, 1.52432e+12
140, 1.52432e+12
141, 1.52432e+12
142, 1.52432e+12
143, 1.52432e+12
144, 1.52432e+12
145, 1.52432e+12
146, 1.52432e+12
147, 1.52432e+12
148, 1.44222e+12
149, 1.44222e+12
150, 1.44222e+12
151, 1.44222e+12
152, 1.44222e+12
153, 1.44222e+12
154, 1.44222e+12
155, 1.42338e+12
156, 1.39498e+12
157, 1.39498e+12
158, 1.39498e+12
159, 1.39498e+12
160, 1.39498e+12
161, 1.39498e+12
162, 1.36785e+12
163, 1.36161e+12
164, 1.31198e+12
165, 1.28795e+12
166, 1.22942e+12
167, 1.21173e+12
168, 1.08606e+12
169, 1.08606e+12
170, 1.07566e+12
171, 1.07566e+12
172, 1.07566e+12
173, 1.07566e+12
174, 1.07566e+12
175, 1.07566e+12
176, 1.07566e+12
177, 1.07566e+12
178, 1.07566e+12
179, 1.07566e+12
180, 1.07566e+12
181, 1.07566e+12
182, 1.07566e+12
183, 1.07566e+12
184, 1.07566e+12
185, 1.03373e+12
186, 1.03373e+12
187, 1.03373e+12
188, 1.03373e+12
189, 1.03373e+12
190, 1.03373e+12
191, 1.03373e+12
192, 1.03373e+12
193, 1.03373e+12
194, 1.03373e+12
195, 1.03373e+12
196, 9.55497e+11
197, 9.55497e+11
198, 9.52576e+11
199, 9.52576e+11
200, 9.13768e+11
201, 9.13768e+11
202, 9.13768e+11
203, 9.13768e+11
204, 9.13768e+11
205, 9.13768e+11
206, 9.13768e+11
207, 9.13768e+11
208, 9.13768e+11
209, 9.13768e+11
210, 9.13768e+11
211, 9.13768e+11
212, 9.13768e+11
213, 8.94266e+11
214, 8.83167e+11
215, 8.83167e+11
216, 8.83167e+11
217, 8.83167e+11
218, 8.83167e+11
219, 8.22291e+11
220, 8.12795e+11
221, 8.12795e+11
222, 8.12795e+11
223, 8.12795e+11
224, 8.12795e+11
225, 8.12795e+11
226, 8.12795e+11
227, 8.12795e+11
228, 8.12795e+11
229, 8.12795e+11
230, 8.12795e+11
231, 8.12795e+11
232, 8.12795e+11
233, 8.12795e+11
234, 8.12795e+11
235, 8.12795e+11
236, 8.12795e+11
237, 8.12795e+11
238, 7.9493e+11
239, 7.79719e+11
240, 7.79719e+11
241, 7.79719e+11
242, 7.79719e+11
243, 7.79719e+11
244, 7.79719e+11
245, 7.79719e+11
246, 7.79719e+11
247, 7.79719e+11
248, 7.79719e+11
249, 7.4128e+11
250, 7.4128e+11
251, 7.4128e+11
252, 7.4128e+11
253, 7.4128e+11
254, 7.4128e+11
255, 7.4128e+11
256, 7.4128e+11
257, 7.4128e+11
258, 7.4128e+11
259, 7.4128e+11
260, 7.4128e+11
261, 7.4128e+11
262, 7.4128e+11
263, 7.4128e+11
264, 7.4128e+11
265, 7.4128e+11
266, 7.4128e+11
267, 7.4128e+11
268, 7.4128e+11
269, 7.4128e+11
270, 7.4128e+11
271, 7.4128e+11
272, 7.4128e+11
273, 7.4128e+11
274, 7.4128e+11
275, 7.4128e+11
276, 7.4128e+11
277, 7.4128e+11
278, 7.4128e+11
279, 7.4128e+11
280, 7.4128e+11
281, 7.4128e+11
282, 7.38317e+11
283, 7.38317e+11
284, 7.38317e+11
285, 7.38317e+11
286, 7.38317e+11
287, 7.38317e+11
288, 7.38317e+11
289, 7.38317e+11
290, 7.38317e+11
291, 7.38317e+11
292, 7.38317e+11
293, 7.38317e+11
294, 7.38317e+11
295, 7.38317e+11
296, 7.38317e+11
297, 7.38317e+11
298, 7.38317e+11
299, 7.38317e+11
300, 7.38317e+11
301, 7.36653e+11
302, 6.78123e+11
303, 6.77712e+11
304, 6.77712e+11
305, 6.77712e+11
306, 6.72282e+11
307, 6.72282e+11
308, 6.24308e+11
309, 6.24308e+11
310, 6.24308e+11
311, 6.24308e+11
312, 6.24308e+11
313, 6.24308e+11
314, 6.24308e+11
315, 6.24308e+11
316, 6.24308e+11
317, 6.24308e+11
318, 6.24308e+11
319, 6.24308e+11
320, 6.24308e+11
321, 6.24308e+11
322, 6.24308e+11
323, 6.24308e+11
324, 6.24308e+11
325, 5.96009e+11
326, 5.96009e+11
327, 5.96009e+11
328, 5.96009e+11
329, 5.96009e+11
330, 5.96009e+11
331, 5.96009e+11
