Iteration, BestFitness
0, 3.36872e+12
1, 3.36872e+12
2, 3.36872e+12
3, 3.07521e+12
4, 3.07521e+12
5, 3.07521e+12
6, 2.3944e+12
7, 1.87446e+12
8, 1.7908e+12
9, 1.52236e+12
10, 1.52236e+12
11, 1.52236e+12
12, 1.28753e+12
13, 1.15399e+12
14, 1.15399e+12
15, 1.00585e+12
16, 9.58106e+11
17, 9.51026e+11
18, 9.51026e+11
19, 9.51026e+11
20, 9.51026e+11
21, 9.51026e+11
22, 9.51026e+11
23, 8.04747e+11
24, 6.36782e+11
25, 6.2661e+11
26, 6.23604e+11
27, 5.97308e+11
28, 5.97308e+11
29, 5.97308e+11
30, 4.81803e+11
31, 4.81803e+11
32, 4.81803e+11
33, 3.9977e+11
34, 3.9977e+11
35, 3.9977e+11
36, 3.9977e+11
37, 3.9977e+11
38, 3.67396e+11
39, 3.67396e+11
40, 3.27491e+11
41, 3.22749e+11
42, 3.22749e+11
43, 3.22749e+11
44, 3.22749e+11
45, 3.22749e+11
46, 3.22749e+11
47, 3.1336e+11
48, 2.5334e+11
49, 2.40535e+11
50, 2.40535e+11
51, 2.40535e+11
52, 2.40535e+11
53, 2.27028e+11
54, 2.27028e+11
55, 1.96523e+11
56, 1.96523e+11
57, 1.96523e+11
58, 1.96523e+11
59, 1.96523e+11
60, 1.96523e+11
61, 1.96523e+11
62, 1.86369e+11
63, 1.82933e+11
64, 1.82933e+11
65, 1.82933e+11
66, 1.53095e+11
67, 1.53095e+11
68, 1.53095e+11
69, 1.53095e+11
70, 1.53095e+11
71, 1.48862e+11
72, 1.40677e+11
73, 1.40677e+11
74, 1.40677e+11
75, 1.38448e+11
76, 1.38448e+11
77, 1.38448e+11
78, 1.38448e+11
79, 1.38448e+11
80, 1.38448e+11
81, 1.38448e+11
82, 1.38448e+11
83, 1.38448e+11
84, 1.29277e+11
85, 1.26318e+11
86, 1.26318e+11
87, 1.26318e+11
88, 1.26318e+11
89, 1.26318e+11
90, 1.26318e+11
91, 1.26318e+11
92, 1.26318e+11
93, 1.26318e+11
94, 1.26318e+11
95, 1.26318e+11
96, 1.26318e+11
97, 1.26318e+11
98, 1.26318e+11
99, 1.26318e+11
100, 1.26318e+11
101, 1.26318e+11
102, 1.26318e+11
103, 1.26318e+11
104, 1.23485e+11
105, 1.15243e+11
106, 1.15243e+11
107, 1.15243e+11
108, 1.15243e+11
109, 1.1461e+11
110, 1.1461e+11
111, 1.1461e+11
112, 1.1461e+11
113, 1.1461e+11
114, 1.1461e+11
115, 1.1461e+11
116, 1.1461e+11
117, 1.1461e+11
118, 1.1461e+11
119, 1.1461e+11
120, 1.1461e+11
121, 1.1461e+11
122, 1.1461e+11
123, 1.1461e+11
124, 1.1461e+11
125, 1.1461e+11
126, 1.1461e+11
127, 1.11433e+11
128, 1.09518e+11
129, 1.09518e+11
130, 1.09518e+11
131, 1.09518e+11
132, 1.09518e+11
133, 1.09518e+11
134, 1.09518e+11
135, 1.09518e+11
136, 1.09518e+11
137, 1.09518e+11
138, 1.09518e+11
139, 1.09518e+11
140, 1.09518e+11
141, 1.09518e+11
142, 1.09518e+11
143, 1.09518e+11
144, 1.09518e+11
145, 1.05689e+11
146, 1.05689e+11
147, 1.05689e+11
148, 1.05689e+11
149, 1.05689e+11
150, 1.05689e+11
151, 1.05689e+11
152, 1.02592e+11
153, 9.98378e+10
154, 9.98378e+10
155, 9.98378e+10
156, 9.98378e+10
157, 9.98378e+10
158, 9.98378e+10
159, 9.98378e+10
160, 9.98378e+10
161, 9.98378e+10
162, 9.66833e+10
163, 9.66833e+10
164, 9.66833e+10
165, 9.66833e+10
166, 9.66833e+10
167, 9.66833e+10
168, 9.66833e+10
169, 9.66833e+10
170, 9.66833e+10
171, 9.66833e+10
172, 9.66833e+10
173, 9.66833e+10
174, 9.66833e+10
175, 9.66833e+10
176, 9.66833e+10
177, 9.66833e+10
178, 9.66833e+10
179, 9.66833e+10
180, 9.66833e+10
181, 9.66833e+10
182, 9.66833e+10
183, 9.66833e+10
184, 9.66833e+10
185, 9.66833e+10
186, 9.66833e+10
187, 9.60991e+10
188, 8.78636e+10
189, 8.78636e+10
190, 8.78636e+10
191, 8.78636e+10
192, 8.77349e+10
193, 8.77349e+10
194, 8.77349e+10
195, 8.77349e+10
196, 8.77349e+10
197, 8.50327e+10
198, 8.50327e+10
199, 8.50327e+10
200, 8.50327e+10
201, 8.50327e+10
202, 8.50327e+10
203, 8.50327e+10
204, 8.50327e+10
205, 8.29863e+10
206, 7.97284e+10
207, 7.97284e+10
208, 7.97284e+10
209, 7.97284e+10
210, 7.97284e+10
211, 7.97284e+10
212, 7.97284e+10
213, 7.97284e+10
214, 7.97284e+10
215, 7.97284e+10
216, 7.97284e+10
217, 7.97284e+10
218, 7.82958e+10
219, 7.82958e+10
220, 7.82958e+10
221, 7.82958e+10
222, 7.82958e+10
223, 7.82958e+10
224, 7.82958e+10
225, 7.82958e+10
226, 7.82958e+10
227, 7.82958e+10
228, 7.82958e+10
229, 7.19236e+10
230, 7.19236e+10
231, 7.19236e+10
232, 7.19236e+10
233, 7.19236e+10
234, 7.19236e+10
235, 7.19236e+10
236, 7.19236e+10
237, 7.19236e+10
238, 7.19236e+10
239, 7.19236e+10
240, 7.19236e+10
241, 7.19236e+10
242, 7.19236e+10
243, 7.19236e+10
244, 7.19236e+10
245, 7.19236e+10
246, 7.19236e+10
247, 7.19236e+10
248, 7.19236e+10
249, 7.19236e+10
250, 7.19236e+10
251, 7.19236e+10
252, 7.19236e+10
253, 7.19236e+10
254, 7.19236e+10
255, 7.19236e+10
256, 7.19236e+10
257, 7.19236e+10
258, 7.19236e+10
259, 7.19236e+10
260, 7.19236e+10
261, 7.19236e+10
262, 7.19236e+10
263, 7.19236e+10
264, 7.19236e+10
265, 7.19236e+10
266, 7.19236e+10
267, 7.19236e+10
268, 7.19236e+10
269, 7.19236e+10
270, 7.19236e+10
271, 7.19236e+10
272, 7.19236e+10
273, 7.19236e+10
274, 7.19236e+10
275, 7.19236e+10
276, 7.19236e+10
277, 7.19236e+10
278, 7.19236e+10
279, 7.19236e+10
280, 7.19236e+10
281, 7.19236e+10
282, 7.19236e+10
283, 7.19236e+10
284, 7.19236e+10
285, 7.19106e+10
286, 7.19106e+10
287, 7.09227e+10
288, 7.09227e+10
289, 7.09227e+10
290, 7.09227e+10
291, 7.09227e+10
292, 7.09227e+10
293, 7.09227e+10
294, 7.09227e+10
295, 7.09227e+10
296, 7.09227e+10
297, 7.09227e+10
298, 7.09227e+10
299, 7.09227e+10
300, 7.09227e+10
301, 7.09227e+10
302, 7.09227e+10
303, 7.09227e+10
304, 7.09227e+10
305, 7.09227e+10
306, 7.09227e+10
307, 7.09227e+10
308, 7.09227e+10
309, 7.09227e+10
310, 7.09227e+10
311, 7.09227e+10
312, 7.09227e+10
313, 7.09227e+10
314, 7.09227e+10
315, 7.09227e+10
316, 7.09227e+10
317, 7.09227e+10
318, 7.09227e+10
319, 7.09227e+10
320, 7.09227e+10
321, 7.09227e+10
322, 7.09227e+10
323, 7.09227e+10
324, 7.09227e+10
325, 7.09227e+10
326, 7.09227e+10
327, 7.09227e+10
328, 7.09227e+10
329, 7.09227e+10
330, 7.09227e+10
331, 7.09227e+10
332, 7.09227e+10
333, 7.09227e+10
334, 7.09227e+10
335, 7.09227e+10
336, 7.09227e+10
337, 7.09227e+10
338, 7.09227e+10
339, 7.09227e+10
340, 7.09227e+10
341, 7.09227e+10
342, 7.09227e+10
343, 7.09227e+10
344, 7.09227e+10
345, 7.09227e+10
346, 7.09227e+10
347, 7.09227e+10
348, 7.09227e+10
349, 7.09227e+10
350, 7.09227e+10
351, 7.09227e+10
352, 7.09227e+10
353, 7.09227e+10
354, 7.09227e+10
355, 7.09227e+10
356, 7.09227e+10
357, 7.09227e+10
358, 7.09227e+10
359, 7.09227e+10
360, 7.09227e+10
361, 7.09227e+10
362, 7.09227e+10
363, 7.09227e+10
364, 7.09227e+10
365, 7.09227e+10
366, 7.09227e+10
367, 7.09227e+10
368, 7.09227e+10
369, 7.09227e+10
370, 7.09227e+10
371, 7.09227e+10
372, 7.09227e+10
373, 7.09227e+10
374, 7.09227e+10
375, 7.09227e+10
376, 7.09227e+10
377, 7.09227e+10
378, 7.09227e+10
379, 7.09227e+10
380, 7.09227e+10
381, 7.09227e+10
382, 7.09227e+10
383, 7.09227e+10
384, 7.09227e+10
385, 7.09227e+10
386, 7.09227e+10
387, 7.09227e+10
388, 7.09227e+10
389, 7.09227e+10
390, 7.09227e+10
391, 7.09227e+10
392, 7.09227e+10
393, 7.09227e+10
394, 7.09227e+10
395, 7.09227e+10
396, 7.09227e+10
397, 7.09227e+10
398, 7.09227e+10
399, 7.09227e+10
400, 7.09227e+10
401, 7.09227e+10
402, 7.09227e+10
403, 7.09227e+10
404, 7.09227e+10
405, 7.07224e+10
406, 7.07224e+10
407, 7.07224e+10
408, 7.07224e+10
409, 6.9996e+10
410, 6.9996e+10
411, 6.9996e+10
412, 6.9996e+10
413, 6.9996e+10
414, 6.9996e+10
415, 6.9996e+10
416, 6.9996e+10
417, 6.9996e+10
418, 6.9996e+10
419, 6.9996e+10
420, 6.9996e+10
421, 6.9996e+10
422, 6.9996e+10
423, 6.9996e+10
424, 6.9996e+10
425, 6.9996e+10
426, 6.9996e+10
427, 6.9996e+10
428, 6.9996e+10
429, 6.9996e+10
430, 6.9996e+10
431, 6.9996e+10
432, 6.9996e+10
433, 6.9996e+10
434, 6.9996e+10
435, 6.9996e+10
436, 6.9996e+10
437, 6.9996e+10
438, 6.9996e+10
439, 6.9996e+10
440, 6.9996e+10
441, 6.9996e+10
442, 6.9996e+10
443, 6.9996e+10
444, 6.9996e+10
445, 6.9996e+10
446, 6.9996e+10
447, 6.9996e+10
448, 6.9996e+10
449, 6.9996e+10
450, 6.9996e+10
451, 6.9996e+10
452, 6.9996e+10
453, 6.9996e+10
454, 6.9996e+10
455, 6.9996e+10
456, 6.9996e+10
457, 6.9996e+10
458, 6.9996e+10
459, 6.9996e+10
460, 6.9996e+10
461, 6.9996e+10
462, 6.9996e+10
463, 6.9996e+10
464, 6.9996e+10
465, 6.9996e+10
466, 6.9996e+10
467, 6.9996e+10
468, 6.9996e+10
469, 6.9996e+10
470, 6.9996e+10
471, 6.9996e+10
472, 6.9996e+10
473, 6.9996e+10
474, 6.9996e+10
475, 6.9996e+10
476, 6.9996e+10
477, 6.9996e+10
478, 6.9996e+10
479, 6.9996e+10
480, 6.9996e+10
481, 6.9996e+10
482, 6.9996e+10
483, 6.9996e+10
484, 6.9996e+10
485, 6.9996e+10
486, 6.9996e+10
487, 6.9996e+10
488, 6.9996e+10
489, 6.9996e+10
490, 6.9996e+10
491, 6.9996e+10
492, 6.9996e+10
493, 6.9996e+10
494, 6.9996e+10
495, 6.9996e+10
496, 6.9996e+10
