Iteration, BestFitness
0, 6.5781e+15
1, 6.5781e+15
2, 2.53979e+14
3, 2.2698e+14
4, 2.2698e+14
5, 1.39748e+14
6, 2.54842e+13
7, 2.54842e+13
8, 2.54842e+13
9, 2.54842e+13
10, 2.54842e+13
11, 2.54842e+13
12, 2.54842e+13
13, 4.46354e+12
14, 4.46354e+12
15, 3.40902e+12
16, 3.40902e+12
17, 3.40902e+12
18, 3.18546e+12
19, 1.46271e+12
20, 6.67105e+11
21, 6.67105e+11
22, 6.67105e+11
23, 6.67105e+11
24, 6.67105e+11
25, 6.67105e+11
26, 6.67105e+11
27, 4.97815e+11
28, 3.62173e+11
29, 3.62173e+11
30, 3.62173e+11
31, 3.62173e+11
32, 3.62173e+11
33, 3.62173e+11
34, 3.62173e+11
35, 1.8552e+11
36, 1.26112e+11
37, 1.26112e+11
38, 1.26112e+11
39, 1.26112e+11
40, 1.26112e+11
41, 1.26112e+11
42, 1.26112e+11
43, 1.26112e+11
44, 1.04902e+11
45, 8.53622e+10
46, 8.09706e+10
47, 8.09706e+10
48, 8.09706e+10
49, 8.09706e+10
50, 8.09706e+10
51, 8.09706e+10
52, 8.09706e+10
53, 8.09706e+10
54, 8.09706e+10
55, 7.95628e+10
56, 7.95628e+10
57, 7.94993e+10
58, 6.99475e+10
59, 6.99475e+10
60, 6.49982e+10
61, 6.49982e+10
62, 6.49982e+10
63, 6.49982e+10
64, 6.49982e+10
65, 6.49982e+10
66, 6.49982e+10
67, 6.23724e+10
68, 6.23724e+10
69, 4.76066e+10
70, 4.76066e+10
71, 4.76066e+10
72, 4.76066e+10
73, 4.76066e+10
74, 4.76066e+10
75, 4.61353e+10
76, 4.61353e+10
77, 4.61353e+10
78, 4.59658e+10
79, 3.87118e+10
80, 3.61478e+10
81, 3.61478e+10
82, 3.61478e+10
83, 3.61478e+10
84, 3.61478e+10
85, 3.61478e+10
86, 3.61478e+10
87, 3.61478e+10
88, 3.61478e+10
89, 3.61478e+10
90, 3.61478e+10
91, 3.61478e+10
92, 3.61478e+10
93, 3.61478e+10
94, 3.61478e+10
95, 3.61478e+10
96, 3.61478e+10
97, 3.61478e+10
98, 3.61478e+10
99, 3.61478e+10
100, 3.61478e+10
101, 3.61478e+10
102, 3.61478e+10
103, 3.61478e+10
104, 3.61478e+10
105, 3.61478e+10
106, 3.61478e+10
107, 3.61478e+10
108, 3.61478e+10
109, 3.61478e+10
110, 3.61478e+10
111, 3.61478e+10
112, 3.09055e+10
113, 3.09055e+10
114, 3.09055e+10
115, 3.09055e+10
116, 3.09055e+10
117, 3.09055e+10
118, 3.09055e+10
119, 3.09055e+10
120, 3.09055e+10
121, 3.09055e+10
122, 3.09055e+10
123, 3.09055e+10
124, 3.09055e+10
125, 3.09055e+10
126, 3.09055e+10
127, 3.09055e+10
128, 3.09055e+10
129, 3.09055e+10
130, 3.09055e+10
131, 3.09055e+10
132, 3.09055e+10
133, 3.09055e+10
134, 3.09055e+10
135, 3.09055e+10
136, 3.09055e+10
137, 3.09055e+10
138, 3.09055e+10
139, 3.09055e+10
140, 3.09055e+10
141, 3.09055e+10
142, 3.09055e+10
143, 3.09055e+10
144, 3.09055e+10
145, 3.09055e+10
146, 3.09055e+10
147, 3.09055e+10
148, 3.09055e+10
149, 3.09055e+10
150, 3.09055e+10
151, 3.09055e+10
152, 3.09055e+10
153, 3.09055e+10
154, 3.09055e+10
155, 3.09055e+10
156, 3.09055e+10
157, 3.09055e+10
158, 3.09055e+10
159, 3.09055e+10
160, 3.09055e+10
161, 3.09055e+10
162, 3.09055e+10
163, 3.09055e+10
164, 3.09055e+10
165, 3.09055e+10
166, 3.09055e+10
167, 3.09055e+10
168, 3.09055e+10
169, 3.09055e+10
170, 3.09055e+10
171, 3.09055e+10
172, 3.09055e+10
173, 3.09055e+10
174, 3.09055e+10
175, 3.09055e+10
176, 3.09055e+10
177, 3.09055e+10
178, 3.09055e+10
179, 3.09055e+10
180, 3.09055e+10
181, 3.09055e+10
182, 3.09055e+10
183, 3.09055e+10
184, 3.09055e+10
185, 3.09055e+10
186, 3.09055e+10
187, 3.09055e+10
188, 3.09055e+10
189, 3.09055e+10
190, 3.09055e+10
191, 3.09055e+10
192, 3.09055e+10
193, 3.09055e+10
194, 3.09055e+10
195, 3.09055e+10
196, 3.09055e+10
197, 3.09055e+10
198, 3.09055e+10
199, 3.09055e+10
200, 3.09055e+10
201, 3.09055e+10
202, 3.09055e+10
203, 3.09055e+10
204, 3.09055e+10
205, 3.09055e+10
206, 3.09055e+10
207, 3.09055e+10
208, 3.09055e+10
209, 3.09055e+10
210, 3.09055e+10
211, 3.09055e+10
212, 3.09055e+10
213, 3.09055e+10
214, 3.09055e+10
215, 3.09055e+10
216, 3.09055e+10
217, 3.09055e+10
218, 3.09055e+10
219, 3.09055e+10
220, 3.09055e+10
221, 3.09055e+10
222, 3.09055e+10
223, 3.09055e+10
224, 3.09055e+10
225, 3.09055e+10
226, 3.09055e+10
227, 3.09055e+10
228, 3.09055e+10
229, 3.09055e+10
230, 3.09055e+10
231, 3.09055e+10
232, 3.09055e+10
233, 3.09055e+10
234, 3.09055e+10
235, 3.09055e+10
236, 3.09055e+10
237, 3.09055e+10
238, 3.09055e+10
239, 3.09055e+10
240, 3.09055e+10
241, 3.09055e+10
242, 3.09055e+10
243, 3.09055e+10
244, 3.09055e+10
245, 3.09055e+10
246, 3.09055e+10
247, 3.09055e+10
248, 3.09055e+10
249, 3.09055e+10
250, 3.09055e+10
251, 3.09055e+10
252, 3.09055e+10
253, 3.09055e+10
254, 3.09055e+10
255, 3.09055e+10
256, 3.09055e+10
257, 3.09055e+10
258, 3.09055e+10
259, 3.09055e+10
260, 3.09055e+10
261, 3.09055e+10
262, 3.09055e+10
263, 3.09055e+10
264, 3.09055e+10
265, 3.09055e+10
266, 3.09055e+10
267, 3.09055e+10
268, 3.09055e+10
269, 3.09055e+10
270, 3.09055e+10
271, 3.09055e+10
272, 3.09055e+10
273, 3.09055e+10
274, 3.09055e+10
275, 3.09055e+10
276, 3.09055e+10
277, 3.09055e+10
278, 3.09055e+10
279, 3.09055e+10
280, 3.09055e+10
281, 3.09055e+10
282, 3.09055e+10
283, 3.09055e+10
284, 3.09055e+10
285, 3.09055e+10
286, 3.09055e+10
287, 3.09055e+10
288, 3.09055e+10
289, 3.09055e+10
290, 3.09055e+10
291, 3.09055e+10
292, 3.09055e+10
293, 3.09055e+10
294, 3.09055e+10
295, 3.09055e+10
296, 3.09055e+10
297, 3.09055e+10
298, 3.09055e+10
299, 3.09055e+10
300, 3.09055e+10
301, 3.09055e+10
302, 3.09055e+10
303, 3.09055e+10
304, 3.09055e+10
305, 3.09055e+10
306, 3.09055e+10
307, 3.09055e+10
308, 3.09055e+10
309, 3.09055e+10
310, 3.09055e+10
311, 3.09055e+10
312, 3.09055e+10
313, 3.09055e+10
314, 3.09055e+10
315, 3.09055e+10
316, 3.09055e+10
317, 3.09055e+10
318, 3.09055e+10
319, 3.09055e+10
320, 3.09055e+10
321, 3.09055e+10
322, 3.09055e+10
323, 3.09055e+10
324, 3.09055e+10
325, 3.09055e+10
326, 3.09055e+10
327, 3.09055e+10
328, 3.09055e+10
329, 3.09055e+10
330, 3.09055e+10
331, 3.05203e+10
332, 3.05203e+10
333, 3.05203e+10
334, 3.05203e+10
335, 3.05203e+10
336, 3.05203e+10
337, 3.05203e+10
338, 3.05203e+10
339, 2.83031e+10
340, 2.83031e+10
341, 2.83031e+10
342, 2.83031e+10
343, 2.83031e+10
344, 2.65157e+10
345, 2.65157e+10
346, 2.65157e+10
347, 2.65157e+10
348, 2.65157e+10
349, 2.65157e+10
350, 2.65157e+10
351, 2.65157e+10
352, 2.65157e+10
353, 2.65157e+10
354, 2.65157e+10
355, 2.65157e+10
356, 2.65157e+10
357, 2.65157e+10
358, 2.65157e+10
359, 2.65157e+10
360, 2.65157e+10
361, 2.65157e+10
362, 2.65157e+10
363, 2.65157e+10
364, 2.65157e+10
365, 2.65157e+10
366, 2.65157e+10
367, 2.65157e+10
368, 2.65157e+10
369, 2.65157e+10
370, 2.65157e+10
371, 2.65157e+10
372, 2.65157e+10
373, 2.65157e+10
374, 2.65157e+10
375, 2.65157e+10
376, 2.65157e+10
377, 2.65157e+10
378, 2.65157e+10
379, 2.65157e+10
380, 2.65157e+10
381, 2.65157e+10
382, 2.65157e+10
383, 2.65157e+10
384, 2.65157e+10
385, 2.65157e+10
386, 2.65157e+10
387, 2.65157e+10
388, 2.65157e+10
389, 2.65157e+10
390, 2.65157e+10
391, 2.65157e+10
392, 2.65157e+10
393, 2.65157e+10
394, 2.65157e+10
395, 2.65157e+10
396, 2.65157e+10
397, 2.65157e+10
398, 2.65157e+10
399, 2.65157e+10
400, 2.65157e+10
401, 2.65157e+10
402, 2.65157e+10
403, 2.65157e+10
404, 2.65157e+10
405, 2.65157e+10
406, 2.65157e+10
407, 2.65157e+10
408, 2.65157e+10
409, 2.65157e+10
410, 2.65157e+10
411, 2.65157e+10
412, 2.65157e+10
413, 2.65157e+10
414, 2.65157e+10
415, 2.65157e+10
416, 2.65157e+10
417, 2.65157e+10
418, 2.65157e+10
419, 2.65157e+10
420, 2.65157e+10
421, 2.65157e+10
422, 2.65157e+10
423, 2.65157e+10
424, 2.65157e+10
425, 2.65157e+10
426, 2.65157e+10
427, 2.65157e+10
428, 2.65157e+10
429, 2.65157e+10
430, 2.65157e+10
431, 2.65157e+10
432, 2.65157e+10
433, 2.65157e+10
434, 2.65157e+10
435, 2.65157e+10
436, 2.65157e+10
437, 2.65157e+10
438, 2.65157e+10
439, 2.65157e+10
440, 2.65157e+10
441, 2.65157e+10
442, 2.65157e+10
443, 2.65157e+10
444, 2.65157e+10
445, 2.65157e+10
446, 2.65157e+10
447, 2.65157e+10
448, 2.65157e+10
449, 2.65157e+10
450, 2.65157e+10
451, 2.65157e+10
452, 2.65157e+10
453, 2.65157e+10
454, 2.65157e+10
455, 2.65157e+10
456, 2.65157e+10
457, 2.65157e+10
458, 2.65157e+10
459, 2.65157e+10
460, 2.65157e+10
461, 2.65157e+10
462, 2.65157e+10
463, 2.65157e+10
464, 2.65157e+10
465, 2.65157e+10
466, 2.65157e+10
467, 2.65157e+10
468, 2.65157e+10
469, 2.65157e+10
470, 2.65157e+10
471, 2.65157e+10
472, 2.65157e+10
473, 2.65157e+10
474, 2.65157e+10
475, 2.65157e+10
476, 2.65157e+10
477, 2.65157e+10
478, 2.65157e+10
479, 2.65157e+10
480, 2.65157e+10
481, 2.65157e+10
482, 2.65157e+10
483, 2.65157e+10
484, 2.65157e+10
485, 2.65157e+10
486, 2.65157e+10
487, 2.65157e+10
488, 2.65157e+10
489, 2.65157e+10
490, 2.65157e+10
491, 2.65157e+10
492, 2.65157e+10
493, 2.65157e+10
494, 2.65157e+10
495, 2.65157e+10
496, 2.65157e+10
