Iteration, BestFitness
0, 3.8261e+12
1, 3.8261e+12
2, 3.64601e+12
3, 3.51206e+12
4, 3.51206e+12
5, 2.92212e+12
6, 2.52378e+12
7, 2.32563e+12
8, 2.32563e+12
9, 2.32563e+12
10, 2.32563e+12
11, 2.16637e+12
12, 1.637e+12
13, 1.42058e+12
14, 1.38591e+12
15, 1.37875e+12
16, 1.22808e+12
17, 1.18277e+12
18, 1.16144e+12
19, 8.35419e+11
20, 8.06338e+11
21, 8.06338e+11
22, 7.76049e+11
23, 7.53505e+11
24, 7.53505e+11
25, 7.53505e+11
26, 6.9994e+11
27, 6.10301e+11
28, 6.10301e+11
29, 6.10301e+11
30, 5.75605e+11
31, 5.74034e+11
32, 5.0094e+11
33, 4.5164e+11
34, 4.5164e+11
35, 4.5164e+11
36, 3.89898e+11
37, 3.59473e+11
38, 3.59473e+11
39, 3.59473e+11
40, 3.59473e+11
41, 3.59473e+11
42, 3.59473e+11
43, 3.35813e+11
44, 2.9522e+11
45, 2.74434e+11
46, 2.74434e+11
47, 2.63473e+11
48, 2.55644e+11
49, 2.55644e+11
50, 2.55644e+11
51, 2.55644e+11
52, 2.55644e+11
53, 2.25011e+11
54, 2.03568e+11
55, 2.03568e+11
56, 2.00286e+11
57, 1.98851e+11
58, 1.98688e+11
59, 1.98688e+11
60, 1.98688e+11
61, 1.98688e+11
62, 1.98688e+11
63, 1.96263e+11
64, 1.945e+11
65, 1.945e+11
66, 1.945e+11
67, 1.84929e+11
68, 1.78468e+11
69, 1.77613e+11
70, 1.77613e+11
71, 1.77613e+11
72, 1.77613e+11
73, 1.77613e+11
74, 1.74565e+11
75, 1.48476e+11
76, 1.48476e+11
77, 1.48476e+11
78, 1.48476e+11
79, 1.48476e+11
80, 1.48476e+11
81, 1.48476e+11
82, 1.48476e+11
83, 1.48476e+11
84, 1.48476e+11
85, 1.48476e+11
86, 1.48476e+11
87, 1.48476e+11
88, 1.48476e+11
89, 1.48476e+11
90, 1.48476e+11
91, 1.40371e+11
92, 1.40371e+11
93, 1.40371e+11
94, 1.34486e+11
95, 1.34486e+11
96, 1.34486e+11
97, 1.34486e+11
98, 1.34486e+11
99, 1.34486e+11
100, 1.34486e+11
101, 1.34486e+11
102, 1.31604e+11
103, 1.31604e+11
104, 1.31604e+11
105, 1.31604e+11
106, 1.31604e+11
107, 1.31604e+11
108, 1.31604e+11
109, 1.25577e+11
110, 1.25577e+11
111, 1.25577e+11
112, 1.25577e+11
113, 1.25577e+11
114, 1.25577e+11
115, 1.25577e+11
116, 1.25577e+11
117, 1.25577e+11
118, 1.25577e+11
119, 1.25577e+11
120, 1.25577e+11
121, 1.25577e+11
122, 1.25577e+11
123, 1.25577e+11
124, 1.25577e+11
125, 1.25577e+11
126, 1.25577e+11
127, 1.25577e+11
128, 1.25577e+11
129, 1.25577e+11
130, 1.25577e+11
131, 1.25577e+11
132, 1.18827e+11
133, 1.18827e+11
134, 1.18827e+11
135, 1.18827e+11
136, 1.18827e+11
137, 1.16287e+11
138, 1.14196e+11
139, 1.14196e+11
140, 1.14196e+11
141, 1.14196e+11
142, 1.14196e+11
143, 1.14196e+11
144, 1.14196e+11
145, 1.14196e+11
146, 1.14196e+11
147, 1.09662e+11
148, 1.09662e+11
149, 1.09662e+11
150, 1.09662e+11
151, 1.09662e+11
152, 1.09662e+11
153, 1.09662e+11
154, 1.09662e+11
155, 1.09662e+11
156, 1.09662e+11
157, 1.09662e+11
158, 1.09662e+11
159, 1.09662e+11
160, 1.09662e+11
161, 1.09662e+11
162, 1.00279e+11
163, 1.00279e+11
164, 1.00279e+11
165, 1.00279e+11
166, 1.00279e+11
167, 1.00279e+11
168, 1.00279e+11
169, 1.00279e+11
170, 1.00279e+11
171, 1.00279e+11
172, 1.00279e+11
173, 1.00279e+11
174, 1.00279e+11
175, 1.00279e+11
176, 1.00279e+11
177, 1.00279e+11
178, 1.00279e+11
179, 1.00279e+11
180, 1.00279e+11
181, 1.00279e+11
182, 1.00279e+11
183, 1.00279e+11
184, 1.00279e+11
185, 9.96405e+10
186, 9.8912e+10
187, 9.85966e+10
188, 9.78951e+10
189, 9.78951e+10
190, 9.59659e+10
191, 9.59659e+10
192, 9.59659e+10
193, 9.59659e+10
194, 9.59659e+10
195, 9.59659e+10
196, 9.59659e+10
197, 9.40813e+10
198, 8.90308e+10
199, 8.90308e+10
200, 8.89917e+10
201, 8.89917e+10
202, 8.89917e+10
203, 8.89917e+10
204, 8.89917e+10
205, 8.89917e+10
206, 8.89917e+10
207, 8.89917e+10
208, 8.89917e+10
209, 8.89917e+10
210, 8.89917e+10
211, 8.89917e+10
212, 8.89917e+10
213, 8.89917e+10
214, 8.89917e+10
215, 8.87323e+10
216, 8.87323e+10
217, 8.87323e+10
218, 8.87323e+10
219, 8.87323e+10
220, 8.87323e+10
221, 8.87323e+10
222, 8.87323e+10
223, 8.87323e+10
224, 8.87323e+10
225, 8.87323e+10
226, 8.87323e+10
227, 8.74339e+10
228, 8.74339e+10
229, 8.74339e+10
230, 8.74339e+10
231, 8.74339e+10
232, 8.74339e+10
233, 8.74339e+10
234, 8.74339e+10
235, 8.74339e+10
236, 8.74339e+10
237, 8.74339e+10
238, 8.74339e+10
239, 8.74339e+10
240, 8.74339e+10
241, 8.74339e+10
242, 8.74339e+10
243, 8.74339e+10
244, 8.65105e+10
245, 8.65105e+10
246, 8.65105e+10
247, 8.65105e+10
248, 8.65105e+10
249, 8.65105e+10
250, 8.65105e+10
251, 8.65105e+10
252, 8.65105e+10
253, 8.65105e+10
254, 8.65105e+10
255, 8.65105e+10
256, 8.65105e+10
257, 8.65105e+10
258, 8.65105e+10
259, 8.65105e+10
260, 8.65105e+10
261, 8.65105e+10
262, 8.65105e+10
263, 8.65105e+10
264, 8.65105e+10
265, 8.65105e+10
266, 8.65105e+10
267, 8.65105e+10
268, 8.65105e+10
269, 8.65105e+10
270, 8.65105e+10
271, 8.65105e+10
272, 8.65105e+10
273, 8.65105e+10
274, 8.65105e+10
275, 8.65105e+10
276, 8.65105e+10
277, 8.65105e+10
278, 8.65105e+10
279, 8.65105e+10
280, 8.65105e+10
281, 8.65105e+10
282, 8.65105e+10
283, 8.65105e+10
284, 8.65105e+10
285, 8.65105e+10
286, 8.65105e+10
287, 8.65105e+10
288, 8.65105e+10
289, 8.65105e+10
290, 8.65105e+10
291, 8.65105e+10
292, 8.65105e+10
293, 8.65105e+10
294, 8.65105e+10
295, 8.65105e+10
296, 8.65105e+10
297, 8.65105e+10
298, 8.65105e+10
299, 8.65105e+10
300, 8.65105e+10
301, 8.65105e+10
302, 8.65105e+10
303, 8.65105e+10
304, 8.65105e+10
305, 8.65105e+10
306, 8.65105e+10
307, 8.65105e+10
308, 8.65105e+10
309, 8.65105e+10
310, 8.65105e+10
311, 8.65105e+10
312, 8.65105e+10
313, 8.65105e+10
314, 8.65105e+10
315, 8.65105e+10
316, 8.65105e+10
317, 8.65105e+10
318, 8.65105e+10
319, 8.65105e+10
320, 8.65105e+10
321, 8.65105e+10
322, 8.65105e+10
323, 8.65105e+10
324, 8.58376e+10
325, 8.58376e+10
326, 8.58376e+10
327, 8.58376e+10
328, 8.58376e+10
329, 8.58376e+10
330, 8.58376e+10
331, 8.58376e+10
332, 8.58376e+10
333, 8.58376e+10
334, 8.58376e+10
335, 8.58376e+10
336, 8.58376e+10
337, 8.58376e+10
338, 8.58376e+10
339, 8.58376e+10
340, 8.58376e+10
341, 8.58376e+10
342, 8.58376e+10
343, 8.58376e+10
344, 8.58376e+10
345, 8.58376e+10
346, 8.58376e+10
347, 8.58376e+10
348, 8.58376e+10
349, 8.58376e+10
350, 8.58376e+10
351, 8.58376e+10
352, 8.58376e+10
353, 8.58376e+10
354, 8.58376e+10
355, 8.58376e+10
356, 8.58376e+10
357, 8.58376e+10
358, 8.58376e+10
359, 8.58376e+10
360, 8.58376e+10
361, 8.58376e+10
362, 8.58376e+10
363, 8.58376e+10
364, 8.58376e+10
365, 8.58376e+10
366, 8.58376e+10
367, 8.58376e+10
368, 8.58376e+10
369, 8.58376e+10
370, 8.58376e+10
371, 8.58376e+10
372, 8.58376e+10
373, 8.58376e+10
374, 8.58376e+10
375, 8.58376e+10
376, 8.58376e+10
377, 8.52095e+10
378, 8.52095e+10
379, 8.52095e+10
380, 8.52095e+10
381, 8.52095e+10
382, 8.52095e+10
383, 8.52095e+10
384, 8.52095e+10
385, 8.52095e+10
386, 8.52095e+10
387, 8.52095e+10
388, 8.52095e+10
389, 8.52095e+10
390, 8.52095e+10
391, 8.52095e+10
392, 8.52095e+10
393, 8.52095e+10
394, 8.52095e+10
395, 8.52095e+10
396, 8.52095e+10
397, 8.52095e+10
398, 8.52095e+10
399, 8.52095e+10
400, 8.52095e+10
401, 8.52095e+10
402, 8.52095e+10
403, 8.52095e+10
404, 8.52095e+10
405, 8.52095e+10
406, 8.46308e+10
407, 8.46308e+10
408, 8.46308e+10
409, 8.46308e+10
410, 8.46308e+10
411, 8.46308e+10
412, 8.46308e+10
413, 8.46308e+10
414, 8.46308e+10
415, 8.46308e+10
416, 8.21496e+10
417, 8.10154e+10
418, 8.10154e+10
419, 8.10154e+10
420, 8.10154e+10
421, 8.10154e+10
422, 8.10154e+10
423, 8.10154e+10
424, 8.10154e+10
425, 8.10154e+10
426, 8.10154e+10
427, 8.10154e+10
428, 8.10154e+10
429, 8.10154e+10
430, 8.10154e+10
431, 8.10154e+10
432, 8.10154e+10
433, 8.10154e+10
434, 8.10154e+10
435, 8.10154e+10
436, 8.10154e+10
437, 8.10154e+10
438, 8.10154e+10
439, 8.10154e+10
440, 8.10154e+10
441, 8.10154e+10
442, 8.10154e+10
443, 8.10154e+10
444, 8.10154e+10
445, 8.10154e+10
446, 8.10154e+10
447, 8.10154e+10
448, 8.10154e+10
449, 8.10154e+10
450, 8.10154e+10
451, 8.10154e+10
452, 8.10154e+10
453, 8.10154e+10
454, 8.10154e+10
455, 8.10154e+10
456, 8.10154e+10
457, 8.10154e+10
458, 8.10154e+10
459, 8.10154e+10
460, 8.10154e+10
461, 8.10154e+10
462, 8.10154e+10
463, 8.10154e+10
464, 8.10154e+10
465, 8.10154e+10
466, 8.10154e+10
467, 8.10154e+10
468, 8.10154e+10
469, 8.10154e+10
470, 8.10154e+10
471, 8.10154e+10
472, 8.10154e+10
473, 8.10154e+10
474, 8.10154e+10
475, 8.10154e+10
476, 8.10154e+10
477, 8.10154e+10
478, 8.10154e+10
479, 8.05241e+10
480, 8.05241e+10
481, 8.05241e+10
482, 8.05241e+10
483, 8.05241e+10
484, 8.05241e+10
485, 8.05241e+10
486, 8.05241e+10
487, 8.05241e+10
488, 8.05241e+10
489, 8.05241e+10
490, 8.05241e+10
491, 8.05241e+10
492, 8.05241e+10
493, 8.05241e+10
494, 8.05241e+10
495, 8.05241e+10
496, 8.05241e+10
