Iteration, BestFitness
0, 1.04081e+15
1, 3.68783e+14
2, 2.80458e+14
3, 2.80458e+14
4, 1.89532e+14
5, 1.16043e+14
6, 1.16043e+14
7, 1.55386e+13
8, 8.77135e+12
9, 2.94727e+12
10, 2.94727e+12
11, 2.60692e+12
12, 2.60692e+12
13, 2.56546e+12
14, 2.30535e+12
15, 2.30535e+12
16, 2.24442e+12
17, 2.01967e+12
18, 1.72597e+12
19, 1.72597e+12
20, 1.72597e+12
21, 1.72597e+12
22, 1.72597e+12
23, 1.72597e+12
24, 1.4841e+12
25, 1.4841e+12
26, 1.4841e+12
27, 1.02919e+12
28, 1.02919e+12
29, 7.80827e+11
30, 7.60531e+11
31, 7.60531e+11
32, 6.40913e+11
33, 6.40913e+11
34, 6.03592e+11
35, 6.03592e+11
36, 6.03592e+11
37, 6.03592e+11
38, 5.47698e+11
39, 5.24757e+11
40, 4.76898e+11
41, 4.76898e+11
42, 4.47409e+11
43, 4.47409e+11
44, 3.23538e+11
45, 3.23538e+11
46, 3.23538e+11
47, 3.23538e+11
48, 3.2061e+11
49, 3.2061e+11
50, 2.80722e+11
51, 2.67741e+11
52, 2.67741e+11
53, 2.67741e+11
54, 2.67741e+11
55, 2.56525e+11
56, 2.33379e+11
57, 2.33379e+11
58, 2.33379e+11
59, 2.33379e+11
60, 2.25964e+11
61, 2.25964e+11
62, 2.25964e+11
63, 1.76184e+11
64, 1.76184e+11
65, 1.76184e+11
66, 1.608e+11
67, 1.608e+11
68, 1.608e+11
69, 1.608e+11
70, 1.54095e+11
71, 1.54095e+11
72, 1.24635e+11
73, 1.24635e+11
74, 1.22746e+11
75, 1.22746e+11
76, 1.22746e+11
77, 1.1503e+11
78, 1.1503e+11
79, 1.1503e+11
80, 1.03429e+11
81, 1.03429e+11
82, 1.03429e+11
83, 1.03429e+11
84, 9.79829e+10
85, 8.67233e+10
86, 8.12618e+10
87, 8.12618e+10
88, 8.12618e+10
89, 7.64391e+10
90, 7.64391e+10
91, 7.63391e+10
92, 7.63391e+10
93, 7.63391e+10
94, 7.63391e+10
95, 7.63391e+10
96, 7.34835e+10
97, 7.34835e+10
98, 7.34835e+10
99, 7.34835e+10
100, 7.34835e+10
101, 6.77491e+10
102, 6.77491e+10
103, 6.77491e+10
104, 6.63482e+10
105, 6.54095e+10
106, 6.04137e+10
107, 6.04137e+10
108, 5.84367e+10
109, 5.84367e+10
110, 5.84367e+10
111, 5.84367e+10
112, 5.84367e+10
113, 5.81276e+10
114, 5.72135e+10
115, 5.66512e+10
116, 5.60931e+10
117, 5.60931e+10
118, 5.60931e+10
119, 5.60931e+10
120, 5.41397e+10
121, 5.36723e+10
122, 4.96512e+10
123, 4.96512e+10
124, 4.96512e+10
125, 4.96512e+10
126, 4.96512e+10
127, 4.96512e+10
128, 4.96512e+10
129, 4.73177e+10
130, 4.73177e+10
131, 4.73177e+10
132, 4.73177e+10
133, 4.73177e+10
134, 4.6183e+10
135, 4.6183e+10
136, 4.6183e+10
137, 4.6183e+10
138, 4.61773e+10
139, 4.61773e+10
140, 4.61773e+10
141, 4.48231e+10
142, 4.34533e+10
143, 4.34533e+10
144, 4.34533e+10
145, 4.34533e+10
146, 4.21216e+10
147, 4.21216e+10
148, 4.21216e+10
149, 4.21216e+10
150, 4.21216e+10
151, 4.09095e+10
152, 4.09095e+10
153, 4.09095e+10
154, 4.09095e+10
155, 4.09095e+10
156, 4.09095e+10
157, 4.04987e+10
158, 3.92448e+10
159, 3.92448e+10
160, 3.92448e+10
161, 3.92448e+10
162, 3.92448e+10
163, 3.92448e+10
164, 3.71351e+10
165, 3.69487e+10
166, 3.69487e+10
167, 3.65069e+10
168, 3.65069e+10
169, 3.65069e+10
170, 3.61886e+10
171, 3.56824e+10
172, 3.56824e+10
173, 3.56824e+10
174, 3.56824e+10
175, 3.56824e+10
176, 3.56824e+10
177, 3.56824e+10
178, 3.511e+10
179, 3.47213e+10
180, 3.46148e+10
181, 3.46148e+10
182, 3.46148e+10
183, 3.46148e+10
184, 3.4467e+10
185, 3.4467e+10
186, 3.39781e+10
187, 3.39781e+10
188, 3.39781e+10
189, 3.39781e+10
190, 3.39781e+10
191, 3.39781e+10
192, 3.39781e+10
193, 3.39781e+10
194, 3.38682e+10
195, 3.35904e+10
196, 3.35904e+10
197, 3.33688e+10
198, 3.30513e+10
199, 3.30513e+10
200, 3.30513e+10
201, 3.30141e+10
202, 3.30141e+10
203, 3.30141e+10
204, 3.30141e+10
205, 3.26706e+10
206, 3.23668e+10
207, 3.23668e+10
208, 3.23668e+10
209, 3.23668e+10
210, 3.23668e+10
211, 3.23668e+10
212, 3.23668e+10
213, 3.17665e+10
214, 3.17665e+10
215, 3.16486e+10
216, 3.11864e+10
217, 3.11864e+10
218, 3.11864e+10
219, 3.11864e+10
220, 3.11864e+10
221, 3.11475e+10
222, 3.11475e+10
223, 3.11475e+10
224, 3.11475e+10
225, 3.11475e+10
226, 3.11475e+10
227, 3.11384e+10
228, 3.07267e+10
229, 3.07267e+10
230, 3.07267e+10
231, 3.07267e+10
232, 3.03046e+10
233, 3.03046e+10
234, 3.03046e+10
235, 3.03026e+10
236, 3.03026e+10
237, 3.03026e+10
238, 3.03026e+10
239, 3.03026e+10
240, 2.99454e+10
241, 2.99454e+10
242, 2.99454e+10
243, 2.99454e+10
244, 2.98904e+10
245, 2.95117e+10
246, 2.95117e+10
247, 2.95117e+10
248, 2.95117e+10
249, 2.95117e+10
250, 2.95117e+10
251, 2.95117e+10
252, 2.95117e+10
253, 2.95117e+10
254, 2.95117e+10
255, 2.94964e+10
256, 2.94964e+10
257, 2.9471e+10
258, 2.9471e+10
259, 2.9471e+10
260, 2.9471e+10
261, 2.94123e+10
262, 2.93695e+10
263, 2.92291e+10
264, 2.91882e+10
265, 2.91882e+10
266, 2.91882e+10
267, 2.90949e+10
268, 2.90324e+10
269, 2.90324e+10
270, 2.90324e+10
271, 2.90324e+10
272, 2.90087e+10
273, 2.88834e+10
274, 2.88829e+10
275, 2.87944e+10
276, 2.87944e+10
277, 2.87944e+10
278, 2.87944e+10
279, 2.87944e+10
280, 2.87944e+10
281, 2.87944e+10
282, 2.87944e+10
283, 2.87944e+10
284, 2.86835e+10
285, 2.86166e+10
286, 2.86166e+10
287, 2.86166e+10
288, 2.86166e+10
289, 2.86071e+10
290, 2.85866e+10
291, 2.85866e+10
292, 2.85866e+10
293, 2.85866e+10
294, 2.85367e+10
295, 2.85207e+10
296, 2.85207e+10
297, 2.85207e+10
298, 2.85207e+10
299, 2.8494e+10
300, 2.83715e+10
301, 2.83715e+10
302, 2.83715e+10
303, 2.83715e+10
304, 2.83549e+10
305, 2.8262e+10
306, 2.8262e+10
307, 2.82491e+10
308, 2.82491e+10
309, 2.82491e+10
310, 2.82491e+10
311, 2.82491e+10
312, 2.81901e+10
313, 2.81735e+10
314, 2.81735e+10
315, 2.81697e+10
316, 2.81688e+10
317, 2.8141e+10
318, 2.81279e+10
319, 2.81279e+10
320, 2.81279e+10
321, 2.8105e+10
322, 2.8105e+10
323, 2.80984e+10
324, 2.80984e+10
325, 2.80984e+10
326, 2.80877e+10
327, 2.80765e+10
328, 2.80765e+10
329, 2.80765e+10
330, 2.80765e+10
331, 2.80503e+10
332, 2.80499e+10
333, 2.80325e+10
334, 2.79956e+10
335, 2.79956e+10
336, 2.79956e+10
337, 2.79956e+10
338, 2.79956e+10
339, 2.79885e+10
340, 2.79671e+10
341, 2.79671e+10
342, 2.79671e+10
343, 2.79202e+10
344, 2.79058e+10
345, 2.79058e+10
346, 2.79058e+10
347, 2.79058e+10
348, 2.78976e+10
349, 2.78976e+10
350, 2.78976e+10
351, 2.78976e+10
352, 2.78976e+10
353, 2.78976e+10
354, 2.78976e+10
355, 2.78958e+10
356, 2.78958e+10
357, 2.7861e+10
358, 2.78388e+10
359, 2.78388e+10
360, 2.78386e+10
361, 2.78194e+10
362, 2.78194e+10
363, 2.78194e+10
364, 2.78194e+10
365, 2.78194e+10
366, 2.78124e+10
367, 2.78124e+10
368, 2.78124e+10
369, 2.78124e+10
370, 2.77844e+10
371, 2.77728e+10
372, 2.77728e+10
373, 2.77728e+10
374, 2.77728e+10
375, 2.77728e+10
376, 2.77728e+10
377, 2.77479e+10
378, 2.77065e+10
379, 2.77065e+10
380, 2.77065e+10
381, 2.77065e+10
382, 2.77065e+10
383, 2.77065e+10
384, 2.769e+10
385, 2.769e+10
386, 2.769e+10
387, 2.769e+10
388, 2.769e+10
389, 2.769e+10
390, 2.76735e+10
391, 2.76735e+10
392, 2.76735e+10
393, 2.76639e+10
394, 2.76639e+10
395, 2.76639e+10
396, 2.76639e+10
397, 2.76639e+10
398, 2.76639e+10
399, 2.76639e+10
400, 2.76639e+10
401, 2.76639e+10
402, 2.76292e+10
403, 2.76292e+10
404, 2.76292e+10
405, 2.76292e+10
406, 2.76292e+10
407, 2.76089e+10
408, 2.75945e+10
409, 2.75942e+10
410, 2.75942e+10
411, 2.75942e+10
412, 2.75942e+10
413, 2.75864e+10
414, 2.75854e+10
415, 2.75842e+10
416, 2.75842e+10
417, 2.75842e+10
418, 2.75842e+10
419, 2.75842e+10
420, 2.75842e+10
421, 2.75842e+10
422, 2.75842e+10
423, 2.75842e+10
424, 2.75764e+10
425, 2.7561e+10
426, 2.7559e+10
427, 2.7559e+10
428, 2.7559e+10
429, 2.7559e+10
430, 2.7559e+10
431, 2.7559e+10
432, 2.7559e+10
433, 2.7559e+10
434, 2.7559e+10
435, 2.7559e+10
436, 2.75571e+10
437, 2.75567e+10
438, 2.75567e+10
439, 2.75523e+10
440, 2.75422e+10
441, 2.75422e+10
442, 2.75422e+10
443, 2.75422e+10
444, 2.75422e+10
445, 2.75422e+10
446, 2.75422e+10
447, 2.75353e+10
448, 2.75137e+10
449, 2.75137e+10
450, 2.74996e+10
451, 2.74996e+10
452, 2.74996e+10
453, 2.74996e+10
454, 2.74996e+10
455, 2.74996e+10
456, 2.74996e+10
457, 2.74996e+10
458, 2.74996e+10
459, 2.74873e+10
460, 2.74873e+10
461, 2.74873e+10
462, 2.74873e+10
463, 2.74873e+10
464, 2.7473e+10
465, 2.7473e+10
466, 2.7473e+10
467, 2.7473e+10
468, 2.7473e+10
469, 2.7473e+10
470, 2.7473e+10
471, 2.7473e+10
472, 2.7473e+10
473, 2.7473e+10
474, 2.7473e+10
475, 2.74708e+10
476, 2.74554e+10
477, 2.74554e+10
478, 2.74554e+10
479, 2.74554e+10
480, 2.74554e+10
481, 2.74554e+10
482, 2.74554e+10
483, 2.74554e+10
484, 2.74554e+10
485, 2.74554e+10
486, 2.74554e+10
487, 2.74554e+10
488, 2.74554e+10
489, 2.74404e+10
490, 2.74404e+10
491, 2.74404e+10
492, 2.743e+10
493, 2.743e+10
494, 2.743e+10
495, 2.743e+10
496, 2.743e+10
497, 2.743e+10
