Iteration, BestFitness
0, 6.49037e+12
1, 5.14875e+12
2, 4.65543e+12
3, 4.20802e+12
4, 3.76935e+12
5, 3.76935e+12
6, 3.11026e+12
7, 3.01528e+12
8, 2.64571e+12
9, 2.62085e+12
10, 2.46051e+12
11, 2.46051e+12
12, 2.42098e+12
13, 2.22776e+12
14, 1.97257e+12
15, 1.97257e+12
16, 1.97257e+12
17, 1.97257e+12
18, 1.7248e+12
19, 1.43668e+12
20, 1.26081e+12
21, 1.26081e+12
22, 1.26081e+12
23, 1.26081e+12
24, 1.26081e+12
25, 1.13653e+12
26, 1.10383e+12
27, 1.08188e+12
28, 1.02406e+12
29, 9.69368e+11
30, 9.69368e+11
31, 9.69368e+11
32, 9.22962e+11
33, 8.19116e+11
34, 7.6486e+11
35, 7.10307e+11
36, 7.10307e+11
37, 6.86352e+11
38, 6.71889e+11
39, 6.71889e+11
40, 6.71889e+11
41, 5.78339e+11
42, 5.5648e+11
43, 5.14503e+11
44, 4.99899e+11
45, 4.94011e+11
46, 4.74196e+11
47, 4.44757e+11
48, 4.44757e+11
49, 4.26407e+11
50, 4.26037e+11
51, 4.26037e+11
52, 4.25568e+11
53, 3.82663e+11
54, 3.79865e+11
55, 3.69695e+11
56, 3.56138e+11
57, 3.56138e+11
58, 3.46793e+11
59, 3.46793e+11
60, 3.46793e+11
61, 3.3621e+11
62, 3.3621e+11
63, 3.17665e+11
64, 3.17665e+11
65, 3.14859e+11
66, 2.93868e+11
67, 2.93868e+11
68, 2.83986e+11
69, 2.83986e+11
70, 2.83986e+11
71, 2.69647e+11
72, 2.69647e+11
73, 2.45236e+11
74, 2.25639e+11
75, 2.25639e+11
76, 2.25639e+11
77, 2.25639e+11
78, 2.25639e+11
79, 2.25639e+11
80, 2.15664e+11
81, 2.15664e+11
82, 2.15664e+11
83, 2.15664e+11
84, 2.15664e+11
85, 2.15664e+11
86, 2.09703e+11
87, 2.09574e+11
88, 2.09574e+11
89, 2.09574e+11
90, 1.97612e+11
91, 1.97612e+11
92, 1.97612e+11
93, 1.9646e+11
94, 1.90833e+11
95, 1.89072e+11
96, 1.66133e+11
97, 1.66133e+11
98, 1.66133e+11
99, 1.66133e+11
100, 1.66133e+11
101, 1.66133e+11
102, 1.66133e+11
103, 1.66133e+11
104, 1.66133e+11
105, 1.61605e+11
106, 1.54781e+11
107, 1.54781e+11
108, 1.54781e+11
109, 1.53492e+11
110, 1.53492e+11
111, 1.462e+11
112, 1.462e+11
113, 1.462e+11
114, 1.45501e+11
115, 1.38098e+11
116, 1.37237e+11
117, 1.37237e+11
118, 1.37237e+11
119, 1.37237e+11
120, 1.37237e+11
121, 1.32411e+11
122, 1.32411e+11
123, 1.32411e+11
124, 1.2787e+11
125, 1.18785e+11
126, 1.18785e+11
127, 1.18785e+11
128, 1.18785e+11
129, 1.18785e+11
130, 1.18785e+11
131, 1.15175e+11
132, 1.14293e+11
133, 1.14293e+11
134, 1.14293e+11
135, 1.14283e+11
136, 1.14283e+11
137, 1.14283e+11
138, 1.13011e+11
139, 1.13011e+11
140, 1.08862e+11
141, 1.05896e+11
142, 1.0509e+11
143, 1.04939e+11
144, 1.02749e+11
145, 1.02749e+11
146, 1.02749e+11
147, 1.02749e+11
148, 1.02749e+11
149, 1.02749e+11
150, 1.02749e+11
151, 1.02749e+11
152, 1.02749e+11
153, 1.02749e+11
154, 1.01318e+11
155, 1.01318e+11
156, 1.01318e+11
157, 1.01318e+11
158, 1.0071e+11
159, 1.0071e+11
160, 9.86873e+10
161, 9.844e+10
162, 9.63505e+10
163, 9.53874e+10
164, 9.52442e+10
165, 9.52442e+10
166, 9.52442e+10
167, 9.52442e+10
168, 9.1944e+10
169, 9.1944e+10
170, 9.1944e+10
171, 9.05932e+10
172, 9.05932e+10
173, 9.05932e+10
174, 9.05932e+10
175, 9.05932e+10
176, 8.91227e+10
177, 8.84433e+10
178, 8.84433e+10
179, 8.84433e+10
180, 8.84433e+10
181, 8.84433e+10
182, 8.84433e+10
183, 8.84433e+10
184, 8.84433e+10
185, 8.81894e+10
186, 8.53665e+10
187, 8.53665e+10
188, 8.53665e+10
189, 8.49741e+10
190, 8.3511e+10
191, 8.04732e+10
192, 8.04732e+10
193, 7.97098e+10
194, 7.97006e+10
195, 7.97006e+10
196, 7.8621e+10
197, 7.8621e+10
198, 7.8621e+10
199, 7.8621e+10
200, 7.8621e+10
201, 7.8621e+10
202, 7.84903e+10
203, 7.7511e+10
204, 7.7511e+10
205, 7.7511e+10
206, 7.7511e+10
207, 7.7511e+10
208, 7.7511e+10
209, 7.7511e+10
210, 7.7511e+10
211, 7.58253e+10
212, 7.58253e+10
213, 7.58253e+10
214, 7.58253e+10
215, 7.58253e+10
216, 7.58253e+10
217, 7.55281e+10
218, 7.48572e+10
219, 7.48572e+10
220, 7.45465e+10
221, 7.41939e+10
222, 7.41939e+10
223, 7.37368e+10
224, 7.26895e+10
225, 7.23641e+10
226, 7.22694e+10
227, 7.22252e+10
228, 7.22252e+10
229, 7.22252e+10
230, 7.22121e+10
231, 7.22121e+10
232, 7.18645e+10
233, 7.06007e+10
234, 7.05928e+10
235, 7.01752e+10
236, 7.01752e+10
237, 7.01752e+10
238, 7.01752e+10
239, 6.95799e+10
240, 6.95799e+10
241, 6.95799e+10
242, 6.95799e+10
243, 6.95799e+10
244, 6.95799e+10
245, 6.95799e+10
246, 6.95799e+10
247, 6.95799e+10
248, 6.95799e+10
249, 6.87989e+10
250, 6.87587e+10
251, 6.87587e+10
252, 6.87587e+10
253, 6.8499e+10
254, 6.80433e+10
255, 6.79306e+10
256, 6.79306e+10
257, 6.79306e+10
258, 6.79306e+10
259, 6.79306e+10
260, 6.79306e+10
261, 6.79306e+10
262, 6.74842e+10
263, 6.72034e+10
264, 6.72034e+10
265, 6.72034e+10
266, 6.72034e+10
267, 6.72034e+10
268, 6.72034e+10
269, 6.72034e+10
270, 6.72034e+10
271, 6.72034e+10
272, 6.68217e+10
273, 6.60789e+10
274, 6.60789e+10
275, 6.60789e+10
276, 6.60789e+10
277, 6.5985e+10
278, 6.5985e+10
279, 6.5985e+10
280, 6.5985e+10
281, 6.5985e+10
282, 6.58946e+10
283, 6.55431e+10
284, 6.52339e+10
285, 6.52339e+10
286, 6.52339e+10
287, 6.52321e+10
288, 6.52153e+10
289, 6.52153e+10
290, 6.48702e+10
291, 6.48702e+10
292, 6.48702e+10
293, 6.46921e+10
294, 6.46921e+10
295, 6.46921e+10
296, 6.46803e+10
297, 6.46803e+10
298, 6.42411e+10
299, 6.42411e+10
300, 6.42411e+10
301, 6.42411e+10
302, 6.37921e+10
303, 6.37921e+10
304, 6.37921e+10
305, 6.37569e+10
306, 6.37132e+10
307, 6.33396e+10
308, 6.33396e+10
309, 6.33396e+10
310, 6.30667e+10
311, 6.30667e+10
312, 6.30594e+10
313, 6.28042e+10
314, 6.28042e+10
315, 6.27073e+10
316, 6.27073e+10
317, 6.27073e+10
318, 6.27073e+10
319, 6.27073e+10
320, 6.27073e+10
321, 6.27073e+10
322, 6.27073e+10
323, 6.27073e+10
324, 6.26191e+10
325, 6.26108e+10
326, 6.26108e+10
327, 6.26108e+10
328, 6.26108e+10
329, 6.26108e+10
330, 6.22617e+10
331, 6.21803e+10
332, 6.21803e+10
333, 6.21082e+10
334, 6.21082e+10
335, 6.21082e+10
336, 6.21082e+10
337, 6.20713e+10
338, 6.19237e+10
339, 6.16965e+10
340, 6.16965e+10
341, 6.16965e+10
342, 6.14652e+10
343, 6.14652e+10
344, 6.14652e+10
345, 6.14652e+10
346, 6.14652e+10
347, 6.14652e+10
348, 6.14652e+10
349, 6.14652e+10
350, 6.14652e+10
351, 6.14652e+10
352, 6.13265e+10
353, 6.13265e+10
354, 6.13265e+10
355, 6.10711e+10
356, 6.10711e+10
357, 6.10711e+10
358, 6.10711e+10
359, 6.10711e+10
360, 6.1066e+10
361, 6.1066e+10
362, 6.09745e+10
363, 6.09745e+10
364, 6.09745e+10
365, 6.08973e+10
366, 6.07506e+10
367, 6.07153e+10
368, 6.06134e+10
369, 6.06134e+10
370, 6.05091e+10
371, 6.05021e+10
372, 6.05021e+10
373, 6.05021e+10
374, 6.05021e+10
375, 6.05021e+10
376, 6.05021e+10
377, 6.05021e+10
378, 6.04903e+10
379, 6.03577e+10
380, 6.02785e+10
381, 6.02785e+10
382, 6.02785e+10
383, 6.02785e+10
384, 6.02785e+10
385, 6.01389e+10
386, 6.00664e+10
387, 6.00664e+10
388, 6.00664e+10
389, 6.00664e+10
390, 6.00664e+10
391, 6.00664e+10
392, 6.00664e+10
393, 6.00664e+10
394, 6.0016e+10
395, 5.99105e+10
396, 5.98636e+10
397, 5.98422e+10
398, 5.98315e+10
399, 5.97182e+10
400, 5.96707e+10
401, 5.96707e+10
402, 5.96707e+10
403, 5.96707e+10
404, 5.96557e+10
405, 5.96557e+10
406, 5.96557e+10
407, 5.96557e+10
408, 5.95973e+10
409, 5.95438e+10
410, 5.95438e+10
411, 5.95438e+10
412, 5.95289e+10
413, 5.94735e+10
414, 5.94255e+10
415, 5.9346e+10
416, 5.93297e+10
417, 5.93106e+10
418, 5.92658e+10
419, 5.92658e+10
420, 5.92658e+10
421, 5.92587e+10
422, 5.92567e+10
423, 5.92567e+10
424, 5.92567e+10
425, 5.92567e+10
426, 5.92567e+10
427, 5.9239e+10
428, 5.9239e+10
429, 5.91602e+10
430, 5.9148e+10
431, 5.91249e+10
432, 5.91249e+10
433, 5.91249e+10
434, 5.91249e+10
435, 5.90693e+10
436, 5.90693e+10
437, 5.90693e+10
438, 5.90693e+10
439, 5.90693e+10
440, 5.90528e+10
441, 5.90528e+10
442, 5.90528e+10
443, 5.90204e+10
444, 5.89711e+10
445, 5.89711e+10
446, 5.89711e+10
447, 5.89711e+10
448, 5.89711e+10
449, 5.8959e+10
450, 5.88879e+10
451, 5.8886e+10
452, 5.8886e+10
453, 5.8886e+10
454, 5.8886e+10
455, 5.8886e+10
456, 5.8841e+10
457, 5.88312e+10
458, 5.87914e+10
459, 5.87914e+10
460, 5.87914e+10
461, 5.87873e+10
462, 5.87873e+10
463, 5.87873e+10
464, 5.87509e+10
465, 5.87464e+10
466, 5.87464e+10
467, 5.87296e+10
468, 5.87138e+10
469, 5.87138e+10
470, 5.87138e+10
471, 5.86708e+10
472, 5.86708e+10
473, 5.86708e+10
474, 5.86708e+10
475, 5.86708e+10
476, 5.86708e+10
477, 5.86326e+10
478, 5.86326e+10
479, 5.86326e+10
480, 5.86235e+10
481, 5.85976e+10
482, 5.85968e+10
483, 5.85874e+10
484, 5.85527e+10
485, 5.85527e+10
486, 5.85527e+10
487, 5.85527e+10
488, 5.85377e+10
489, 5.85377e+10
490, 5.85377e+10
491, 5.85377e+10
492, 5.85377e+10
493, 5.85377e+10
494, 5.85377e+10
495, 5.84555e+10
496, 5.84555e+10
497, 5.84555e+10
