Iteration, BestFitness
0, 2.8682e+11
1, 2.63016e+11
2, 2.40337e+11
3, 2.18775e+11
4, 1.99915e+11
5, 1.99915e+11
6, 1.78038e+11
7, 1.69452e+11
8, 1.55837e+11
9, 1.53051e+11
10, 1.48075e+11
11, 1.22218e+11
12, 1.08781e+11
13, 1.08781e+11
14, 1.08781e+11
15, 1.08781e+11
16, 1.08781e+11
17, 1.08781e+11
18, 1.08781e+11
19, 1.05878e+11
20, 1.04617e+11
21, 8.24884e+10
22, 7.92971e+10
23, 7.92971e+10
24, 7.92971e+10
25, 6.70645e+10
26, 6.36116e+10
27, 6.34167e+10
28, 6.34167e+10
29, 6.34167e+10
30, 6.34167e+10
31, 6.34167e+10
32, 6.34167e+10
33, 6.34167e+10
34, 6.29828e+10
35, 5.59047e+10
36, 5.02737e+10
37, 5.02737e+10
38, 4.99804e+10
39, 4.99804e+10
40, 4.99804e+10
41, 4.99804e+10
42, 4.99804e+10
43, 4.99804e+10
44, 4.99804e+10
45, 4.99804e+10
46, 4.745e+10
47, 4.745e+10
48, 4.745e+10
49, 4.745e+10
50, 4.745e+10
51, 4.20079e+10
52, 3.87436e+10
53, 3.87436e+10
54, 3.87436e+10
55, 3.87436e+10
56, 3.87436e+10
57, 3.80997e+10
58, 3.78073e+10
59, 3.75487e+10
60, 3.75487e+10
61, 3.68265e+10
62, 3.39332e+10
63, 3.39332e+10
64, 3.39332e+10
65, 3.098e+10
66, 3.098e+10
67, 3.098e+10
68, 3.08814e+10
69, 3.08814e+10
70, 3.08814e+10
71, 3.08814e+10
72, 3.08814e+10
73, 3.08814e+10
74, 3.08814e+10
75, 3.08814e+10
76, 3.07043e+10
77, 2.96362e+10
78, 2.77573e+10
79, 2.63338e+10
80, 2.63338e+10
81, 2.63338e+10
82, 2.63338e+10
83, 2.63338e+10
84, 2.63338e+10
85, 2.63338e+10
86, 2.63338e+10
87, 2.63338e+10
88, 2.63338e+10
89, 2.63338e+10
90, 2.63338e+10
91, 2.63338e+10
92, 2.63338e+10
93, 2.63338e+10
94, 2.63338e+10
95, 2.63338e+10
96, 2.63338e+10
97, 2.63338e+10
98, 2.63338e+10
99, 2.43918e+10
100, 2.43918e+10
101, 2.43918e+10
102, 2.43918e+10
103, 2.43918e+10
104, 2.16344e+10
105, 2.16344e+10
106, 2.16344e+10
107, 2.16344e+10
108, 2.16344e+10
109, 2.16344e+10
110, 2.16344e+10
111, 2.16344e+10
112, 2.16344e+10
113, 2.16344e+10
114, 2.16344e+10
115, 2.16344e+10
116, 2.16344e+10
117, 1.86586e+10
118, 1.86586e+10
119, 1.86586e+10
120, 1.86586e+10
121, 1.86586e+10
122, 1.86586e+10
123, 1.86586e+10
124, 1.86586e+10
125, 1.86586e+10
126, 1.86586e+10
127, 1.86586e+10
128, 1.84518e+10
129, 1.84518e+10
130, 1.78115e+10
131, 1.62613e+10
132, 1.49611e+10
133, 1.49611e+10
134, 1.49611e+10
135, 1.49611e+10
136, 1.49611e+10
137, 1.49611e+10
138, 1.49611e+10
139, 1.49611e+10
140, 1.49611e+10
141, 1.49611e+10
142, 1.49611e+10
143, 1.49611e+10
144, 1.49611e+10
145, 1.49611e+10
146, 1.49611e+10
147, 1.49611e+10
148, 1.49213e+10
149, 1.49213e+10
150, 1.49213e+10
151, 1.49213e+10
152, 1.49213e+10
153, 1.49213e+10
154, 1.49213e+10
155, 1.49213e+10
156, 1.36038e+10
157, 1.26901e+10
158, 1.26901e+10
159, 1.26901e+10
160, 1.26901e+10
161, 1.26901e+10
162, 1.26901e+10
163, 1.26901e+10
164, 1.22589e+10
165, 1.21266e+10
166, 1.21266e+10
167, 1.21266e+10
168, 1.21266e+10
169, 1.21266e+10
170, 1.21266e+10
171, 1.21266e+10
172, 1.21266e+10
173, 1.21266e+10
174, 1.21266e+10
175, 1.21266e+10
176, 1.21266e+10
177, 1.21266e+10
178, 1.19266e+10
179, 1.19266e+10
180, 1.19266e+10
181, 1.19266e+10
182, 1.19266e+10
183, 1.18265e+10
184, 1.18265e+10
185, 1.18265e+10
186, 1.18265e+10
187, 1.17645e+10
188, 1.17645e+10
189, 1.15526e+10
190, 1.15526e+10
191, 1.14166e+10
192, 1.14166e+10
193, 1.14166e+10
194, 1.14166e+10
195, 1.14082e+10
196, 1.0647e+10
197, 1.0647e+10
198, 1.0647e+10
199, 1.0647e+10
200, 1.0647e+10
201, 1.0647e+10
202, 1.0647e+10
203, 1.0647e+10
204, 1.0647e+10
205, 1.0647e+10
206, 9.54791e+09
207, 9.54791e+09
208, 9.54791e+09
209, 9.54791e+09
210, 9.54791e+09
211, 9.54791e+09
212, 9.54791e+09
213, 9.54791e+09
214, 9.54791e+09
215, 9.54791e+09
216, 9.54791e+09
217, 9.54791e+09
218, 8.80753e+09
219, 8.80753e+09
220, 8.80753e+09
221, 8.80753e+09
222, 8.80753e+09
223, 8.80753e+09
224, 8.80753e+09
225, 8.80753e+09
226, 8.80753e+09
227, 8.80753e+09
228, 8.80753e+09
229, 8.26149e+09
230, 8.23217e+09
231, 8.08283e+09
232, 8.08283e+09
233, 8.08283e+09
234, 8.08283e+09
235, 8.08283e+09
236, 8.08283e+09
237, 8.08283e+09
238, 8.08283e+09
239, 8.08283e+09
240, 8.08283e+09
241, 8.08283e+09
242, 8.08283e+09
243, 8.08283e+09
244, 8.08283e+09
245, 8.08283e+09
246, 8.08283e+09
247, 8.08283e+09
248, 8.08283e+09
249, 8.08283e+09
250, 8.08283e+09
251, 7.99708e+09
252, 7.99708e+09
253, 7.96741e+09
254, 7.96741e+09
255, 7.96741e+09
256, 7.96741e+09
257, 7.67197e+09
258, 7.22431e+09
259, 7.22431e+09
260, 7.1814e+09
261, 7.1814e+09
262, 7.1814e+09
263, 7.1814e+09
264, 7.1814e+09
265, 7.1814e+09
266, 7.1814e+09
267, 7.1814e+09
268, 7.1814e+09
269, 7.00896e+09
270, 7.00896e+09
271, 7.00896e+09
272, 7.00896e+09
273, 6.89795e+09
274, 6.89795e+09
275, 6.89795e+09
276, 6.78665e+09
277, 6.6463e+09
278, 6.6463e+09
279, 6.6463e+09
280, 6.6463e+09
281, 6.6463e+09
282, 6.6463e+09
283, 6.6463e+09
284, 6.6463e+09
285, 6.6463e+09
286, 6.63607e+09
287, 6.53999e+09
288, 6.41885e+09
289, 6.41885e+09
290, 6.01638e+09
291, 6.00401e+09
292, 6.00401e+09
293, 6.00401e+09
294, 5.81392e+09
295, 5.81392e+09
296, 5.81392e+09
297, 5.81392e+09
298, 5.81392e+09
299, 5.81392e+09
300, 5.81392e+09
301, 5.81392e+09
302, 5.81392e+09
303, 5.81392e+09
304, 5.81392e+09
305, 5.781e+09
306, 5.51962e+09
307, 5.45536e+09
308, 5.45536e+09
309, 5.45536e+09
310, 5.45536e+09
311, 5.45536e+09
312, 5.45536e+09
313, 5.45536e+09
314, 5.45536e+09
315, 5.45536e+09
316, 5.45536e+09
317, 5.45536e+09
318, 5.45536e+09
319, 5.45536e+09
320, 5.45536e+09
321, 5.37601e+09
322, 5.23597e+09
323, 5.23597e+09
324, 5.23597e+09
325, 5.11195e+09
326, 5.11195e+09
327, 5.11195e+09
328, 4.82314e+09
329, 4.78402e+09
330, 4.78402e+09
331, 4.78402e+09
332, 4.78402e+09
333, 4.78402e+09
334, 4.78402e+09
335, 4.78402e+09
336, 4.78402e+09
337, 4.78402e+09
338, 4.78402e+09
339, 4.77976e+09
340, 4.77976e+09
341, 4.77976e+09
342, 4.77976e+09
343, 4.77976e+09
344, 4.77976e+09
345, 4.77976e+09
346, 4.77976e+09
347, 4.63483e+09
348, 4.63483e+09
349, 4.63483e+09
350, 4.63483e+09
351, 4.63483e+09
352, 4.5829e+09
353, 4.45504e+09
354, 4.45504e+09
355, 4.45504e+09
356, 4.45504e+09
357, 4.45504e+09
358, 4.45504e+09
359, 4.45504e+09
360, 4.45504e+09
361, 4.45504e+09
362, 4.45504e+09
363, 4.45504e+09
364, 4.45504e+09
365, 4.45504e+09
366, 4.35799e+09
367, 4.35799e+09
368, 4.35799e+09
369, 4.35799e+09
370, 4.35799e+09
371, 4.35799e+09
372, 4.35799e+09
373, 4.35799e+09
374, 4.35799e+09
375, 4.35799e+09
376, 4.35799e+09
377, 4.35799e+09
378, 4.35799e+09
379, 4.2968e+09
380, 4.2968e+09
381, 4.27406e+09
382, 4.27406e+09
383, 4.27248e+09
384, 4.27248e+09
385, 4.27248e+09
386, 4.0764e+09
387, 4.0764e+09
388, 4.0764e+09
389, 4.0764e+09
390, 4.0764e+09
391, 4.0764e+09
392, 4.0764e+09
393, 4.0764e+09
394, 4.0764e+09
395, 4.0764e+09
396, 4.0764e+09
397, 4.06736e+09
398, 4.06736e+09
399, 4.06736e+09
400, 4.06736e+09
401, 3.95094e+09
402, 3.89584e+09
403, 3.85074e+09
404, 3.85074e+09
405, 3.85074e+09
406, 3.85074e+09
407, 3.85074e+09
408, 3.85074e+09
409, 3.85074e+09
410, 3.85074e+09
411, 3.85074e+09
412, 3.85074e+09
413, 3.85074e+09
414, 3.85074e+09
415, 3.85074e+09
416, 3.85074e+09
417, 3.75594e+09
418, 3.66045e+09
419, 3.62375e+09
420, 3.62375e+09
421, 3.62375e+09
422, 3.62375e+09
423, 3.62375e+09
424, 3.62375e+09
425, 3.62375e+09
426, 3.62375e+09
427, 3.62375e+09
428, 3.62375e+09
429, 3.62375e+09
430, 3.62375e+09
431, 3.62375e+09
432, 3.62375e+09
433, 3.62375e+09
434, 3.62375e+09
435, 3.62375e+09
436, 3.62375e+09
437, 3.62375e+09
438, 3.62375e+09
439, 3.59244e+09
440, 3.56965e+09
441, 3.56965e+09
442, 3.56965e+09
443, 3.53011e+09
444, 3.49059e+09
445, 3.49059e+09
446, 3.49059e+09
447, 3.49059e+09
448, 3.48826e+09
449, 3.42199e+09
450, 3.42199e+09
451, 3.42199e+09
452, 3.42199e+09
453, 3.42199e+09
454, 3.42199e+09
455, 3.34044e+09
456, 3.33565e+09
457, 3.306e+09
458, 3.306e+09
459, 3.306e+09
460, 3.26102e+09
461, 3.25915e+09
462, 3.25915e+09
463, 3.25915e+09
464, 3.25915e+09
465, 3.25022e+09
466, 3.23936e+09
467, 3.23936e+09
468, 3.16271e+09
469, 3.16271e+09
470, 3.16271e+09
471, 3.16271e+09
472, 3.16271e+09
473, 3.16271e+09
474, 3.08071e+09
475, 3.08071e+09
476, 3.08071e+09
477, 3.08071e+09
478, 3.08071e+09
479, 3.08071e+09
480, 3.08071e+09
481, 3.08071e+09
482, 3.08071e+09
483, 3.08071e+09
484, 3.08071e+09
485, 3.08071e+09
486, 3.08071e+09
487, 3.08071e+09
488, 3.08071e+09
489, 3.08071e+09
490, 3.07846e+09
491, 3.07846e+09
492, 3.07846e+09
493, 3.07846e+09
494, 3.07846e+09
495, 3.07846e+09
496, 3.06589e+09
497, 3.0327e+09
