Iteration, BestFitness
0, 3.23213e+16
1, 2.06124e+16
2, 1.86749e+16
3, 1.58506e+16
4, 1.13203e+16
5, 6.01967e+15
6, 4.23332e+13
7, 4.23332e+13
8, 3.65861e+13
9, 3.65861e+13
10, 3.65861e+13
11, 3.65861e+13
12, 3.65861e+13
13, 3.65861e+13
14, 3.65861e+13
15, 3.65861e+13
16, 3.65861e+13
17, 3.65861e+13
18, 1.52522e+13
19, 1.52522e+13
20, 1.52522e+13
21, 1.52522e+13
22, 1.52522e+13
23, 1.46101e+13
24, 1.46101e+13
25, 1.44856e+13
26, 1.44856e+13
27, 1.44856e+13
28, 9.8361e+12
29, 9.74502e+12
30, 9.74502e+12
31, 9.74502e+12
32, 9.74502e+12
33, 9.74502e+12
34, 9.74502e+12
35, 5.14828e+12
36, 5.01183e+12
37, 4.6636e+12
38, 4.6636e+12
39, 4.6636e+12
40, 4.6636e+12
41, 4.6636e+12
42, 4.6636e+12
43, 2.22649e+12
44, 1.88892e+12
45, 1.88892e+12
46, 1.88892e+12
47, 1.88892e+12
48, 1.48455e+12
49, 1.21681e+12
50, 1.21681e+12
51, 1.21681e+12
52, 1.21681e+12
53, 1.21681e+12
54, 1.21681e+12
55, 1.21681e+12
56, 8.06156e+11
57, 7.788e+11
58, 7.788e+11
59, 7.788e+11
60, 7.788e+11
61, 7.71023e+11
62, 7.71023e+11
63, 7.71023e+11
64, 7.71023e+11
65, 7.71023e+11
66, 7.71023e+11
67, 7.71023e+11
68, 7.71023e+11
69, 7.71023e+11
70, 7.71023e+11
71, 7.71023e+11
72, 5.35672e+11
73, 5.35672e+11
74, 5.35672e+11
75, 4.22408e+11
76, 4.12006e+11
77, 4.12006e+11
78, 4.12006e+11
79, 4.12006e+11
80, 4.12006e+11
81, 4.12006e+11
82, 4.12006e+11
83, 4.12006e+11
84, 4.12006e+11
85, 4.12006e+11
86, 4.12006e+11
87, 2.7406e+11
88, 2.66452e+11
89, 2.51733e+11
90, 2.51733e+11
91, 2.51733e+11
92, 2.51733e+11
93, 2.51733e+11
94, 2.51733e+11
95, 2.50701e+11
96, 2.50701e+11
97, 2.39037e+11
98, 2.39037e+11
99, 2.39037e+11
100, 2.39037e+11
101, 2.39037e+11
102, 2.39037e+11
103, 2.39037e+11
104, 2.39037e+11
105, 2.08798e+11
106, 2.08798e+11
107, 2.02338e+11
108, 2.00569e+11
109, 1.91503e+11
110, 1.91503e+11
111, 1.91503e+11
112, 1.91503e+11
113, 1.91503e+11
114, 1.91503e+11
115, 1.91503e+11
116, 1.91503e+11
117, 1.91503e+11
118, 1.91503e+11
119, 1.91503e+11
120, 1.91503e+11
121, 1.91503e+11
122, 1.84034e+11
123, 1.69275e+11
124, 1.60935e+11
125, 1.60935e+11
126, 1.60935e+11
127, 1.60935e+11
128, 1.60935e+11
129, 1.60935e+11
130, 1.60935e+11
131, 1.60935e+11
132, 1.55804e+11
133, 1.55804e+11
134, 1.55804e+11
135, 1.55804e+11
136, 1.55804e+11
137, 1.52203e+11
138, 1.18799e+11
139, 1.16659e+11
140, 1.16444e+11
141, 1.1006e+11
142, 1.1006e+11
143, 1.1006e+11
144, 1.1006e+11
145, 1.1006e+11
146, 1.1006e+11
147, 1.1006e+11
148, 1.04555e+11
149, 9.93396e+10
150, 9.93396e+10
151, 9.36392e+10
152, 9.36392e+10
153, 9.36392e+10
154, 9.36392e+10
155, 9.36392e+10
156, 9.36392e+10
157, 9.36392e+10
158, 9.36392e+10
159, 9.36392e+10
160, 9.32121e+10
161, 9.09364e+10
162, 8.89938e+10
163, 8.89938e+10
164, 8.89938e+10
165, 8.89938e+10
166, 8.89938e+10
167, 8.89938e+10
168, 8.89938e+10
169, 8.89938e+10
170, 8.89938e+10
171, 8.89938e+10
172, 8.70636e+10
173, 8.24867e+10
174, 8.1684e+10
175, 7.66787e+10
176, 7.5155e+10
177, 7.5155e+10
178, 7.33812e+10
179, 7.33812e+10
180, 7.33812e+10
181, 7.33812e+10
182, 7.24068e+10
183, 7.05217e+10
184, 6.71508e+10
185, 6.71508e+10
186, 6.71508e+10
187, 6.58752e+10
188, 6.58752e+10
189, 6.58752e+10
190, 6.58752e+10
191, 6.58752e+10
192, 6.58752e+10
193, 6.58752e+10
194, 6.58752e+10
195, 6.58752e+10
196, 6.37591e+10
197, 6.37591e+10
198, 6.37591e+10
199, 6.37591e+10
200, 6.37343e+10
201, 6.37343e+10
202, 6.37343e+10
203, 6.37343e+10
204, 6.37343e+10
205, 6.37343e+10
206, 6.37343e+10
207, 6.37343e+10
208, 6.37343e+10
209, 6.37343e+10
210, 6.37343e+10
211, 6.37343e+10
212, 6.37343e+10
213, 6.37343e+10
214, 6.37343e+10
215, 6.37343e+10
216, 6.37343e+10
217, 6.37343e+10
218, 6.37343e+10
219, 6.37343e+10
220, 6.37343e+10
221, 6.37343e+10
222, 6.37343e+10
223, 6.37343e+10
224, 6.37343e+10
225, 6.37343e+10
226, 6.37343e+10
227, 6.36678e+10
228, 6.36678e+10
229, 6.36678e+10
230, 5.6293e+10
231, 4.76579e+10
232, 4.45592e+10
233, 4.45592e+10
234, 4.45592e+10
235, 4.45592e+10
236, 4.45592e+10
237, 4.45592e+10
238, 4.45592e+10
239, 4.45592e+10
240, 4.45592e+10
241, 4.45592e+10
242, 4.45592e+10
243, 4.45592e+10
244, 4.45592e+10
245, 4.45592e+10
246, 4.45592e+10
247, 4.45592e+10
248, 4.45592e+10
249, 4.45592e+10
250, 4.43828e+10
251, 4.43828e+10
252, 4.39504e+10
253, 4.28138e+10
254, 4.28138e+10
255, 4.28138e+10
256, 4.28138e+10
257, 4.28138e+10
258, 4.28138e+10
259, 4.28138e+10
260, 4.28138e+10
261, 4.28138e+10
262, 4.28138e+10
263, 4.28138e+10
264, 4.28138e+10
265, 4.28138e+10
266, 4.28138e+10
267, 4.28138e+10
268, 4.28138e+10
269, 4.28138e+10
270, 4.28138e+10
271, 4.28138e+10
272, 4.28138e+10
273, 4.28138e+10
274, 4.28138e+10
275, 4.28138e+10
276, 4.28138e+10
277, 4.28138e+10
278, 4.28138e+10
279, 4.28138e+10
280, 4.15036e+10
281, 3.93839e+10
282, 3.93839e+10
283, 3.93839e+10
284, 3.88036e+10
285, 3.88036e+10
286, 3.88036e+10
287, 3.88036e+10
288, 3.88036e+10
289, 3.88036e+10
290, 3.88036e+10
291, 3.88036e+10
292, 3.88036e+10
293, 3.88036e+10
294, 3.88036e+10
295, 3.88036e+10
296, 3.88036e+10
297, 3.88036e+10
298, 3.88036e+10
299, 3.88036e+10
300, 3.88036e+10
301, 3.88036e+10
302, 3.88036e+10
303, 3.86243e+10
304, 3.86243e+10
305, 3.86243e+10
306, 3.86243e+10
307, 3.86243e+10
308, 3.86243e+10
309, 3.86243e+10
310, 3.86243e+10
311, 3.86243e+10
312, 3.86243e+10
313, 3.86243e+10
314, 3.86243e+10
315, 3.08669e+10
316, 2.85962e+10
317, 2.85962e+10
318, 2.85962e+10
319, 2.82763e+10
320, 2.65448e+10
321, 2.65448e+10
322, 2.65448e+10
323, 2.65448e+10
324, 2.65448e+10
325, 2.65448e+10
326, 2.65448e+10
327, 2.65448e+10
328, 2.65448e+10
329, 2.65448e+10
330, 2.54713e+10
331, 2.54713e+10
