Iteration, BestFitness
0, 5.69889e+12
1, 4.9746e+12
2, 4.9746e+12
3, 4.33414e+12
4, 4.07263e+12
5, 4.07263e+12
6, 3.57546e+12
7, 3.45162e+12
8, 2.8153e+12
9, 2.71653e+12
10, 2.44513e+12
11, 2.21113e+12
12, 1.92695e+12
13, 1.92695e+12
14, 1.84868e+12
15, 1.8037e+12
16, 1.72095e+12
17, 1.57477e+12
18, 1.47676e+12
19, 1.34617e+12
20, 1.32695e+12
21, 1.24752e+12
22, 1.23487e+12
23, 1.08478e+12
24, 1.08478e+12
25, 1.00738e+12
26, 9.78659e+11
27, 9.43312e+11
28, 9.03436e+11
29, 8.74331e+11
30, 8.42378e+11
31, 8.42378e+11
32, 7.9167e+11
33, 7.5161e+11
34, 7.44818e+11
35, 7.44818e+11
36, 6.94266e+11
37, 6.63729e+11
38, 6.38015e+11
39, 6.1953e+11
40, 6.1953e+11
41, 5.70541e+11
42, 5.70541e+11
43, 5.25852e+11
44, 5.25852e+11
45, 4.16862e+11
46, 4.16862e+11
47, 4.16862e+11
48, 4.16862e+11
49, 3.8326e+11
50, 3.8326e+11
51, 3.70399e+11
52, 3.70399e+11
53, 3.70399e+11
54, 3.70399e+11
55, 3.70399e+11
56, 3.70399e+11
57, 3.67628e+11
58, 3.66604e+11
59, 3.66604e+11
60, 3.66604e+11
61, 3.54111e+11
62, 3.53658e+11
63, 3.07189e+11
64, 3.01375e+11
65, 3.01375e+11
66, 3.00465e+11
67, 2.70748e+11
68, 2.70748e+11
69, 2.57754e+11
70, 2.57754e+11
71, 2.57754e+11
72, 2.57754e+11
73, 2.54516e+11
74, 2.54516e+11
75, 2.4886e+11
76, 2.38615e+11
77, 2.38615e+11
78, 2.38306e+11
79, 2.38306e+11
80, 2.38306e+11
81, 2.32551e+11
82, 2.32551e+11
83, 2.32299e+11
84, 2.13703e+11
85, 2.13703e+11
86, 2.13703e+11
87, 1.9942e+11
88, 1.97862e+11
89, 1.97862e+11
90, 1.97862e+11
91, 1.97046e+11
92, 1.97046e+11
93, 1.9702e+11
94, 1.87611e+11
95, 1.793e+11
96, 1.77953e+11
97, 1.64837e+11
98, 1.64837e+11
99, 1.64837e+11
100, 1.58844e+11
101, 1.55162e+11
102, 1.55162e+11
103, 1.54714e+11
104, 1.50454e+11
105, 1.50454e+11
106, 1.50454e+11
107, 1.50454e+11
108, 1.47795e+11
109, 1.47795e+11
110, 1.47795e+11
111, 1.47795e+11
112, 1.47795e+11
113, 1.47795e+11
114, 1.36659e+11
115, 1.36659e+11
116, 1.35065e+11
117, 1.32623e+11
118, 1.32623e+11
119, 1.32623e+11
120, 1.32623e+11
121, 1.30868e+11
122, 1.30868e+11
123, 1.30868e+11
124, 1.30868e+11
125, 1.30868e+11
126, 1.30868e+11
127, 1.30293e+11
128, 1.30293e+11
129, 1.30293e+11
130, 1.23705e+11
131, 1.23705e+11
132, 1.23705e+11
133, 1.22706e+11
134, 1.21344e+11
135, 1.14704e+11
136, 1.14704e+11
137, 1.14526e+11
138, 1.1257e+11
139, 1.1257e+11
140, 1.1257e+11
141, 1.1257e+11
142, 1.10393e+11
143, 1.10393e+11
144, 1.10393e+11
145, 1.10393e+11
146, 1.10393e+11
147, 1.08622e+11
148, 1.02895e+11
149, 9.82696e+10
150, 9.82696e+10
151, 9.82696e+10
152, 9.82696e+10
153, 9.82696e+10
154, 9.82696e+10
155, 9.82696e+10
156, 9.82696e+10
157, 9.82696e+10
158, 9.82696e+10
159, 9.82696e+10
160, 9.82696e+10
161, 9.82696e+10
162, 9.82696e+10
163, 9.82696e+10
164, 9.75163e+10
165, 9.75163e+10
166, 9.65345e+10
167, 9.48003e+10
168, 9.2162e+10
169, 9.2162e+10
170, 9.05786e+10
171, 9.02851e+10
172, 9.02851e+10
173, 9.02851e+10
174, 9.02851e+10
175, 9.02851e+10
176, 9.02851e+10
177, 9.02851e+10
178, 8.89454e+10
179, 8.89454e+10
180, 8.64328e+10
181, 8.64328e+10
182, 8.64328e+10
183, 8.64328e+10
184, 8.50085e+10
185, 8.46089e+10
186, 8.46089e+10
187, 8.46089e+10
188, 8.46089e+10
189, 8.37631e+10
190, 8.37631e+10
191, 8.14961e+10
192, 8.14325e+10
193, 8.14325e+10
194, 8.14325e+10
195, 8.14325e+10
196, 8.14325e+10
197, 8.10958e+10
198, 8.03656e+10
199, 7.8547e+10
200, 7.8547e+10
201, 7.8547e+10
202, 7.8547e+10
203, 7.8547e+10
204, 7.82086e+10
205, 7.79237e+10
206, 7.79237e+10
207, 7.79237e+10
208, 7.79237e+10
209, 7.79237e+10
210, 7.69832e+10
211, 7.6557e+10
212, 7.6557e+10
213, 7.63322e+10
214, 7.63322e+10
215, 7.63322e+10
216, 7.63322e+10
217, 7.63322e+10
218, 7.50486e+10
219, 7.50486e+10
220, 7.50486e+10
221, 7.46877e+10
222, 7.44492e+10
223, 7.44492e+10
224, 7.41194e+10
225, 7.41194e+10
226, 7.41194e+10
227, 7.41194e+10
228, 7.37027e+10
229, 7.30392e+10
230, 7.26405e+10
231, 7.26405e+10
232, 7.26405e+10
233, 7.26405e+10
234, 7.20669e+10
235, 7.1402e+10
236, 7.1402e+10
237, 7.1402e+10
238, 7.1402e+10
239, 7.1402e+10
240, 7.1402e+10
241, 7.1402e+10
242, 7.07189e+10
243, 7.07189e+10
244, 7.07189e+10
245, 7.07189e+10
246, 7.07189e+10
247, 7.07189e+10
248, 7.07189e+10
249, 7.07189e+10
250, 7.00491e+10
251, 7.00491e+10
252, 7.00491e+10
253, 7.00491e+10
254, 7.00491e+10
255, 7.00491e+10
256, 7.00491e+10
257, 7.00491e+10
258, 7.00491e+10
259, 7.00491e+10
260, 6.93957e+10
261, 6.93957e+10
262, 6.93957e+10
263, 6.90629e+10
264, 6.90629e+10
265, 6.90629e+10
266, 6.90629e+10
267, 6.90629e+10
268, 6.90629e+10
269, 6.85236e+10
270, 6.82762e+10
271, 6.79198e+10
272, 6.74454e+10
273, 6.74454e+10
274, 6.74454e+10
275, 6.69098e+10
276, 6.68909e+10
277, 6.68909e+10
278, 6.68909e+10
279, 6.6873e+10
280, 6.6873e+10
281, 6.67044e+10
282, 6.64239e+10
283, 6.64239e+10
284, 6.64239e+10
285, 6.64239e+10
286, 6.64239e+10
287, 6.64239e+10
288, 6.64239e+10
289, 6.64239e+10
290, 6.64239e+10
291, 6.61548e+10
292, 6.59299e+10
293, 6.57648e+10
294, 6.53287e+10
295, 6.53287e+10
296, 6.53287e+10
297, 6.53287e+10
298, 6.53287e+10
299, 6.53287e+10
300, 6.53287e+10
301, 6.53287e+10
302, 6.53287e+10
303, 6.53287e+10
304, 6.49513e+10
305, 6.43716e+10
306, 6.43716e+10
307, 6.42637e+10
308, 6.42637e+10
309, 6.42637e+10
310, 6.39792e+10
311, 6.38369e+10
312, 6.36402e+10
313, 6.36402e+10
314, 6.36402e+10
315, 6.36402e+10
316, 6.36402e+10
317, 6.36402e+10
318, 6.36402e+10
319, 6.36402e+10
320, 6.36195e+10
321, 6.34604e+10
322, 6.34604e+10
323, 6.3029e+10
324, 6.29544e+10
325, 6.29544e+10
326, 6.29544e+10
327, 6.29544e+10
328, 6.29233e+10
329, 6.29233e+10
330, 6.29233e+10
331, 6.2788e+10
332, 6.2788e+10
333, 6.2788e+10
334, 6.27407e+10
335, 6.24992e+10
336, 6.23671e+10
337, 6.22789e+10
338, 6.22789e+10
339, 6.22789e+10
340, 6.22789e+10
341, 6.22789e+10
342, 6.22578e+10
343, 6.22272e+10
344, 6.21646e+10
345, 6.21646e+10
346, 6.2019e+10
347, 6.19644e+10
348, 6.19644e+10
349, 6.19644e+10
350, 6.19644e+10
351, 6.19644e+10
352, 6.19644e+10
353, 6.18063e+10
354, 6.16548e+10
355, 6.16548e+10
356, 6.16548e+10
357, 6.16548e+10
358, 6.16529e+10
359, 6.16529e+10
360, 6.16529e+10
361, 6.16232e+10
362, 6.13882e+10
363, 6.13651e+10
364, 6.13651e+10
365, 6.13651e+10
366, 6.13422e+10
367, 6.13422e+10
368, 6.13422e+10
369, 6.13422e+10
370, 6.13422e+10
371, 6.13164e+10
372, 6.13164e+10
373, 6.13164e+10
374, 6.12593e+10
375, 6.11226e+10
376, 6.11226e+10
377, 6.09678e+10
378, 6.09092e+10
379, 6.09092e+10
380, 6.09092e+10
381, 6.09092e+10
382, 6.09092e+10
383, 6.09092e+10
384, 6.09092e+10
385, 6.08552e+10
386, 6.06709e+10
387, 6.05735e+10
388, 6.05735e+10
389, 6.05735e+10
390, 6.05735e+10
391, 6.05298e+10
392, 6.0508e+10
393, 6.0508e+10
394, 6.04161e+10
395, 6.04161e+10
396, 6.04161e+10
397, 6.04161e+10
398, 6.04161e+10
399, 6.04161e+10
400, 6.04161e+10
401, 6.04003e+10
402, 6.04003e+10
403, 6.04003e+10
404, 6.03363e+10
405, 6.02549e+10
406, 6.02549e+10
407, 6.02549e+10
408, 6.02549e+10
409, 6.02549e+10
410, 6.02549e+10
411, 6.02549e+10
412, 6.01697e+10
413, 6.01124e+10
414, 6.00787e+10
415, 5.99605e+10
416, 5.99605e+10
417, 5.99605e+10
418, 5.99605e+10
419, 5.99605e+10
420, 5.99605e+10
421, 5.99605e+10
422, 5.99605e+10
423, 5.99224e+10
424, 5.98399e+10
425, 5.98399e+10
426, 5.98399e+10
427, 5.98107e+10
428, 5.97439e+10
429, 5.97265e+10
430, 5.97226e+10
431, 5.97226e+10
432, 5.97226e+10
433, 5.97226e+10
434, 5.97082e+10
435, 5.96398e+10
436, 5.95856e+10
437, 5.95856e+10
438, 5.95856e+10
439, 5.95618e+10
440, 5.9555e+10
441, 5.9555e+10
442, 5.9555e+10
443, 5.9519e+10
444, 5.95006e+10
445, 5.95006e+10
446, 5.94703e+10
447, 5.94703e+10
448, 5.94703e+10
449, 5.93483e+10
450, 5.92999e+10
451, 5.92999e+10
452, 5.92999e+10
453, 5.92999e+10
454, 5.92871e+10
455, 5.92766e+10
456, 5.92416e+10
457, 5.92416e+10
458, 5.9223e+10
459, 5.91984e+10
460, 5.91973e+10
461, 5.91763e+10
462, 5.9174e+10
463, 5.91582e+10
464, 5.91518e+10
465, 5.91401e+10
466, 5.91351e+10
467, 5.91351e+10
468, 5.91138e+10
469, 5.91019e+10
470, 5.90765e+10
471, 5.90765e+10
472, 5.90765e+10
473, 5.90749e+10
474, 5.90421e+10
475, 5.90338e+10
476, 5.90249e+10
477, 5.90249e+10
478, 5.90073e+10
479, 5.90073e+10
480, 5.90073e+10
481, 5.90073e+10
482, 5.90073e+10
483, 5.90073e+10
484, 5.8976e+10
485, 5.8976e+10
486, 5.89707e+10
487, 5.89628e+10
488, 5.89628e+10
489, 5.89483e+10
490, 5.89483e+10
491, 5.89483e+10
492, 5.89483e+10
493, 5.89329e+10
494, 5.8895e+10
495, 5.88643e+10
496, 5.88643e+10
497, 5.88393e+10
