Iteration, BestFitness
0, 2.67267e+14
1, 2.32748e+14
2, 1.91592e+14
3, 1.91592e+14
4, 4.00456e+13
5, 1.99449e+13
6, 1.99449e+13
7, 1.99449e+13
8, 1.99449e+13
9, 1.99449e+13
10, 1.99449e+13
11, 1.99449e+13
12, 1.99449e+13
13, 7.89479e+12
14, 4.86161e+12
15, 1.78749e+12
16, 1.70585e+12
17, 1.51495e+12
18, 1.51495e+12
19, 1.51495e+12
20, 1.51495e+12
21, 1.51495e+12
22, 1.51495e+12
23, 1.51495e+12
24, 1.51495e+12
25, 6.50408e+11
26, 6.50408e+11
27, 6.50408e+11
28, 6.4493e+11
29, 4.72298e+11
30, 4.72298e+11
31, 2.12296e+11
32, 2.07575e+11
33, 1.63267e+11
34, 1.44667e+11
35, 1.44059e+11
36, 1.44059e+11
37, 1.44059e+11
38, 1.44059e+11
39, 1.44059e+11
40, 1.44059e+11
41, 1.44059e+11
42, 1.44059e+11
43, 1.22414e+11
44, 6.43234e+10
45, 5.29907e+10
46, 5.29907e+10
47, 5.29907e+10
48, 5.29907e+10
49, 5.29907e+10
50, 5.26628e+10
51, 5.26628e+10
52, 5.26628e+10
53, 4.51914e+10
54, 4.51914e+10
55, 4.08054e+10
56, 2.98529e+10
57, 2.98529e+10
58, 2.98529e+10
59, 2.78709e+10
60, 2.78709e+10
61, 2.60102e+10
62, 2.30236e+10
63, 1.69793e+10
64, 7.515e+09
65, 7.515e+09
66, 6.65881e+09
67, 6.65881e+09
68, 6.65881e+09
69, 5.50974e+09
70, 5.50974e+09
71, 5.50974e+09
72, 5.50974e+09
73, 5.50974e+09
74, 5.50974e+09
75, 5.2025e+09
76, 5.2025e+09
77, 3.74692e+09
78, 3.74692e+09
79, 3.41485e+09
80, 3.41485e+09
81, 3.41485e+09
82, 2.52215e+09
83, 1.33869e+09
84, 1.33869e+09
85, 1.33869e+09
86, 1.33869e+09
87, 1.33869e+09
88, 1.04438e+09
89, 1.04438e+09
90, 1.04438e+09
91, 1.04438e+09
92, 1.04438e+09
93, 1.04438e+09
94, 7.78128e+08
95, 7.78128e+08
96, 7.78128e+08
97, 7.78128e+08
98, 7.78128e+08
99, 7.78128e+08
100, 5.5958e+08
101, 2.74459e+08
102, 2.63182e+08
103, 2.63182e+08
104, 2.63182e+08
105, 2.63182e+08
106, 2.29477e+08
107, 2.29477e+08
108, 1.84701e+08
109, 1.84701e+08
110, 1.84701e+08
111, 1.84701e+08
112, 1.38874e+08
113, 1.0702e+08
114, 1.0702e+08
115, 1.0702e+08
116, 1.0702e+08
117, 1.0702e+08
118, 1.0702e+08
119, 1.0702e+08
120, 1.0702e+08
121, 1.0702e+08
122, 1.0702e+08
123, 1.0702e+08
124, 1.0702e+08
125, 8.85788e+07
126, 8.85788e+07
127, 8.85788e+07
128, 8.85788e+07
129, 8.85788e+07
130, 8.85788e+07
131, 8.85788e+07
132, 8.85788e+07
133, 8.85788e+07
134, 8.85788e+07
135, 8.85788e+07
136, 8.85788e+07
137, 8.85788e+07
138, 8.85788e+07
139, 8.85788e+07
140, 8.14871e+07
141, 8.14871e+07
142, 7.51728e+07
143, 7.51728e+07
144, 7.51728e+07
145, 7.51728e+07
146, 7.51728e+07
147, 7.51728e+07
148, 7.51728e+07
149, 7.51728e+07
150, 7.51728e+07
151, 7.51728e+07
152, 7.51728e+07
153, 7.51728e+07
154, 7.51728e+07
155, 7.51728e+07
156, 7.51728e+07
157, 7.51728e+07
158, 7.51728e+07
159, 7.51728e+07
160, 7.51728e+07
161, 7.51728e+07
162, 7.51728e+07
163, 7.51728e+07
164, 7.40582e+07
165, 7.40582e+07
166, 7.40582e+07
167, 7.40582e+07
168, 7.40582e+07
169, 7.18402e+07
170, 7.18402e+07
171, 7.18402e+07
172, 7.18402e+07
173, 7.18402e+07
174, 6.72281e+07
175, 6.20907e+07
176, 5.95888e+07
177, 5.7745e+07
178, 5.71192e+07
179, 5.71192e+07
180, 5.71192e+07
181, 5.71192e+07
182, 5.71192e+07
183, 5.71192e+07
184, 5.71192e+07
185, 5.71192e+07
186, 5.71192e+07
187, 5.71192e+07
188, 5.71192e+07
189, 5.33926e+07
190, 4.93977e+07
191, 4.93977e+07
192, 4.93977e+07
193, 4.93977e+07
194, 4.93977e+07
195, 4.93977e+07
196, 4.93977e+07
197, 4.93977e+07
198, 4.93977e+07
199, 4.93977e+07
200, 4.93977e+07
201, 4.93977e+07
202, 4.93977e+07
203, 4.93977e+07
204, 4.93977e+07
205, 4.93977e+07
206, 4.93977e+07
207, 4.93977e+07
208, 4.93977e+07
209, 4.93977e+07
210, 4.93977e+07
211, 4.93977e+07
212, 4.93977e+07
213, 4.93977e+07
214, 4.93977e+07
215, 4.93977e+07
216, 4.93977e+07
217, 4.93977e+07
218, 4.93977e+07
219, 4.7191e+07
220, 4.7191e+07
221, 4.7191e+07
222, 4.7191e+07
223, 4.7191e+07
224, 4.7191e+07
225, 4.7191e+07
226, 4.7191e+07
227, 4.7191e+07
228, 4.7191e+07
229, 4.7191e+07
230, 4.7191e+07
231, 4.7191e+07
232, 4.7191e+07
233, 4.7191e+07
234, 4.7191e+07
235, 4.7191e+07
236, 4.7191e+07
237, 4.7191e+07
238, 4.7191e+07
239, 4.7191e+07
240, 4.7191e+07
241, 4.7191e+07
242, 4.7191e+07
243, 4.7191e+07
244, 4.7191e+07
245, 4.7191e+07
246, 4.7191e+07
247, 4.7191e+07
248, 4.7191e+07
249, 4.7191e+07
250, 4.7191e+07
251, 4.7191e+07
252, 4.7191e+07
253, 4.7191e+07
254, 4.7191e+07
255, 4.7191e+07
256, 4.7191e+07
257, 4.7191e+07
258, 4.7191e+07
259, 4.7191e+07
260, 4.7191e+07
261, 4.7191e+07
262, 4.7191e+07
263, 4.7191e+07
264, 4.7191e+07
265, 4.7191e+07
266, 4.7191e+07
267, 4.7191e+07
268, 4.7191e+07
269, 4.7191e+07
270, 4.7191e+07
271, 4.7191e+07
272, 4.7191e+07
273, 4.7191e+07
274, 4.7191e+07
275, 4.7191e+07
276, 4.7191e+07
277, 4.7191e+07
278, 4.7191e+07
279, 4.7191e+07
280, 4.7191e+07
281, 4.7191e+07
282, 4.7191e+07
283, 4.26483e+07
284, 4.21796e+07
285, 4.21796e+07
286, 4.21796e+07
287, 4.21796e+07
288, 4.21796e+07
289, 4.21796e+07
290, 4.21796e+07
291, 4.21796e+07
292, 4.21796e+07
293, 4.21796e+07
294, 4.21796e+07
295, 4.21796e+07
296, 4.21796e+07
297, 4.21796e+07
298, 4.21796e+07
299, 4.21796e+07
300, 4.21796e+07
301, 4.21796e+07
302, 4.21796e+07
303, 4.21796e+07
304, 4.21796e+07
305, 4.21796e+07
306, 4.21796e+07
307, 4.21796e+07
308, 4.21796e+07
309, 4.12716e+07
310, 3.49618e+07
311, 3.24146e+07
312, 3.24146e+07
313, 3.24146e+07
314, 3.24146e+07
315, 3.24146e+07
316, 3.24146e+07
317, 3.24146e+07
318, 3.24146e+07
319, 3.24146e+07
320, 3.24146e+07
321, 3.24146e+07
322, 3.24146e+07
323, 3.24146e+07
324, 3.24146e+07
325, 3.24146e+07
326, 3.24146e+07
327, 3.24146e+07
328, 3.24146e+07
329, 3.24146e+07
330, 3.24146e+07
331, 3.24146e+07
332, 3.24146e+07
333, 3.24146e+07
334, 3.24146e+07
335, 3.24146e+07
336, 3.24146e+07
337, 3.24146e+07
338, 3.24146e+07
339, 3.24146e+07
340, 3.24146e+07
341, 3.24146e+07
342, 3.24146e+07
343, 3.24146e+07
344, 3.24146e+07
345, 3.24146e+07
346, 3.24146e+07
347, 3.24146e+07
348, 3.24146e+07
349, 3.24146e+07
350, 3.24146e+07
351, 3.24146e+07
352, 3.24146e+07
353, 3.24146e+07
354, 3.24146e+07
355, 3.24146e+07
356, 3.24146e+07
357, 3.24146e+07
358, 3.24146e+07
359, 3.24146e+07
360, 3.24146e+07
361, 3.24146e+07
362, 3.24146e+07
363, 3.24146e+07
364, 3.24146e+07
365, 3.24146e+07
366, 3.24146e+07
367, 3.24146e+07
368, 3.24146e+07
369, 3.24146e+07
370, 3.24146e+07
371, 3.24146e+07
372, 3.24146e+07
373, 3.24146e+07
374, 3.24146e+07
375, 3.24146e+07
376, 3.24146e+07
377, 3.24146e+07
378, 3.24146e+07
379, 3.24146e+07
380, 3.24146e+07
381, 3.24146e+07
382, 3.24146e+07
383, 3.24146e+07
384, 3.24146e+07
385, 3.24146e+07
386, 3.24146e+07
387, 3.24146e+07
388, 3.24146e+07
389, 3.24146e+07
390, 3.24146e+07
391, 3.24146e+07
392, 3.24146e+07
393, 3.24146e+07
394, 3.24146e+07
395, 3.24146e+07
396, 3.24146e+07
397, 3.24146e+07
398, 3.24146e+07
399, 3.24146e+07
400, 3.24146e+07
401, 3.24146e+07
402, 3.24146e+07
403, 3.24146e+07
404, 3.24146e+07
405, 3.24146e+07
406, 3.24146e+07
407, 3.24146e+07
408, 3.24146e+07
409, 3.24146e+07
410, 3.24146e+07
411, 3.24146e+07
412, 3.24146e+07
413, 3.24146e+07
414, 3.0664e+07
415, 2.74775e+07
416, 2.74775e+07
417, 2.74775e+07
418, 2.74775e+07
419, 2.74775e+07
420, 2.74775e+07
421, 2.74775e+07
422, 2.74775e+07
423, 2.74775e+07
424, 2.74775e+07
425, 2.74775e+07
426, 2.74775e+07
427, 2.74775e+07
428, 2.74775e+07
429, 2.74775e+07
430, 2.74775e+07
431, 2.74775e+07
432, 2.74775e+07
433, 2.74775e+07
434, 2.74775e+07
435, 2.74775e+07
436, 2.74775e+07
437, 2.74775e+07
438, 2.74775e+07
439, 2.74775e+07
440, 2.74775e+07
441, 2.74775e+07
442, 2.74775e+07
443, 2.74775e+07
444, 2.74775e+07
445, 2.74775e+07
446, 2.74775e+07
447, 2.74775e+07
448, 2.74775e+07
449, 2.74775e+07
450, 2.74775e+07
451, 2.74775e+07
452, 2.74775e+07
453, 2.74775e+07
454, 2.74775e+07
455, 2.74775e+07
456, 2.74775e+07
457, 2.54983e+07
458, 2.49951e+07
459, 2.49951e+07
460, 2.49951e+07
461, 2.49951e+07
462, 2.49951e+07
463, 2.49951e+07
464, 2.49951e+07
465, 2.49951e+07
466, 2.49951e+07
467, 2.49951e+07
468, 2.49951e+07
469, 2.49951e+07
470, 2.49951e+07
471, 2.49951e+07
472, 2.49951e+07
473, 2.49951e+07
474, 2.49951e+07
475, 2.49951e+07
476, 2.49951e+07
477, 2.49951e+07
478, 2.49951e+07
479, 2.49951e+07
480, 2.49951e+07
481, 2.49951e+07
482, 2.49951e+07
483, 2.49951e+07
484, 2.49951e+07
485, 2.49951e+07
486, 2.49951e+07
487, 2.49951e+07
488, 2.49951e+07
489, 2.49951e+07
490, 2.49951e+07
491, 2.49951e+07
492, 2.49951e+07
493, 2.47492e+07
494, 2.36001e+07
495, 2.13817e+07
496, 2.08019e+07
497, 2.08019e+07
