Iteration, BestFitness
0, 3.93091e+11
1, 3.91184e+11
2, 3.88276e+11
3, 3.39644e+11
4, 3.39644e+11
5, 3.34459e+11
6, 3.29904e+11
7, 3.2582e+11
8, 3.23478e+11
9, 3.01658e+11
10, 3.01658e+11
11, 2.84099e+11
12, 2.78652e+11
13, 2.6979e+11
14, 2.54713e+11
15, 2.46094e+11
16, 2.46094e+11
17, 2.4269e+11
18, 2.30211e+11
19, 2.21137e+11
20, 2.20161e+11
21, 2.20161e+11
22, 2.20161e+11
23, 2.13643e+11
24, 2.13643e+11
25, 2.13643e+11
26, 2.13643e+11
27, 2.13643e+11
28, 2.06481e+11
29, 2.00788e+11
30, 2.0058e+11
31, 1.92831e+11
32, 1.92831e+11
33, 1.92831e+11
34, 1.85176e+11
35, 1.85176e+11
36, 1.85176e+11
37, 1.61281e+11
38, 1.61281e+11
39, 1.51734e+11
40, 1.51734e+11
41, 1.51734e+11
42, 1.51734e+11
43, 1.51734e+11
44, 1.51734e+11
45, 1.51734e+11
46, 1.51734e+11
47, 1.51734e+11
48, 1.51734e+11
49, 1.51734e+11
50, 1.43184e+11
51, 1.40882e+11
52, 1.40882e+11
53, 1.40882e+11
54, 1.40882e+11
55, 1.40882e+11
56, 1.40882e+11
57, 1.40882e+11
58, 1.40882e+11
59, 1.38955e+11
60, 1.21467e+11
61, 1.21467e+11
62, 1.21467e+11
63, 1.21467e+11
64, 1.21318e+11
65, 1.18432e+11
66, 1.18432e+11
67, 1.18432e+11
68, 1.18432e+11
69, 1.18432e+11
70, 1.18432e+11
71, 1.18432e+11
72, 1.18432e+11
73, 1.18432e+11
74, 1.18432e+11
75, 1.17452e+11
76, 1.17452e+11
77, 1.08171e+11
78, 1.08171e+11
79, 1.08171e+11
80, 1.08171e+11
81, 1.08171e+11
82, 1.08171e+11
83, 1.08171e+11
84, 1.08171e+11
85, 1.08171e+11
86, 1.08171e+11
87, 9.9647e+10
88, 9.9647e+10
89, 9.9647e+10
90, 9.9647e+10
91, 9.9647e+10
92, 9.9647e+10
93, 9.9647e+10
94, 9.79885e+10
95, 9.2857e+10
96, 9.2857e+10
97, 9.2857e+10
98, 9.2857e+10
99, 9.2857e+10
100, 9.2857e+10
101, 9.2857e+10
102, 9.2857e+10
103, 9.2857e+10
104, 9.12354e+10
105, 8.98486e+10
106, 8.3635e+10
107, 8.3635e+10
108, 8.3635e+10
109, 8.3635e+10
110, 8.3635e+10
111, 8.3635e+10
112, 8.3635e+10
113, 8.3635e+10
114, 8.3635e+10
115, 8.3635e+10
116, 8.3635e+10
117, 8.03802e+10
118, 8.03802e+10
119, 8.03802e+10
120, 7.61819e+10
121, 7.45063e+10
122, 7.45063e+10
123, 7.45063e+10
124, 7.45063e+10
125, 7.45063e+10
126, 7.45063e+10
127, 7.45063e+10
128, 7.45063e+10
129, 7.45063e+10
130, 7.43298e+10
131, 7.38149e+10
132, 7.38149e+10
133, 7.38149e+10
134, 7.38149e+10
135, 7.38149e+10
136, 7.38149e+10
137, 7.38149e+10
138, 7.38149e+10
139, 7.21838e+10
140, 6.95523e+10
141, 6.95523e+10
142, 6.95523e+10
143, 6.95523e+10
144, 6.95523e+10
145, 6.95523e+10
146, 6.95523e+10
147, 6.95523e+10
148, 6.95523e+10
149, 6.95523e+10
150, 6.95523e+10
151, 6.95523e+10
152, 6.95523e+10
153, 6.95523e+10
154, 6.95523e+10
155, 6.95523e+10
156, 6.95523e+10
157, 6.95523e+10
158, 6.95523e+10
159, 6.51283e+10
160, 6.51283e+10
161, 6.51283e+10
162, 6.34883e+10
163, 6.34883e+10
164, 6.34883e+10
165, 6.34883e+10
166, 6.34883e+10
167, 6.34883e+10
168, 6.34883e+10
169, 6.34883e+10
170, 6.34883e+10
171, 6.34883e+10
172, 6.34883e+10
173, 6.34883e+10
174, 6.34883e+10
175, 6.34883e+10
176, 6.34883e+10
177, 6.34883e+10
178, 6.34883e+10
179, 6.34883e+10
180, 6.34883e+10
181, 6.34883e+10
182, 6.34883e+10
183, 6.22026e+10
184, 6.22026e+10
185, 6.22026e+10
186, 6.20838e+10
187, 6.20838e+10
188, 6.20838e+10
189, 6.20838e+10
190, 6.20838e+10
191, 6.20838e+10
192, 5.90336e+10
193, 5.90336e+10
194, 5.90336e+10
195, 5.90336e+10
196, 5.90336e+10
197, 5.90336e+10
198, 5.90336e+10
199, 5.90336e+10
200, 5.90336e+10
201, 5.90336e+10
202, 5.90336e+10
203, 5.90336e+10
204, 5.90336e+10
205, 5.90336e+10
206, 5.89751e+10
207, 5.78447e+10
208, 5.78447e+10
209, 5.78447e+10
210, 5.78447e+10
211, 5.78082e+10
212, 5.78082e+10
213, 5.78082e+10
214, 5.78082e+10
215, 5.78082e+10
216, 5.78082e+10
217, 5.78082e+10
218, 5.78082e+10
219, 5.78082e+10
220, 5.78082e+10
221, 5.78082e+10
222, 5.78082e+10
223, 5.71318e+10
224, 5.38542e+10
225, 5.33872e+10
226, 5.33872e+10
227, 5.33872e+10
228, 5.33872e+10
229, 5.33872e+10
230, 5.33872e+10
231, 5.33872e+10
232, 5.33872e+10
233, 5.33872e+10
234, 5.33872e+10
235, 5.33872e+10
236, 5.33872e+10
237, 5.33872e+10
238, 5.33872e+10
239, 5.33872e+10
240, 5.33872e+10
241, 5.33872e+10
242, 5.33872e+10
243, 5.33872e+10
244, 5.33872e+10
245, 5.33872e+10
246, 5.33872e+10
247, 5.33872e+10
248, 5.33872e+10
249, 5.33872e+10
250, 5.33872e+10
251, 5.33872e+10
252, 5.33872e+10
253, 5.33872e+10
254, 5.33872e+10
255, 5.33872e+10
256, 5.33872e+10
257, 5.33872e+10
258, 5.33872e+10
259, 5.33872e+10
260, 5.33872e+10
261, 5.33872e+10
262, 5.33872e+10
263, 5.33872e+10
264, 5.33872e+10
265, 5.33872e+10
266, 5.33872e+10
267, 5.33872e+10
268, 5.33872e+10
269, 5.33872e+10
270, 5.33872e+10
271, 5.33872e+10
272, 5.33872e+10
273, 5.33872e+10
274, 5.33872e+10
275, 5.33872e+10
276, 5.23362e+10
277, 5.10381e+10
278, 4.69554e+10
279, 4.69554e+10
280, 4.69554e+10
281, 4.69554e+10
282, 4.69554e+10
283, 4.69554e+10
284, 4.69554e+10
285, 4.69554e+10
286, 4.69554e+10
287, 4.69554e+10
288, 4.39393e+10
289, 4.39393e+10
290, 4.39393e+10
291, 4.27168e+10
292, 4.27168e+10
293, 4.27168e+10
294, 4.27168e+10
295, 4.27168e+10
296, 4.27168e+10
297, 4.27168e+10
298, 4.27168e+10
299, 4.27168e+10
300, 4.27168e+10
301, 4.27168e+10
302, 4.27168e+10
303, 4.27168e+10
304, 4.27168e+10
305, 4.27168e+10
306, 4.27168e+10
307, 4.27168e+10
308, 4.27168e+10
309, 4.27168e+10
310, 4.27168e+10
311, 4.27168e+10
312, 4.27168e+10
313, 4.27168e+10
314, 4.27168e+10
315, 4.27168e+10
316, 4.27168e+10
317, 4.27168e+10
318, 4.27168e+10
319, 4.27168e+10
320, 4.27168e+10
321, 4.27168e+10
322, 4.27168e+10
323, 4.27168e+10
324, 4.27168e+10
325, 4.27168e+10
326, 4.27168e+10
327, 4.27168e+10
328, 4.27168e+10
329, 4.27168e+10
330, 4.27168e+10
331, 4.27168e+10
