Iteration, BestFitness
0, 6.19395e+16
1, 1.35796e+15
2, 1.35796e+15
3, 1.35796e+15
4, 1.35796e+15
5, 1.35796e+15
6, 1.35796e+15
7, 1.35796e+15
8, 1.09537e+15
9, 8.16001e+13
10, 7.88623e+13
11, 7.88623e+13
12, 7.88623e+13
13, 7.88623e+13
14, 3.50793e+13
15, 3.50793e+13
16, 3.50793e+13
17, 3.50793e+13
18, 3.50793e+13
19, 3.50793e+13
20, 3.50793e+13
21, 3.50793e+13
22, 3.50793e+13
23, 3.50793e+13
24, 3.50793e+13
25, 3.50793e+13
26, 3.50793e+13
27, 3.12601e+13
28, 2.43233e+13
29, 1.76588e+13
30, 1.76588e+13
31, 1.76588e+13
32, 6.86955e+12
33, 6.86955e+12
34, 6.65994e+12
35, 6.57853e+12
36, 6.51267e+12
37, 6.51267e+12
38, 6.51267e+12
39, 6.39071e+12
40, 6.01083e+12
41, 5.99304e+12
42, 5.13127e+12
43, 4.90546e+12
44, 4.90546e+12
45, 4.90546e+12
46, 4.90546e+12
47, 4.90546e+12
48, 4.90546e+12
49, 4.90546e+12
50, 4.90546e+12
51, 4.90546e+12
52, 4.90546e+12
53, 4.90546e+12
54, 3.95724e+12
55, 3.58894e+12
56, 3.49944e+12
57, 3.49944e+12
58, 3.49944e+12
59, 3.49944e+12
60, 3.49944e+12
61, 3.49944e+12
62, 3.49944e+12
63, 3.49944e+12
64, 3.49944e+12
65, 3.49944e+12
66, 3.49944e+12
67, 3.49944e+12
68, 3.30492e+12
69, 3.30492e+12
70, 3.25112e+12
71, 2.90413e+12
72, 2.90413e+12
73, 2.90413e+12
74, 2.90413e+12
75, 2.90413e+12
76, 2.90413e+12
77, 2.71824e+12
78, 2.38967e+12
79, 2.38967e+12
80, 2.38967e+12
81, 2.19358e+12
82, 2.18976e+12
83, 2.18976e+12
84, 2.18976e+12
85, 2.18976e+12
86, 2.18976e+12
87, 2.18976e+12
88, 2.18976e+12
89, 2.18976e+12
90, 2.18976e+12
91, 2.18976e+12
92, 2.18976e+12
93, 2.18976e+12
94, 2.05237e+12
95, 2.05237e+12
96, 2.05237e+12
97, 2.05237e+12
98, 2.05237e+12
99, 1.90223e+12
100, 1.66637e+12
101, 1.57194e+12
102, 1.54752e+12
103, 1.45176e+12
104, 1.45176e+12
105, 1.45176e+12
106, 1.45176e+12
107, 1.44102e+12
108, 1.44102e+12
109, 1.44102e+12
110, 1.44102e+12
111, 1.44102e+12
112, 1.44102e+12
113, 1.44102e+12
114, 1.44102e+12
115, 1.44102e+12
116, 1.44102e+12
117, 1.44102e+12
118, 1.44102e+12
119, 1.44102e+12
120, 1.43028e+12
121, 1.43028e+12
122, 1.43028e+12
123, 1.43028e+12
124, 1.43028e+12
125, 1.25699e+12
126, 1.16274e+12
127, 1.16274e+12
128, 1.16274e+12
129, 1.16274e+12
130, 1.16274e+12
131, 1.12648e+12
132, 1.12648e+12
133, 1.12648e+12
134, 1.12648e+12
135, 1.12648e+12
136, 1.10545e+12
137, 1.01987e+12
138, 1.00134e+12
139, 9.26009e+11
140, 8.93128e+11
141, 8.93128e+11
142, 8.93128e+11
143, 8.93128e+11
144, 8.78874e+11
145, 8.33747e+11
146, 8.33747e+11
147, 8.33747e+11
148, 8.33747e+11
149, 8.33747e+11
150, 8.33747e+11
151, 8.33747e+11
152, 8.33747e+11
153, 8.33747e+11
154, 8.33747e+11
155, 8.33747e+11
156, 8.33747e+11
157, 8.33747e+11
158, 8.33747e+11
159, 8.33747e+11
160, 8.33747e+11
161, 7.71437e+11
162, 7.16123e+11
163, 6.77899e+11
164, 6.28498e+11
165, 6.28498e+11
166, 6.28498e+11
167, 6.28498e+11
168, 6.28498e+11
169, 6.28498e+11
170, 6.28498e+11
171, 6.28498e+11
172, 6.28498e+11
173, 6.28498e+11
174, 6.28498e+11
175, 6.28498e+11
176, 6.28498e+11
177, 6.28498e+11
178, 6.28498e+11
179, 6.28498e+11
180, 6.28498e+11
181, 6.28498e+11
182, 6.28498e+11
183, 6.28498e+11
184, 6.28498e+11
185, 6.28498e+11
186, 6.28498e+11
187, 5.93646e+11
188, 5.93646e+11
189, 5.93646e+11
190, 5.93646e+11
191, 5.93646e+11
192, 5.93646e+11
193, 5.43254e+11
194, 5.43254e+11
195, 5.43254e+11
196, 5.43254e+11
197, 5.43254e+11
198, 5.43254e+11
199, 5.43254e+11
200, 5.43254e+11
201, 5.43254e+11
202, 5.43254e+11
203, 5.43254e+11
204, 5.43254e+11
205, 5.13458e+11
206, 5.13458e+11
207, 5.13458e+11
208, 5.08853e+11
209, 4.66252e+11
210, 4.54502e+11
211, 4.52468e+11
212, 4.27195e+11
213, 4.26502e+11
214, 4.26502e+11
215, 4.21191e+11
216, 4.1402e+11
217, 3.99801e+11
218, 3.99801e+11
219, 3.97827e+11
220, 3.56743e+11
221, 3.56743e+11
222, 3.56743e+11
223, 3.56743e+11
224, 3.56743e+11
225, 3.56743e+11
226, 3.56743e+11
227, 3.56743e+11
228, 3.56743e+11
229, 3.56743e+11
230, 3.56743e+11
231, 3.56743e+11
232, 3.56743e+11
233, 3.56743e+11
234, 3.56743e+11
235, 3.56743e+11
236, 3.56743e+11
237, 3.46115e+11
238, 3.46115e+11
239, 3.31354e+11
240, 3.31354e+11
241, 3.23647e+11
242, 3.23647e+11
243, 3.23647e+11
244, 3.23647e+11
245, 3.23647e+11
246, 3.23647e+11
247, 3.23647e+11
248, 3.23647e+11
249, 3.23647e+11
250, 3.23647e+11
251, 3.23647e+11
252, 3.23647e+11
253, 3.23647e+11
254, 3.23647e+11
255, 3.23647e+11
256, 3.23647e+11
257, 3.23647e+11
258, 3.23647e+11
259, 3.23647e+11
260, 3.23647e+11
261, 3.23647e+11
262, 3.23647e+11
263, 3.23647e+11
264, 3.23647e+11
265, 2.94316e+11
266, 2.94316e+11
267, 2.94316e+11
268, 2.94316e+11
269, 2.82954e+11
270, 2.82954e+11
271, 2.82954e+11
272, 2.82954e+11
273, 2.82954e+11
274, 2.82954e+11
275, 2.76139e+11
276, 2.76139e+11
277, 2.76139e+11
278, 2.76139e+11
279, 2.76139e+11
280, 2.71434e+11
281, 2.71434e+11
282, 2.71434e+11
283, 2.71434e+11
284, 2.71434e+11
285, 2.71434e+11
286, 2.54522e+11
287, 2.54522e+11
288, 2.48712e+11
289, 2.48712e+11
290, 2.48712e+11
291, 2.48712e+11
292, 2.48712e+11
293, 2.32742e+11
294, 2.32742e+11
295, 2.32742e+11
296, 2.32742e+11
297, 2.32742e+11
298, 2.32742e+11
299, 2.32742e+11
300, 2.32742e+11
301, 2.32742e+11
302, 2.32742e+11
303, 2.32742e+11
304, 2.32742e+11
305, 2.32742e+11
306, 2.32742e+11
307, 2.31234e+11
308, 2.21253e+11
309, 2.21253e+11
310, 2.21253e+11
311, 2.21253e+11
312, 2.21253e+11
313, 2.21253e+11
314, 2.21253e+11
315, 2.21253e+11
316, 2.20346e+11
317, 2.20346e+11
318, 1.99598e+11
319, 1.99598e+11
320, 1.99598e+11
321, 1.99598e+11
322, 1.99598e+11
323, 1.99598e+11
324, 1.99598e+11
325, 1.99598e+11
326, 1.99598e+11
327, 1.99598e+11
328, 1.99598e+11
329, 1.99598e+11
330, 1.99598e+11
331, 1.99598e+11
