Iteration, BestFitness
0, 6.09762e+12
1, 5.62131e+12
2, 4.86283e+12
3, 4.17701e+12
4, 3.8054e+12
5, 3.64722e+12
6, 3.11856e+12
7, 3.11856e+12
8, 3.09361e+12
9, 2.84334e+12
10, 2.55451e+12
11, 2.06417e+12
12, 2.04968e+12
13, 1.98791e+12
14, 1.88213e+12
15, 1.73028e+12
16, 1.72421e+12
17, 1.50907e+12
18, 1.33607e+12
19, 1.32132e+12
20, 1.28466e+12
21, 1.19753e+12
22, 1.1634e+12
23, 1.0574e+12
24, 1.03712e+12
25, 1.03712e+12
26, 9.84614e+11
27, 8.40855e+11
28, 7.71084e+11
29, 7.71084e+11
30, 7.71084e+11
31, 7.71084e+11
32, 7.71084e+11
33, 7.51762e+11
34, 6.59724e+11
35, 6.16029e+11
36, 5.5351e+11
37, 5.5351e+11
38, 5.5351e+11
39, 5.5351e+11
40, 5.38403e+11
41, 5.26703e+11
42, 5.26703e+11
43, 4.90221e+11
44, 4.70055e+11
45, 4.70055e+11
46, 4.13395e+11
47, 4.11999e+11
48, 4.11999e+11
49, 4.11999e+11
50, 4.07215e+11
51, 4.07215e+11
52, 4.07215e+11
53, 4.07215e+11
54, 3.65449e+11
55, 3.28404e+11
56, 3.28404e+11
57, 3.28404e+11
58, 3.19718e+11
59, 3.19718e+11
60, 3.19718e+11
61, 3.03583e+11
62, 3.03583e+11
63, 2.93668e+11
64, 2.93668e+11
65, 2.93668e+11
66, 2.76368e+11
67, 2.65764e+11
68, 2.57668e+11
69, 2.57668e+11
70, 2.33303e+11
71, 2.33303e+11
72, 2.26586e+11
73, 2.15521e+11
74, 2.11177e+11
75, 2.11177e+11
76, 2.11177e+11
77, 2.11177e+11
78, 2.11177e+11
79, 2.11177e+11
80, 2.11177e+11
81, 2.02617e+11
82, 1.99491e+11
83, 1.99491e+11
84, 1.99491e+11
85, 1.99491e+11
86, 1.79113e+11
87, 1.70593e+11
88, 1.70593e+11
89, 1.70383e+11
90, 1.70383e+11
91, 1.70383e+11
92, 1.70383e+11
93, 1.70383e+11
94, 1.70383e+11
95, 1.64667e+11
96, 1.62474e+11
97, 1.621e+11
98, 1.621e+11
99, 1.621e+11
100, 1.621e+11
101, 1.61171e+11
102, 1.5936e+11
103, 1.57697e+11
104, 1.47733e+11
105, 1.38684e+11
106, 1.38684e+11
107, 1.38684e+11
108, 1.38684e+11
109, 1.38684e+11
110, 1.32061e+11
111, 1.32061e+11
112, 1.31863e+11
113, 1.31863e+11
114, 1.31863e+11
115, 1.31863e+11
116, 1.28335e+11
117, 1.28335e+11
118, 1.28335e+11
119, 1.28335e+11
120, 1.28335e+11
121, 1.28335e+11
122, 1.28335e+11
123, 1.28335e+11
124, 1.23852e+11
125, 1.23852e+11
126, 1.20829e+11
127, 1.20829e+11
128, 1.20829e+11
129, 1.20829e+11
130, 1.20829e+11
131, 1.19727e+11
132, 1.19727e+11
133, 1.17431e+11
134, 1.17431e+11
135, 1.12521e+11
136, 1.10911e+11
137, 1.08328e+11
138, 1.08328e+11
139, 1.08328e+11
140, 1.08328e+11
141, 1.08262e+11
142, 1.05787e+11
143, 1.05787e+11
144, 1.05787e+11
145, 1.05039e+11
146, 1.04354e+11
147, 1.04354e+11
148, 1.04344e+11
149, 1.04344e+11
150, 1.04344e+11
151, 1.02856e+11
152, 1.02829e+11
153, 1.02829e+11
154, 1.02829e+11
155, 1.02829e+11
156, 1.02829e+11
157, 1.02829e+11
158, 1.02829e+11
159, 9.76338e+10
160, 9.73354e+10
161, 9.73354e+10
162, 9.73354e+10
163, 9.70381e+10
164, 9.62992e+10
165, 9.28802e+10
166, 9.28802e+10
167, 9.04668e+10
168, 8.97544e+10
169, 8.97544e+10
170, 8.97544e+10
171, 8.97544e+10
172, 8.97544e+10
173, 8.97544e+10
174, 8.76347e+10
175, 8.71771e+10
176, 8.60651e+10
177, 8.60651e+10
178, 8.60651e+10
179, 8.60651e+10
180, 8.60651e+10
181, 8.60651e+10
182, 8.55002e+10
183, 8.48507e+10
184, 8.35853e+10
185, 8.22757e+10
186, 8.22757e+10
187, 8.22757e+10
188, 8.22757e+10
189, 8.22757e+10
190, 8.22757e+10
191, 8.16332e+10
192, 8.16332e+10
193, 8.16332e+10
194, 8.16332e+10
195, 8.16332e+10
196, 8.16332e+10
197, 8.16332e+10
198, 8.16332e+10
199, 8.16332e+10
200, 8.16332e+10
201, 8.16332e+10
202, 8.02296e+10
203, 7.82894e+10
204, 7.81203e+10
205, 7.79642e+10
206, 7.79642e+10
207, 7.79642e+10
208, 7.78754e+10
209, 7.78754e+10
210, 7.78754e+10
211, 7.78754e+10
212, 7.6833e+10
213, 7.6698e+10
214, 7.66562e+10
215, 7.66562e+10
216, 7.66562e+10
217, 7.66562e+10
218, 7.66562e+10
219, 7.66562e+10
220, 7.66562e+10
221, 7.62688e+10
222, 7.62688e+10
223, 7.62688e+10
224, 7.62688e+10
225, 7.62158e+10
226, 7.62158e+10
227, 7.62158e+10
228, 7.58658e+10
229, 7.53692e+10
230, 7.53692e+10
231, 7.46307e+10
232, 7.46307e+10
233, 7.46307e+10
234, 7.46307e+10
235, 7.46307e+10
236, 7.39669e+10
237, 7.3622e+10
238, 7.3622e+10
239, 7.3622e+10
240, 7.3622e+10
241, 7.3622e+10
242, 7.31293e+10
243, 7.31293e+10
244, 7.31293e+10
245, 7.25115e+10
246, 7.18093e+10
247, 7.18093e+10
248, 7.18093e+10
249, 7.05674e+10
250, 7.05674e+10
251, 7.05674e+10
252, 7.05674e+10
253, 7.05674e+10
254, 7.05674e+10
255, 7.01693e+10
256, 6.99017e+10
257, 6.98986e+10
258, 6.98986e+10
259, 6.98986e+10
260, 6.96531e+10
261, 6.94159e+10
262, 6.91603e+10
263, 6.90793e+10
264, 6.89987e+10
265, 6.86986e+10
266, 6.86986e+10
267, 6.86986e+10
268, 6.86986e+10
269, 6.86986e+10
270, 6.84649e+10
271, 6.84649e+10
272, 6.84649e+10
273, 6.84649e+10
274, 6.84649e+10
275, 6.84649e+10
276, 6.79619e+10
277, 6.76857e+10
278, 6.76242e+10
279, 6.76242e+10
280, 6.76242e+10
281, 6.76242e+10
282, 6.76242e+10
283, 6.76242e+10
284, 6.76242e+10
285, 6.76242e+10
286, 6.73363e+10
287, 6.72236e+10
288, 6.69028e+10
289, 6.69028e+10
290, 6.69028e+10
291, 6.69028e+10
292, 6.69028e+10
293, 6.69028e+10
294, 6.69028e+10
295, 6.69028e+10
296, 6.67178e+10
297, 6.63696e+10
298, 6.62969e+10
299, 6.61314e+10
300, 6.61041e+10
301, 6.61041e+10
302, 6.61041e+10
303, 6.61041e+10
304, 6.58974e+10
305, 6.57052e+10
306, 6.57052e+10
307, 6.57052e+10
308, 6.57052e+10
309, 6.57052e+10
310, 6.57052e+10
311, 6.57052e+10
312, 6.57052e+10
313, 6.54666e+10
314, 6.54666e+10
315, 6.53691e+10
316, 6.53691e+10
317, 6.53691e+10
318, 6.53691e+10
319, 6.53691e+10
320, 6.53237e+10
321, 6.52723e+10
322, 6.52579e+10
323, 6.52295e+10
324, 6.51348e+10
325, 6.51348e+10
326, 6.51348e+10
327, 6.50147e+10
328, 6.50147e+10
329, 6.50147e+10
330, 6.49604e+10
331, 6.45888e+10
332, 6.45268e+10
333, 6.44519e+10
334, 6.44519e+10
335, 6.44519e+10
336, 6.44519e+10
337, 6.44519e+10
338, 6.44519e+10
339, 6.44519e+10
340, 6.44519e+10
341, 6.44519e+10
342, 6.44062e+10
343, 6.44062e+10
344, 6.44062e+10
345, 6.43838e+10
346, 6.43761e+10
347, 6.43506e+10
348, 6.40794e+10
349, 6.3903e+10
350, 6.3903e+10
351, 6.37694e+10
352, 6.35845e+10
353, 6.35845e+10
354, 6.35611e+10
355, 6.35611e+10
356, 6.35611e+10
357, 6.35611e+10
358, 6.35517e+10
359, 6.35517e+10
360, 6.35316e+10
361, 6.34686e+10
362, 6.34686e+10
363, 6.34519e+10
364, 6.33212e+10
365, 6.32288e+10
366, 6.32288e+10
367, 6.32288e+10
368, 6.31676e+10
369, 6.31676e+10
370, 6.31243e+10
371, 6.30789e+10
372, 6.29435e+10
373, 6.29435e+10
374, 6.28709e+10
375, 6.2852e+10
376, 6.28404e+10
377, 6.27372e+10
378, 6.273e+10
379, 6.273e+10
380, 6.273e+10
381, 6.273e+10
382, 6.26001e+10
383, 6.26001e+10
384, 6.26001e+10
385, 6.26001e+10
386, 6.25785e+10
387, 6.25785e+10
388, 6.25785e+10
389, 6.25437e+10
390, 6.25437e+10
391, 6.24989e+10
392, 6.24989e+10
393, 6.24989e+10
394, 6.24684e+10
395, 6.24441e+10
396, 6.24441e+10
397, 6.24441e+10
398, 6.24259e+10
399, 6.23951e+10
400, 6.23951e+10
401, 6.23951e+10
402, 6.23951e+10
403, 6.23951e+10
404, 6.23951e+10
405, 6.23951e+10
406, 6.23951e+10
407, 6.23951e+10
408, 6.23803e+10
409, 6.23803e+10
410, 6.23803e+10
411, 6.23578e+10
412, 6.23578e+10
413, 6.23578e+10
414, 6.21844e+10
415, 6.21844e+10
416, 6.21844e+10
417, 6.20475e+10
418, 6.20071e+10
419, 6.20071e+10
420, 6.20071e+10
421, 6.19968e+10
422, 6.19968e+10
423, 6.19968e+10
424, 6.19734e+10
425, 6.19327e+10
426, 6.19064e+10
427, 6.1885e+10
428, 6.18491e+10
429, 6.18491e+10
430, 6.18491e+10
431, 6.18491e+10
432, 6.18131e+10
433, 6.18131e+10
434, 6.18131e+10
435, 6.18131e+10
436, 6.17735e+10
437, 6.17735e+10
438, 6.17634e+10
439, 6.17634e+10
440, 6.17634e+10
441, 6.17634e+10
442, 6.1744e+10
443, 6.1744e+10
444, 6.1744e+10
445, 6.1744e+10
446, 6.1744e+10
447, 6.1744e+10
448, 6.1744e+10
449, 6.17139e+10
450, 6.16532e+10
451, 6.16532e+10
452, 6.15984e+10
453, 6.15984e+10
454, 6.15728e+10
455, 6.15728e+10
456, 6.15619e+10
457, 6.15549e+10
458, 6.15158e+10
459, 6.14758e+10
460, 6.14595e+10
461, 6.14595e+10
462, 6.14025e+10
463, 6.14025e+10
464, 6.13897e+10
465, 6.13704e+10
466, 6.13574e+10
467, 6.13366e+10
468, 6.1335e+10
469, 6.1335e+10
470, 6.1335e+10
471, 6.1335e+10
472, 6.1335e+10
473, 6.1335e+10
474, 6.13251e+10
475, 6.13251e+10
476, 6.13251e+10
477, 6.13251e+10
478, 6.13251e+10
479, 6.13251e+10
480, 6.13251e+10
481, 6.13127e+10
482, 6.13016e+10
483, 6.12799e+10
484, 6.12799e+10
485, 6.12482e+10
486, 6.1214e+10
487, 6.11634e+10
488, 6.11634e+10
489, 6.11547e+10
490, 6.11547e+10
491, 6.11547e+10
492, 6.11547e+10
493, 6.11547e+10
494, 6.11547e+10
495, 6.11547e+10
496, 6.11547e+10
497, 6.11547e+10
