Iteration, BestFitness
0, 3.48053e+11
1, 3.04275e+11
2, 2.65854e+11
3, 2.41487e+11
4, 1.98052e+11
5, 1.98052e+11
6, 1.97412e+11
7, 1.69802e+11
8, 1.38029e+11
9, 1.38029e+11
10, 1.33539e+11
11, 1.33539e+11
12, 1.33539e+11
13, 1.3181e+11
14, 1.22024e+11
15, 1.05143e+11
16, 9.79783e+10
17, 8.43951e+10
18, 8.43951e+10
19, 8.36735e+10
20, 8.36735e+10
21, 8.36735e+10
22, 8.36735e+10
23, 8.36735e+10
24, 8.36735e+10
25, 7.93608e+10
26, 7.93608e+10
27, 7.7215e+10
28, 7.29618e+10
29, 7.29618e+10
30, 7.29618e+10
31, 7.05942e+10
32, 7.05942e+10
33, 6.61601e+10
34, 6.06275e+10
35, 6.06275e+10
36, 6.06275e+10
37, 6.06275e+10
38, 6.06275e+10
39, 6.06275e+10
40, 6.06275e+10
41, 6.06275e+10
42, 5.65839e+10
43, 5.65839e+10
44, 4.8333e+10
45, 4.8333e+10
46, 4.69463e+10
47, 4.69463e+10
48, 4.69463e+10
49, 4.37656e+10
50, 4.35007e+10
51, 4.16887e+10
52, 4.16887e+10
53, 4.16887e+10
54, 4.16887e+10
55, 3.93138e+10
56, 3.93138e+10
57, 3.93138e+10
58, 3.90076e+10
59, 3.90076e+10
60, 3.90076e+10
61, 3.90076e+10
62, 3.90076e+10
63, 3.90076e+10
64, 3.90076e+10
65, 3.78067e+10
66, 3.22962e+10
67, 3.22962e+10
68, 3.22962e+10
69, 3.22962e+10
70, 3.10838e+10
71, 3.08924e+10
72, 3.08924e+10
73, 3.08924e+10
74, 3.08924e+10
75, 3.08924e+10
76, 3.08924e+10
77, 3.08924e+10
78, 3.08924e+10
79, 3.08924e+10
80, 3.08924e+10
81, 2.92998e+10
82, 2.92998e+10
83, 2.92998e+10
84, 2.92998e+10
85, 2.92998e+10
86, 2.92998e+10
87, 2.79969e+10
88, 2.79969e+10
89, 2.79969e+10
90, 2.62371e+10
91, 2.58899e+10
92, 2.58899e+10
93, 2.58899e+10
94, 2.58899e+10
95, 2.58899e+10
96, 2.58899e+10
97, 2.58899e+10
98, 2.58899e+10
99, 2.55618e+10
100, 2.55618e+10
101, 2.55618e+10
102, 2.50707e+10
103, 2.50707e+10
104, 2.50707e+10
105, 2.50707e+10
106, 2.50707e+10
107, 2.50707e+10
108, 2.45498e+10
109, 2.45498e+10
110, 2.32421e+10
111, 2.21748e+10
112, 2.21748e+10
113, 2.21748e+10
114, 2.17242e+10
115, 2.03995e+10
116, 2.03995e+10
117, 1.96958e+10
118, 1.96958e+10
119, 1.96958e+10
120, 1.96958e+10
121, 1.96958e+10
122, 1.96958e+10
123, 1.96958e+10
124, 1.96958e+10
125, 1.96958e+10
126, 1.96958e+10
127, 1.96958e+10
128, 1.96958e+10
129, 1.96958e+10
130, 1.96958e+10
131, 1.96958e+10
132, 1.96958e+10
133, 1.88751e+10
134, 1.85033e+10
135, 1.85033e+10
136, 1.74157e+10
137, 1.7029e+10
138, 1.7029e+10
139, 1.7029e+10
140, 1.7029e+10
141, 1.7029e+10
142, 1.7029e+10
143, 1.7029e+10
144, 1.7029e+10
145, 1.7029e+10
146, 1.63117e+10
147, 1.54538e+10
148, 1.54538e+10
149, 1.54538e+10
150, 1.54538e+10
151, 1.54538e+10
152, 1.52536e+10
153, 1.52139e+10
154, 1.49882e+10
155, 1.4263e+10
156, 1.4263e+10
157, 1.4263e+10
158, 1.4263e+10
159, 1.4263e+10
160, 1.41261e+10
161, 1.41261e+10
162, 1.41261e+10
163, 1.41261e+10
164, 1.41261e+10
165, 1.364e+10
166, 1.364e+10
167, 1.364e+10
168, 1.364e+10
169, 1.364e+10
170, 1.23843e+10
171, 1.23843e+10
172, 1.23843e+10
173, 1.23843e+10
174, 1.23843e+10
175, 1.23843e+10
176, 1.23843e+10
177, 1.23843e+10
178, 1.23843e+10
179, 1.23843e+10
180, 1.23843e+10
181, 1.23843e+10
182, 1.23843e+10
183, 1.23843e+10
184, 1.23843e+10
185, 1.23843e+10
186, 1.23843e+10
187, 1.23843e+10
188, 1.23843e+10
189, 1.23843e+10
190, 1.23843e+10
191, 1.23843e+10
192, 1.23843e+10
193, 1.23843e+10
194, 1.23843e+10
195, 1.23843e+10
196, 1.23843e+10
197, 1.23843e+10
198, 1.22791e+10
199, 1.19862e+10
200, 1.19862e+10
201, 1.19862e+10
202, 1.19862e+10
203, 1.19862e+10
204, 1.08893e+10
205, 1.08893e+10
206, 1.08893e+10
207, 1.08893e+10
208, 1.08893e+10
209, 1.08893e+10
210, 1.05835e+10
211, 1.01512e+10
212, 1.01512e+10
213, 9.98869e+09
214, 9.98869e+09
215, 9.98869e+09
216, 9.94036e+09
217, 9.94036e+09
218, 9.33335e+09
219, 9.32444e+09
220, 9.32444e+09
221, 9.32444e+09
222, 9.32444e+09
223, 9.32444e+09
224, 9.32444e+09
225, 9.32444e+09
226, 9.32444e+09
227, 9.32444e+09
228, 9.32444e+09
229, 9.32444e+09
230, 9.32444e+09
231, 9.32444e+09
232, 9.32444e+09
233, 9.32444e+09
234, 9.32444e+09
235, 8.95544e+09
236, 8.95544e+09
237, 8.95544e+09
238, 8.95544e+09
239, 8.95544e+09
240, 8.95544e+09
241, 8.95544e+09
242, 8.95544e+09
243, 8.95544e+09
244, 8.95544e+09
245, 8.89406e+09
246, 8.50245e+09
247, 8.50245e+09
248, 7.95454e+09
249, 7.95454e+09
250, 7.95454e+09
251, 7.95454e+09
252, 7.95454e+09
253, 7.95454e+09
254, 7.95454e+09
255, 7.95454e+09
256, 7.95454e+09
257, 7.95454e+09
258, 7.95454e+09
259, 7.95454e+09
260, 7.95454e+09
261, 7.95454e+09
262, 7.95454e+09
263, 7.95454e+09
264, 7.95454e+09
265, 7.95454e+09
266, 7.95454e+09
267, 7.80903e+09
268, 7.58564e+09
269, 7.58564e+09
270, 7.25617e+09
271, 6.84081e+09
272, 6.84081e+09
273, 6.84081e+09
274, 6.84081e+09
275, 6.84081e+09
276, 6.84081e+09
277, 6.84081e+09
278, 6.84081e+09
279, 6.84081e+09
280, 6.84081e+09
281, 6.84081e+09
282, 6.84081e+09
283, 6.84081e+09
284, 6.84081e+09
285, 6.84081e+09
286, 6.84081e+09
287, 6.8277e+09
288, 6.59129e+09
289, 6.59129e+09
290, 6.54661e+09
291, 6.44999e+09
292, 6.44999e+09
293, 6.44999e+09
294, 6.24262e+09
295, 6.24262e+09
296, 6.24262e+09
297, 6.24078e+09
298, 6.2384e+09
299, 6.2384e+09
300, 6.2384e+09
301, 6.2384e+09
302, 6.2384e+09
303, 6.2384e+09
304, 6.2384e+09
305, 6.2384e+09
306, 6.2384e+09
307, 6.2384e+09
308, 6.2384e+09
309, 6.2384e+09
310, 6.2384e+09
311, 6.2384e+09
312, 6.2384e+09
313, 6.2384e+09
314, 6.2384e+09
315, 6.2384e+09
316, 6.2384e+09
317, 6.2384e+09
318, 6.2384e+09
319, 6.03318e+09
320, 6.03318e+09
321, 6.03318e+09
322, 5.98358e+09
323, 5.98358e+09
324, 5.98358e+09
325, 5.98358e+09
326, 5.98358e+09
327, 5.98358e+09
328, 5.98358e+09
329, 5.98358e+09
330, 5.98358e+09
331, 5.98358e+09
332, 5.98358e+09
333, 5.98358e+09
334, 5.94273e+09
335, 5.72068e+09
336, 5.72068e+09
337, 5.72068e+09
338, 5.72068e+09
339, 5.72068e+09
340, 5.72068e+09
341, 5.72068e+09
342, 5.72068e+09
343, 5.72068e+09
344, 5.70987e+09
345, 5.70987e+09
346, 5.70987e+09
347, 5.40008e+09
348, 5.40008e+09
349, 5.40008e+09
350, 5.33468e+09
351, 5.33468e+09
352, 5.33468e+09
353, 5.33468e+09
354, 5.33468e+09
355, 5.33468e+09
356, 5.33468e+09
357, 5.24358e+09
358, 5.24358e+09
359, 5.24358e+09
360, 5.24358e+09
361, 5.22827e+09
362, 5.22827e+09
363, 5.22827e+09
364, 5.22827e+09
365, 5.21894e+09
366, 5.21894e+09
367, 4.73991e+09
368, 4.72304e+09
369, 4.63329e+09
370, 4.62443e+09
371, 4.57112e+09
372, 4.49001e+09
373, 4.49001e+09
374, 4.49001e+09
375, 4.49001e+09
376, 4.49001e+09
377, 4.41878e+09
378, 4.41878e+09
379, 4.41878e+09
380, 4.41878e+09
381, 4.34026e+09
382, 4.25744e+09
383, 4.25744e+09
384, 4.20599e+09
385, 4.20599e+09
386, 4.20599e+09
387, 4.20599e+09
388, 4.20599e+09
389, 4.20599e+09
390, 4.20599e+09
391, 4.20599e+09
392, 4.20599e+09
393, 4.20599e+09
394, 4.20599e+09
395, 4.20599e+09
396, 4.19951e+09
397, 4.19951e+09
398, 4.19951e+09
399, 4.19951e+09
400, 4.00417e+09
401, 4.00417e+09
402, 4.00417e+09
403, 3.99052e+09
404, 3.99052e+09
405, 3.99052e+09
406, 3.99052e+09
407, 3.99052e+09
408, 3.99052e+09
409, 3.99052e+09
410, 3.99052e+09
411, 3.99052e+09
412, 3.99052e+09
413, 3.99052e+09
414, 3.99052e+09
415, 3.99052e+09
416, 3.99052e+09
417, 3.99052e+09
418, 3.99052e+09
419, 3.99052e+09
420, 3.99052e+09
421, 3.99052e+09
422, 3.95161e+09
423, 3.95161e+09
424, 3.95161e+09
425, 3.95161e+09
426, 3.95161e+09
427, 3.95161e+09
428, 3.95161e+09
429, 3.95161e+09
430, 3.95161e+09
431, 3.95161e+09
432, 3.82328e+09
433, 3.73529e+09
434, 3.73529e+09
435, 3.73529e+09
436, 3.73529e+09
437, 3.73529e+09
438, 3.65154e+09
439, 3.6431e+09
440, 3.6431e+09
441, 3.6431e+09
442, 3.6431e+09
443, 3.58889e+09
444, 3.58889e+09
445, 3.58889e+09
446, 3.58889e+09
447, 3.58889e+09
448, 3.58889e+09
449, 3.58889e+09
450, 3.58889e+09
451, 3.58889e+09
452, 3.58889e+09
453, 3.58889e+09
454, 3.58889e+09
455, 3.58889e+09
456, 3.58889e+09
457, 3.58889e+09
458, 3.58889e+09
459, 3.58889e+09
460, 3.58889e+09
461, 3.58889e+09
462, 3.58889e+09
463, 3.58889e+09
464, 3.46383e+09
465, 3.40749e+09
466, 3.30271e+09
467, 3.30271e+09
468, 3.30213e+09
469, 3.28765e+09
470, 3.28765e+09
471, 3.28765e+09
472, 3.28765e+09
473, 3.28765e+09
474, 3.28765e+09
475, 3.28765e+09
476, 3.25696e+09
477, 3.1851e+09
478, 3.1851e+09
479, 3.1851e+09
480, 3.1851e+09
481, 3.1851e+09
482, 3.1851e+09
483, 3.1851e+09
484, 3.1851e+09
485, 3.1851e+09
486, 3.1851e+09
487, 3.1851e+09
488, 3.1851e+09
489, 3.1851e+09
490, 3.1851e+09
491, 3.1851e+09
492, 3.1851e+09
493, 3.1851e+09
494, 3.1851e+09
495, 3.11623e+09
496, 3.11623e+09
497, 3.11075e+09
