Iteration, BestFitness
0, 3.54237e+12
1, 2.82425e+12
2, 2.55562e+12
3, 2.55154e+12
4, 2.15738e+12
5, 2.15738e+12
6, 1.86551e+12
7, 1.59421e+12
8, 1.59421e+12
9, 1.4229e+12
10, 1.16449e+12
11, 8.50578e+11
12, 7.78198e+11
13, 7.78198e+11
14, 7.40726e+11
15, 6.37904e+11
16, 6.28287e+11
17, 5.42365e+11
18, 5.28774e+11
19, 5.28774e+11
20, 4.82463e+11
21, 4.29846e+11
22, 4.29846e+11
23, 4.29846e+11
24, 4.13162e+11
25, 4.13162e+11
26, 4.09355e+11
27, 3.95919e+11
28, 3.41286e+11
29, 3.07246e+11
30, 3.07246e+11
31, 3.07246e+11
32, 2.70474e+11
33, 2.70474e+11
34, 2.70474e+11
35, 2.26713e+11
36, 2.2571e+11
37, 2.2571e+11
38, 2.2571e+11
39, 2.2571e+11
40, 2.2571e+11
41, 2.2571e+11
42, 2.2571e+11
43, 2.12086e+11
44, 2.0626e+11
45, 1.95279e+11
46, 1.90026e+11
47, 1.85175e+11
48, 1.85175e+11
49, 1.85175e+11
50, 1.71291e+11
51, 1.52645e+11
52, 1.52645e+11
53, 1.52645e+11
54, 1.5076e+11
55, 1.33528e+11
56, 1.33528e+11
57, 1.33528e+11
58, 1.33116e+11
59, 1.20601e+11
60, 1.20601e+11
61, 1.2008e+11
62, 1.11797e+11
63, 1.11797e+11
64, 1.11797e+11
65, 1.0855e+11
66, 1.0646e+11
67, 9.8565e+10
68, 9.34623e+10
69, 9.34623e+10
70, 9.34623e+10
71, 9.34623e+10
72, 9.34623e+10
73, 9.34623e+10
74, 9.34623e+10
75, 9.34623e+10
76, 9.34623e+10
77, 8.88655e+10
78, 8.69915e+10
79, 8.42089e+10
80, 8.42089e+10
81, 8.42089e+10
82, 8.28222e+10
83, 7.96419e+10
84, 7.96419e+10
85, 7.96419e+10
86, 7.83844e+10
87, 7.13662e+10
88, 6.65272e+10
89, 6.53442e+10
90, 6.53442e+10
91, 6.53442e+10
92, 6.50481e+10
93, 6.50481e+10
94, 6.50481e+10
95, 6.50481e+10
96, 6.50481e+10
97, 6.50481e+10
98, 6.50481e+10
99, 6.50481e+10
100, 6.50481e+10
101, 6.09493e+10
102, 6.09493e+10
103, 5.92716e+10
104, 5.92716e+10
105, 5.92716e+10
106, 5.92716e+10
107, 5.92716e+10
108, 5.86165e+10
109, 5.73141e+10
110, 5.087e+10
111, 5.087e+10
112, 5.087e+10
113, 4.98173e+10
114, 4.98173e+10
115, 4.98173e+10
116, 4.98173e+10
117, 4.8337e+10
118, 4.80221e+10
119, 4.80221e+10
120, 4.80221e+10
121, 4.80221e+10
122, 4.63231e+10
123, 4.63231e+10
124, 4.61191e+10
125, 4.61191e+10
126, 4.61191e+10
127, 4.61191e+10
128, 4.61191e+10
129, 4.61191e+10
130, 4.61191e+10
131, 4.61191e+10
132, 4.61191e+10
133, 4.61191e+10
134, 4.61191e+10
135, 4.61191e+10
136, 4.52478e+10
137, 4.52478e+10
138, 4.4601e+10
139, 4.33642e+10
140, 4.25374e+10
141, 4.25374e+10
142, 4.25374e+10
143, 4.14682e+10
144, 4.0665e+10
145, 3.94816e+10
146, 3.94816e+10
147, 3.94816e+10
148, 3.87707e+10
149, 3.87707e+10
150, 3.87707e+10
151, 3.87707e+10
152, 3.87707e+10
153, 3.87707e+10
154, 3.87707e+10
155, 3.87707e+10
156, 3.87707e+10
157, 3.81314e+10
158, 3.81314e+10
159, 3.81314e+10
160, 3.69845e+10
161, 3.69721e+10
162, 3.66495e+10
163, 3.66495e+10
164, 3.66166e+10
165, 3.66166e+10
166, 3.65917e+10
167, 3.65917e+10
168, 3.65917e+10
169, 3.65917e+10
170, 3.65917e+10
171, 3.65917e+10
172, 3.65917e+10
173, 3.65917e+10
174, 3.65917e+10
175, 3.65917e+10
176, 3.65917e+10
177, 3.62635e+10
178, 3.62635e+10
179, 3.62635e+10
180, 3.62635e+10
181, 3.62635e+10
182, 3.62635e+10
183, 3.50386e+10
184, 3.50386e+10
185, 3.50386e+10
186, 3.50386e+10
187, 3.50386e+10
188, 3.48198e+10
189, 3.45339e+10
190, 3.45339e+10
191, 3.45339e+10
192, 3.45339e+10
193, 3.45339e+10
194, 3.34754e+10
195, 3.34754e+10
196, 3.34754e+10
197, 3.21607e+10
198, 3.21267e+10
199, 3.21267e+10
200, 3.21267e+10
201, 3.1014e+10
202, 3.1014e+10
203, 3.08914e+10
204, 3.08914e+10
205, 3.08914e+10
206, 3.08914e+10
207, 3.08914e+10
208, 3.08914e+10
209, 3.07682e+10
210, 3.07682e+10
211, 3.07682e+10
212, 3.07682e+10
213, 3.07682e+10
214, 3.07682e+10
215, 3.07682e+10
216, 3.07682e+10
217, 3.07682e+10
218, 3.07682e+10
219, 3.06318e+10
220, 3.04764e+10
221, 3.02398e+10
222, 3.02398e+10
223, 3.02398e+10
224, 3.02398e+10
225, 2.93703e+10
226, 2.9334e+10
227, 2.9334e+10
228, 2.9334e+10
229, 2.9334e+10
230, 2.9334e+10
231, 2.9334e+10
232, 2.9334e+10
233, 2.91682e+10
234, 2.91615e+10
235, 2.91615e+10
236, 2.91615e+10
237, 2.88086e+10
238, 2.88086e+10
239, 2.81966e+10
240, 2.81966e+10
241, 2.81966e+10
242, 2.81966e+10
243, 2.81966e+10
244, 2.77809e+10
245, 2.77275e+10
246, 2.76669e+10
247, 2.76669e+10
248, 2.76669e+10
249, 2.76669e+10
250, 2.76376e+10
251, 2.76376e+10
252, 2.76376e+10
253, 2.76376e+10
254, 2.76322e+10
255, 2.66726e+10
256, 2.63318e+10
257, 2.63318e+10
258, 2.63318e+10
259, 2.63318e+10
260, 2.63318e+10
261, 2.63318e+10
262, 2.63318e+10
263, 2.62964e+10
264, 2.58135e+10
265, 2.55421e+10
266, 2.55421e+10
267, 2.55421e+10
268, 2.54049e+10
269, 2.54049e+10
270, 2.54049e+10
271, 2.53307e+10
272, 2.52986e+10
273, 2.52986e+10
274, 2.52986e+10
275, 2.52986e+10
276, 2.52986e+10
277, 2.51541e+10
278, 2.51541e+10
279, 2.51541e+10
280, 2.51541e+10
281, 2.51541e+10
282, 2.51541e+10
283, 2.51541e+10
284, 2.51541e+10
285, 2.49983e+10
286, 2.49983e+10
287, 2.49983e+10
288, 2.49983e+10
289, 2.49983e+10
290, 2.47638e+10
291, 2.45063e+10
292, 2.43332e+10
293, 2.41169e+10
294, 2.41169e+10
295, 2.41169e+10
296, 2.41169e+10
297, 2.41169e+10
298, 2.41169e+10
299, 2.41169e+10
300, 2.41169e+10
301, 2.41169e+10
302, 2.41169e+10
303, 2.41169e+10
304, 2.41169e+10
305, 2.39135e+10
306, 2.39135e+10
307, 2.38719e+10
308, 2.38719e+10
309, 2.38719e+10
310, 2.35948e+10
311, 2.35948e+10
312, 2.35948e+10
313, 2.35948e+10
314, 2.35048e+10
315, 2.35048e+10
316, 2.35048e+10
317, 2.35048e+10
318, 2.35048e+10
319, 2.35048e+10
320, 2.35048e+10
321, 2.35048e+10
322, 2.32462e+10
323, 2.32462e+10
324, 2.31317e+10
325, 2.30595e+10
326, 2.30426e+10
327, 2.30275e+10
328, 2.30275e+10
329, 2.29217e+10
330, 2.29217e+10
331, 2.29217e+10
332, 2.29217e+10
333, 2.29217e+10
334, 2.29217e+10
335, 2.29217e+10
336, 2.29217e+10
337, 2.29217e+10
338, 2.29217e+10
339, 2.28005e+10
340, 2.27416e+10
341, 2.27416e+10
342, 2.26607e+10
343, 2.25923e+10
344, 2.25923e+10
345, 2.25024e+10
346, 2.25024e+10
347, 2.25024e+10
348, 2.25024e+10
349, 2.24293e+10
350, 2.24293e+10
351, 2.23536e+10
352, 2.23536e+10
353, 2.21384e+10
354, 2.20738e+10
355, 2.19559e+10
356, 2.18291e+10
357, 2.16977e+10
358, 2.16977e+10
359, 2.16977e+10
360, 2.16977e+10
361, 2.16977e+10
362, 2.16977e+10
363, 2.16658e+10
364, 2.16658e+10
365, 2.16355e+10
366, 2.16355e+10
367, 2.16355e+10
368, 2.16355e+10
369, 2.16355e+10
370, 2.16355e+10
371, 2.16355e+10
372, 2.16355e+10
373, 2.16001e+10
374, 2.14813e+10
375, 2.14068e+10
376, 2.14068e+10
377, 2.14068e+10
378, 2.13832e+10
379, 2.13832e+10
380, 2.13832e+10
381, 2.13832e+10
382, 2.13832e+10
383, 2.13242e+10
384, 2.13242e+10
385, 2.13242e+10
386, 2.13242e+10
387, 2.13242e+10
388, 2.13242e+10
389, 2.13242e+10
390, 2.12847e+10
391, 2.11097e+10
392, 2.11097e+10
393, 2.11097e+10
394, 2.11097e+10
395, 2.11097e+10
396, 2.10013e+10
397, 2.09182e+10
398, 2.09182e+10
399, 2.08939e+10
400, 2.08608e+10
401, 2.08608e+10
402, 2.08569e+10
403, 2.08569e+10
404, 2.08569e+10
405, 2.08569e+10
406, 2.08302e+10
407, 2.08186e+10
408, 2.08186e+10
409, 2.08186e+10
410, 2.08186e+10
411, 2.077e+10
412, 2.06214e+10
413, 2.06214e+10
414, 2.06214e+10
415, 2.06214e+10
416, 2.06214e+10
417, 2.062e+10
418, 2.062e+10
419, 2.062e+10
420, 2.062e+10
421, 2.062e+10
422, 2.062e+10
423, 2.062e+10
424, 2.062e+10
425, 2.062e+10
426, 2.062e+10
427, 2.062e+10
428, 2.062e+10
429, 2.04804e+10
430, 2.04804e+10
431, 2.04804e+10
432, 2.04804e+10
433, 2.04804e+10
434, 2.04804e+10
435, 2.04804e+10
436, 2.04078e+10
437, 2.04078e+10
438, 2.04078e+10
439, 2.04078e+10
440, 2.03637e+10
441, 2.03637e+10
442, 2.02527e+10
443, 2.02527e+10
444, 2.02527e+10
445, 2.02527e+10
446, 2.01535e+10
447, 2.01535e+10
448, 2.01535e+10
449, 2.01386e+10
450, 2.01386e+10
451, 2.01386e+10
452, 2.01386e+10
453, 2.01386e+10
454, 2.01386e+10
455, 2.01386e+10
456, 2.01386e+10
457, 2.01386e+10
458, 2.00751e+10
459, 2.00751e+10
460, 2.00751e+10
461, 2.00751e+10
462, 2.00751e+10
463, 2.00751e+10
464, 2.00751e+10
465, 2.0029e+10
466, 1.99611e+10
467, 1.99611e+10
468, 1.99611e+10
469, 1.99611e+10
470, 1.99611e+10
471, 1.99611e+10
472, 1.99611e+10
473, 1.99463e+10
474, 1.99463e+10
475, 1.99411e+10
476, 1.99022e+10
477, 1.9887e+10
478, 1.9887e+10
479, 1.98677e+10
480, 1.98677e+10
481, 1.98677e+10
482, 1.98677e+10
483, 1.98677e+10
484, 1.98677e+10
485, 1.98306e+10
486, 1.98159e+10
487, 1.98159e+10
488, 1.98159e+10
489, 1.97995e+10
490, 1.97503e+10
491, 1.97503e+10
492, 1.97503e+10
493, 1.97503e+10
494, 1.97503e+10
495, 1.96886e+10
496, 1.96418e+10
497, 1.96418e+10
