Iteration, BestFitness
0, 3.31484e+11
1, 2.75686e+11
2, 2.75686e+11
3, 2.59965e+11
4, 2.11228e+11
5, 2.11228e+11
6, 2.11228e+11
7, 1.79717e+11
8, 1.77368e+11
9, 1.58586e+11
10, 1.28648e+11
11, 1.20557e+11
12, 1.20557e+11
13, 1.11264e+11
14, 1.02715e+11
15, 1.02103e+11
16, 9.69589e+10
17, 9.22734e+10
18, 8.35153e+10
19, 8.22241e+10
20, 8.22241e+10
21, 8.22241e+10
22, 8.22241e+10
23, 8.22241e+10
24, 8.22241e+10
25, 7.32002e+10
26, 7.04653e+10
27, 7.04653e+10
28, 7.04653e+10
29, 7.04653e+10
30, 7.04653e+10
31, 7.04653e+10
32, 6.80031e+10
33, 6.06313e+10
34, 5.43453e+10
35, 5.36475e+10
36, 5.08283e+10
37, 5.08283e+10
38, 4.99554e+10
39, 4.99554e+10
40, 4.91264e+10
41, 4.91264e+10
42, 4.91264e+10
43, 4.91264e+10
44, 4.91264e+10
45, 4.91264e+10
46, 4.77707e+10
47, 4.73352e+10
48, 4.73352e+10
49, 4.73352e+10
50, 4.45485e+10
51, 4.25726e+10
52, 4.25726e+10
53, 4.25726e+10
54, 3.79256e+10
55, 3.79256e+10
56, 3.79256e+10
57, 3.79256e+10
58, 3.79256e+10
59, 3.69915e+10
60, 3.69915e+10
61, 3.69915e+10
62, 3.60969e+10
63, 3.60969e+10
64, 3.60969e+10
65, 3.60969e+10
66, 3.60969e+10
67, 3.60969e+10
68, 3.48792e+10
69, 3.47841e+10
70, 3.47841e+10
71, 3.2881e+10
72, 2.98345e+10
73, 2.98345e+10
74, 2.81043e+10
75, 2.81043e+10
76, 2.81043e+10
77, 2.81043e+10
78, 2.81043e+10
79, 2.81043e+10
80, 2.81043e+10
81, 2.65029e+10
82, 2.63884e+10
83, 2.63884e+10
84, 2.63884e+10
85, 2.63884e+10
86, 2.63884e+10
87, 2.63884e+10
88, 2.63884e+10
89, 2.63884e+10
90, 2.63884e+10
91, 2.63884e+10
92, 2.63884e+10
93, 2.63884e+10
94, 2.63884e+10
95, 2.63884e+10
96, 2.63884e+10
97, 2.63884e+10
98, 2.63884e+10
99, 2.63884e+10
100, 2.63884e+10
101, 2.63884e+10
102, 2.63629e+10
103, 2.63629e+10
104, 2.56617e+10
105, 2.53925e+10
106, 2.53925e+10
107, 2.53925e+10
108, 2.44575e+10
109, 2.32587e+10
110, 2.32587e+10
111, 2.32587e+10
112, 2.32587e+10
113, 2.32587e+10
114, 2.27582e+10
115, 2.27582e+10
116, 2.27582e+10
117, 2.20738e+10
118, 2.12329e+10
119, 2.07292e+10
120, 2.07292e+10
121, 2.05369e+10
122, 2.05369e+10
123, 2.05369e+10
124, 2.05369e+10
125, 2.05369e+10
126, 2.05369e+10
127, 2.02397e+10
128, 2.02397e+10
129, 1.95693e+10
130, 1.95693e+10
131, 1.95693e+10
132, 1.91831e+10
133, 1.87387e+10
134, 1.77069e+10
135, 1.77069e+10
136, 1.77069e+10
137, 1.6201e+10
138, 1.6201e+10
139, 1.6201e+10
140, 1.6201e+10
141, 1.6201e+10
142, 1.6201e+10
143, 1.6201e+10
144, 1.6201e+10
145, 1.6201e+10
146, 1.6201e+10
147, 1.6201e+10
148, 1.6201e+10
149, 1.6201e+10
150, 1.6201e+10
151, 1.6201e+10
152, 1.6201e+10
153, 1.6201e+10
154, 1.6201e+10
155, 1.6201e+10
156, 1.6201e+10
157, 1.6201e+10
158, 1.6201e+10
159, 1.6201e+10
160, 1.6201e+10
161, 1.5331e+10
162, 1.5331e+10
163, 1.5331e+10
164, 1.5331e+10
165, 1.5331e+10
166, 1.4213e+10
167, 1.31408e+10
168, 1.31408e+10
169, 1.31104e+10
170, 1.26701e+10
171, 1.26701e+10
172, 1.26701e+10
173, 1.26701e+10
174, 1.26701e+10
175, 1.26701e+10
176, 1.25727e+10
177, 1.25727e+10
178, 1.25727e+10
179, 1.25727e+10
180, 1.25727e+10
181, 1.25727e+10
182, 1.25727e+10
183, 1.25727e+10
184, 1.25727e+10
185, 1.25727e+10
186, 1.25727e+10
187, 1.25727e+10
188, 1.25727e+10
189, 1.25727e+10
190, 1.25727e+10
191, 1.25727e+10
192, 1.25727e+10
193, 1.25727e+10
194, 1.25727e+10
195, 1.25727e+10
196, 1.21829e+10
197, 1.07203e+10
198, 1.07203e+10
199, 1.07203e+10
200, 1.07203e+10
201, 1.04733e+10
202, 1.04733e+10
203, 1.04379e+10
204, 1.04379e+10
205, 1.04379e+10
206, 1.04379e+10
207, 1.04379e+10
208, 1.04379e+10
209, 1.04379e+10
210, 1.04379e+10
211, 1.03786e+10
212, 1.03786e+10
213, 1.03786e+10
214, 1.02146e+10
215, 1.02146e+10
216, 1.02146e+10
217, 1.02146e+10
218, 1.02146e+10
219, 1.02146e+10
220, 9.86305e+09
221, 9.86305e+09
222, 9.86305e+09
223, 9.86305e+09
224, 9.86305e+09
225, 9.86305e+09
226, 9.53313e+09
227, 9.3589e+09
228, 9.04178e+09
229, 9.04178e+09
230, 8.2248e+09
231, 8.2248e+09
232, 8.2248e+09
233, 8.2248e+09
234, 8.2248e+09
235, 8.2248e+09
236, 8.2248e+09
237, 8.2248e+09
238, 8.2248e+09
239, 8.16583e+09
240, 8.16583e+09
241, 8.13388e+09
242, 8.13388e+09
243, 8.11567e+09
244, 8.09403e+09
245, 8.09403e+09
246, 8.09403e+09
247, 8.09403e+09
248, 8.09403e+09
249, 8.09403e+09
250, 8.09403e+09
251, 8.09403e+09
252, 7.99392e+09
253, 7.60804e+09
254, 7.60804e+09
255, 7.60804e+09
256, 7.60804e+09
257, 7.60804e+09
258, 7.60804e+09
259, 7.60804e+09
260, 7.60804e+09
261, 7.60804e+09
262, 7.60804e+09
263, 7.60804e+09
264, 7.60804e+09
265, 7.60804e+09
266, 7.60804e+09
267, 7.60804e+09
268, 7.60804e+09
269, 7.44772e+09
270, 7.44772e+09
271, 7.44772e+09
272, 7.44772e+09
273, 7.44772e+09
274, 7.13846e+09
275, 7.13846e+09
276, 7.13846e+09
277, 7.13015e+09
278, 7.13015e+09
279, 7.10939e+09
280, 7.10939e+09
281, 6.87345e+09
282, 6.46704e+09
283, 6.46704e+09
284, 6.46704e+09
285, 6.46704e+09
286, 6.46704e+09
287, 6.46704e+09
288, 6.46704e+09
289, 6.46704e+09
290, 6.46704e+09
291, 6.46704e+09
292, 6.46704e+09
293, 6.46704e+09
294, 6.46704e+09
295, 6.46704e+09
296, 6.46704e+09
297, 6.17781e+09
298, 6.17781e+09
299, 6.17781e+09
300, 6.17781e+09
301, 6.17781e+09
302, 6.17781e+09
303, 6.17781e+09
304, 6.17781e+09
305, 6.17781e+09
306, 6.17781e+09
307, 6.17781e+09
308, 6.17781e+09
309, 6.17781e+09
310, 6.17781e+09
311, 6.17781e+09
312, 6.13928e+09
313, 6.10105e+09
314, 5.77551e+09
315, 5.44742e+09
316, 5.41674e+09
317, 5.31646e+09
318, 5.31646e+09
319, 5.2947e+09
320, 5.2947e+09
321, 5.2947e+09
322, 5.2947e+09
323, 5.2947e+09
324, 5.2947e+09
325, 5.12443e+09
326, 5.10666e+09
327, 5.10666e+09
328, 5.03416e+09
329, 5.03416e+09
330, 5.03416e+09
331, 5.03416e+09
332, 5.03416e+09
333, 5.03416e+09
334, 5.03416e+09
335, 5.03416e+09
336, 5.03416e+09
337, 5.03416e+09
338, 5.03416e+09
339, 5.03416e+09
340, 5.03416e+09
341, 5.03416e+09
342, 4.79441e+09
343, 4.79441e+09
344, 4.79441e+09
345, 4.79441e+09
346, 4.79441e+09
347, 4.79441e+09
348, 4.79441e+09
349, 4.79441e+09
350, 4.75528e+09
351, 4.75528e+09
352, 4.75528e+09
353, 4.75528e+09
354, 4.75528e+09
355, 4.75528e+09
356, 4.75528e+09
357, 4.75528e+09
358, 4.75528e+09
359, 4.75528e+09
360, 4.75528e+09
361, 4.75528e+09
362, 4.75528e+09
363, 4.75528e+09
364, 4.75528e+09
365, 4.75528e+09
366, 4.73337e+09
367, 4.73337e+09
368, 4.45389e+09
369, 4.4329e+09
370, 4.39786e+09
371, 4.37832e+09
372, 4.37832e+09
373, 4.37832e+09
374, 4.37832e+09
375, 4.33625e+09
376, 4.33625e+09
377, 4.33625e+09
378, 4.33625e+09
379, 4.28303e+09
380, 4.28303e+09
381, 4.24821e+09
382, 4.24821e+09
383, 4.24821e+09
384, 4.24821e+09
385, 4.24821e+09
386, 4.22681e+09
387, 4.22681e+09
388, 4.22681e+09
389, 4.22681e+09
390, 4.1915e+09
391, 4.09471e+09
392, 4.09471e+09
393, 4.09471e+09
394, 4.09471e+09
395, 4.09471e+09
396, 4.09471e+09
397, 4.09471e+09
398, 4.08331e+09
399, 4.08331e+09
400, 4.08331e+09
401, 4.06008e+09
402, 4.02611e+09
403, 4.02611e+09
404, 4.02611e+09
405, 4.02611e+09
406, 4.02611e+09
407, 3.92105e+09
408, 3.90132e+09
409, 3.90132e+09
410, 3.90132e+09
411, 3.90132e+09
412, 3.90132e+09
413, 3.90132e+09
414, 3.90132e+09
415, 3.73095e+09
416, 3.73095e+09
417, 3.73095e+09
418, 3.73095e+09
419, 3.73095e+09
420, 3.73095e+09
421, 3.73095e+09
422, 3.73095e+09
423, 3.73095e+09
424, 3.73095e+09
425, 3.73095e+09
426, 3.73095e+09
427, 3.73095e+09
428, 3.73095e+09
429, 3.73095e+09
430, 3.73095e+09
431, 3.66976e+09
432, 3.66976e+09
433, 3.66976e+09
434, 3.66976e+09
435, 3.66976e+09
436, 3.63938e+09
437, 3.61978e+09
438, 3.5049e+09
439, 3.5049e+09
440, 3.5049e+09
441, 3.5049e+09
442, 3.5049e+09
443, 3.5049e+09
444, 3.5049e+09
445, 3.5049e+09
446, 3.5049e+09
447, 3.5049e+09
448, 3.5049e+09
449, 3.5049e+09
450, 3.5049e+09
451, 3.4539e+09
452, 3.4539e+09
453, 3.4539e+09
454, 3.4539e+09
455, 3.4539e+09
456, 3.39554e+09
457, 3.39554e+09
458, 3.39554e+09
459, 3.36124e+09
460, 3.36124e+09
461, 3.36124e+09
462, 3.36124e+09
463, 3.36124e+09
464, 3.34479e+09
465, 3.30741e+09
466, 3.17658e+09
467, 3.17658e+09
468, 3.1324e+09
469, 3.1324e+09
470, 3.1324e+09
471, 3.11824e+09
472, 3.11824e+09
473, 3.11824e+09
474, 3.11824e+09
475, 3.11824e+09
476, 3.11824e+09
477, 3.11824e+09
478, 3.11824e+09
479, 3.11824e+09
480, 3.11824e+09
481, 3.11824e+09
482, 3.11824e+09
483, 3.11824e+09
484, 3.07543e+09
485, 3.07543e+09
486, 3.07543e+09
487, 3.07543e+09
488, 3.07543e+09
489, 3.07543e+09
490, 3.07543e+09
491, 3.07524e+09
492, 3.07524e+09
493, 3.07524e+09
494, 3.05886e+09
495, 3.05886e+09
496, 3.01855e+09
497, 3.01855e+09
