Iteration, BestFitness
0, 1.02475e+13
1, 8.07272e+12
2, 7.59959e+12
3, 7.26963e+12
4, 7.12278e+12
5, 6.43066e+12
6, 6.42353e+12
7, 6.24638e+12
8, 5.72113e+12
9, 5.69057e+12
10, 5.29318e+12
11, 5.29318e+12
12, 5.29318e+12
13, 5.29318e+12
14, 5.29318e+12
15, 4.86146e+12
16, 4.52497e+12
17, 4.52497e+12
18, 4.52497e+12
19, 4.51801e+12
20, 4.29902e+12
21, 4.1205e+12
22, 3.96401e+12
23, 3.857e+12
24, 3.85144e+12
25, 3.85144e+12
26, 3.85144e+12
27, 3.85144e+12
28, 3.85144e+12
29, 3.85144e+12
30, 3.65956e+12
31, 3.53429e+12
32, 3.482e+12
33, 3.482e+12
34, 3.482e+12
35, 3.482e+12
36, 3.38455e+12
37, 3.38455e+12
38, 3.14283e+12
39, 3.14283e+12
40, 3.14283e+12
41, 3.14283e+12
42, 3.14283e+12
43, 2.89523e+12
44, 2.73327e+12
45, 2.71728e+12
46, 2.71678e+12
47, 2.6419e+12
48, 2.6419e+12
49, 2.58842e+12
50, 2.58842e+12
51, 2.54434e+12
52, 2.48215e+12
53, 2.48215e+12
54, 2.48215e+12
55, 2.48215e+12
56, 2.48215e+12
57, 2.32871e+12
58, 2.26808e+12
59, 2.26808e+12
60, 2.12717e+12
61, 2.12717e+12
62, 2.12717e+12
63, 2.12717e+12
64, 2.12717e+12
65, 2.12717e+12
66, 2.12717e+12
67, 2.12717e+12
68, 2.12717e+12
69, 2.12717e+12
70, 2.12717e+12
71, 2.0689e+12
72, 2.0689e+12
73, 2.02478e+12
74, 2.02478e+12
75, 2.01704e+12
76, 1.79591e+12
77, 1.65805e+12
78, 1.65805e+12
79, 1.65805e+12
80, 1.65805e+12
81, 1.65805e+12
82, 1.65805e+12
83, 1.65805e+12
84, 1.65805e+12
85, 1.65805e+12
86, 1.65805e+12
87, 1.65805e+12
88, 1.65805e+12
89, 1.65805e+12
90, 1.59452e+12
91, 1.59452e+12
92, 1.59452e+12
93, 1.59452e+12
94, 1.47954e+12
95, 1.47954e+12
96, 1.44869e+12
97, 1.41628e+12
98, 1.41628e+12
99, 1.27073e+12
100, 1.27073e+12
101, 1.2151e+12
102, 1.2151e+12
103, 1.2151e+12
104, 1.2151e+12
105, 1.21143e+12
106, 1.21143e+12
107, 1.19165e+12
108, 1.19165e+12
109, 1.19072e+12
110, 1.19072e+12
111, 1.15704e+12
112, 1.11998e+12
113, 1.10251e+12
114, 1.08721e+12
115, 1.07903e+12
116, 1.07719e+12
117, 1.07206e+12
118, 1.07206e+12
119, 1.07206e+12
120, 1.03268e+12
121, 1.03268e+12
122, 1.03268e+12
123, 1.03268e+12
124, 1.03268e+12
125, 1.03268e+12
126, 1.03268e+12
127, 1.03268e+12
128, 1.03268e+12
129, 1.03268e+12
130, 1.03268e+12
131, 9.68969e+11
132, 9.68969e+11
133, 9.68969e+11
134, 9.68969e+11
135, 9.68969e+11
136, 9.68969e+11
137, 9.68969e+11
138, 9.68969e+11
139, 9.68969e+11
140, 9.68969e+11
141, 9.68969e+11
142, 9.68969e+11
143, 9.06727e+11
144, 9.06727e+11
145, 9.06727e+11
146, 9.06727e+11
147, 9.06727e+11
148, 9.06727e+11
149, 9.06727e+11
150, 9.06727e+11
151, 9.06727e+11
152, 9.06727e+11
153, 9.06727e+11
154, 9.06727e+11
155, 8.26602e+11
156, 7.73129e+11
157, 7.73129e+11
158, 7.73129e+11
159, 7.73129e+11
160, 7.73129e+11
161, 7.73129e+11
162, 7.73129e+11
163, 7.73129e+11
164, 7.73129e+11
165, 7.73129e+11
166, 7.73129e+11
167, 7.73129e+11
168, 7.73129e+11
169, 7.73129e+11
170, 7.73129e+11
171, 7.73129e+11
172, 7.73129e+11
173, 7.73129e+11
174, 7.43567e+11
175, 7.43567e+11
176, 7.43567e+11
177, 7.43567e+11
178, 7.43567e+11
179, 7.43567e+11
180, 7.43567e+11
181, 7.43567e+11
182, 7.2808e+11
183, 7.06297e+11
184, 7.02781e+11
185, 6.87114e+11
186, 6.87114e+11
187, 6.87114e+11
188, 6.87114e+11
189, 6.87114e+11
190, 6.45314e+11
191, 6.1314e+11
192, 6.1314e+11
193, 6.1314e+11
194, 6.1314e+11
195, 6.1314e+11
196, 6.1314e+11
197, 6.1314e+11
198, 6.1314e+11
199, 6.1314e+11
200, 6.1314e+11
201, 6.1314e+11
202, 6.1314e+11
203, 5.53415e+11
204, 5.53415e+11
205, 5.27202e+11
206, 5.27202e+11
207, 5.27202e+11
208, 5.27202e+11
209, 5.27202e+11
210, 5.27202e+11
211, 5.27202e+11
212, 5.27202e+11
213, 5.27202e+11
214, 5.27202e+11
215, 5.27202e+11
216, 5.27202e+11
217, 5.27202e+11
218, 5.27202e+11
219, 5.27202e+11
220, 5.11956e+11
221, 5.11956e+11
222, 5.11956e+11
223, 5.11956e+11
224, 4.7165e+11
225, 4.70761e+11
226, 4.61856e+11
227, 4.61856e+11
228, 4.61856e+11
229, 4.61856e+11
230, 4.61856e+11
231, 4.61856e+11
232, 4.61856e+11
233, 4.61856e+11
234, 4.61856e+11
235, 4.61856e+11
236, 4.61856e+11
237, 4.61856e+11
238, 4.61856e+11
239, 4.61856e+11
240, 4.61856e+11
241, 4.61856e+11
242, 4.61856e+11
243, 4.61856e+11
244, 4.61856e+11
245, 4.61856e+11
246, 4.5795e+11
247, 4.5795e+11
248, 4.5795e+11
249, 4.5795e+11
250, 4.5795e+11
251, 4.5795e+11
252, 4.5795e+11
253, 4.5795e+11
254, 4.5795e+11
255, 4.5795e+11
256, 4.5795e+11
257, 4.5795e+11
258, 4.5795e+11
259, 4.5795e+11
260, 4.5795e+11
261, 4.5795e+11
262, 4.5795e+11
263, 4.5795e+11
264, 4.5795e+11
265, 4.5795e+11
266, 4.22849e+11
267, 3.98447e+11
268, 3.98447e+11
269, 3.98447e+11
270, 3.98447e+11
271, 3.94845e+11
272, 3.94845e+11
273, 3.94845e+11
274, 3.85665e+11
275, 3.85665e+11
276, 3.85665e+11
277, 3.85665e+11
278, 3.85665e+11
279, 3.85665e+11
280, 3.84393e+11
281, 3.84393e+11
282, 3.79372e+11
283, 3.79372e+11
284, 3.79372e+11
285, 3.79372e+11
286, 3.79372e+11
287, 3.79372e+11
288, 3.79372e+11
289, 3.79372e+11
290, 3.79372e+11
291, 3.7818e+11
292, 3.73904e+11
293, 3.71746e+11
294, 3.71746e+11
295, 3.71746e+11
296, 3.71746e+11
297, 3.71746e+11
298, 3.71746e+11
299, 3.71746e+11
300, 3.71746e+11
301, 3.71746e+11
302, 3.71746e+11
303, 3.71746e+11
304, 3.71746e+11
305, 3.71746e+11
306, 3.71746e+11
307, 3.71746e+11
308, 3.71746e+11
309, 3.71746e+11
310, 3.71746e+11
311, 3.71746e+11
312, 3.71746e+11
313, 3.71746e+11
314, 3.71746e+11
315, 3.71746e+11
316, 3.71746e+11
317, 3.71746e+11
318, 3.71746e+11
319, 3.71746e+11
320, 3.71746e+11
321, 3.71746e+11
322, 3.71746e+11
323, 3.71746e+11
324, 3.71746e+11
325, 3.71746e+11
326, 3.7147e+11
327, 3.57649e+11
328, 3.57649e+11
329, 3.54701e+11
330, 3.54701e+11
331, 3.54701e+11
