Iteration, BestFitness
0, 9.38342e+12
1, 8.74541e+12
2, 8.33922e+12
3, 7.59134e+12
4, 7.38576e+12
5, 6.13146e+12
6, 6.13146e+12
7, 6.13146e+12
8, 5.55043e+12
9, 5.55043e+12
10, 5.55043e+12
11, 5.55043e+12
12, 5.55043e+12
13, 5.55043e+12
14, 5.55043e+12
15, 5.02643e+12
16, 5.02643e+12
17, 5.02643e+12
18, 5.02423e+12
19, 4.8466e+12
20, 4.61747e+12
21, 4.61747e+12
22, 4.40774e+12
23, 4.2724e+12
24, 4.00897e+12
25, 4.00897e+12
26, 4.00897e+12
27, 3.80605e+12
28, 3.62984e+12
29, 3.58271e+12
30, 3.58271e+12
31, 3.58271e+12
32, 3.58271e+12
33, 3.58271e+12
34, 3.58271e+12
35, 3.58271e+12
36, 3.58271e+12
37, 3.58271e+12
38, 3.58271e+12
39, 3.58271e+12
40, 3.58271e+12
41, 3.31666e+12
42, 3.31666e+12
43, 3.24472e+12
44, 2.98352e+12
45, 2.84635e+12
46, 2.78118e+12
47, 2.78118e+12
48, 2.78118e+12
49, 2.67182e+12
50, 2.59027e+12
51, 2.59027e+12
52, 2.53354e+12
53, 2.53354e+12
54, 2.53354e+12
55, 2.53354e+12
56, 2.53303e+12
57, 2.53303e+12
58, 2.45067e+12
59, 2.44639e+12
60, 2.30555e+12
61, 2.28878e+12
62, 2.28878e+12
63, 2.28878e+12
64, 1.99233e+12
65, 1.99233e+12
66, 1.99233e+12
67, 1.99233e+12
68, 1.99233e+12
69, 1.99233e+12
70, 1.99233e+12
71, 1.99233e+12
72, 1.99233e+12
73, 1.99233e+12
74, 1.85083e+12
75, 1.85083e+12
76, 1.75532e+12
77, 1.74755e+12
78, 1.72027e+12
79, 1.70044e+12
80, 1.70017e+12
81, 1.70017e+12
82, 1.59669e+12
83, 1.59669e+12
84, 1.55162e+12
85, 1.54417e+12
86, 1.54417e+12
87, 1.54417e+12
88, 1.51448e+12
89, 1.51448e+12
90, 1.43003e+12
91, 1.43003e+12
92, 1.43003e+12
93, 1.43003e+12
94, 1.43003e+12
95, 1.43003e+12
96, 1.43003e+12
97, 1.43003e+12
98, 1.43003e+12
99, 1.43003e+12
100, 1.43003e+12
101, 1.43003e+12
102, 1.43003e+12
103, 1.43003e+12
104, 1.43003e+12
105, 1.43003e+12
106, 1.43003e+12
107, 1.43003e+12
108, 1.43003e+12
109, 1.35796e+12
110, 1.34679e+12
111, 1.33097e+12
112, 1.33097e+12
113, 1.33097e+12
114, 1.33097e+12
115, 1.23731e+12
116, 1.138e+12
117, 1.138e+12
118, 1.138e+12
119, 1.138e+12
120, 1.138e+12
121, 1.138e+12
122, 1.138e+12
123, 1.138e+12
124, 1.138e+12
125, 1.13015e+12
126, 1.09972e+12
127, 1.09972e+12
128, 1.04242e+12
129, 1.04242e+12
130, 1.02523e+12
131, 1.00916e+12
132, 1.00916e+12
133, 9.98973e+11
134, 9.98973e+11
135, 9.98973e+11
136, 9.98973e+11
137, 9.98973e+11
138, 9.98973e+11
139, 9.98973e+11
140, 9.98973e+11
141, 9.92742e+11
142, 9.59255e+11
143, 8.74665e+11
144, 8.74665e+11
145, 8.74665e+11
146, 8.74665e+11
147, 8.74665e+11
148, 8.74665e+11
149, 8.74665e+11
150, 8.74665e+11
151, 8.74665e+11
152, 8.6074e+11
153, 8.6074e+11
154, 8.6074e+11
155, 8.6074e+11
156, 8.6074e+11
157, 8.05931e+11
158, 8.05931e+11
159, 8.05931e+11
160, 7.99118e+11
161, 7.99118e+11
162, 7.99118e+11
163, 7.99118e+11
164, 7.99118e+11
165, 7.99118e+11
166, 7.99118e+11
167, 7.99118e+11
168, 7.99118e+11
169, 7.99118e+11
170, 7.99118e+11
171, 7.99118e+11
172, 7.99118e+11
173, 7.83282e+11
174, 7.83282e+11
175, 7.00028e+11
176, 7.00028e+11
177, 7.00028e+11
178, 7.00028e+11
179, 7.00028e+11
180, 7.00028e+11
181, 7.00028e+11
182, 7.00028e+11
183, 7.00028e+11
184, 7.00028e+11
185, 7.00028e+11
186, 7.00028e+11
187, 7.00028e+11
188, 7.00028e+11
189, 7.00028e+11
190, 6.93629e+11
191, 6.91778e+11
192, 6.91778e+11
193, 6.91778e+11
194, 6.91778e+11
195, 6.91778e+11
196, 6.91778e+11
197, 6.91778e+11
198, 6.91778e+11
199, 6.7415e+11
200, 6.7415e+11
201, 6.7415e+11
202, 6.7415e+11
203, 6.65345e+11
204, 6.65345e+11
205, 6.65345e+11
206, 6.65345e+11
207, 6.65345e+11
208, 6.65345e+11
209, 6.65345e+11
210, 6.34621e+11
211, 6.27661e+11
212, 6.27661e+11
213, 6.27661e+11
214, 6.27661e+11
215, 6.27661e+11
216, 6.27661e+11
217, 6.27661e+11
218, 6.27661e+11
219, 6.23648e+11
220, 6.16254e+11
221, 5.61528e+11
222, 5.42569e+11
223, 5.42569e+11
224, 5.42569e+11
225, 5.42569e+11
226, 5.42569e+11
227, 5.42569e+11
228, 5.42569e+11
229, 5.42569e+11
230, 5.15122e+11
231, 5.15122e+11
232, 5.15122e+11
233, 5.15122e+11
234, 4.848e+11
235, 4.81127e+11
236, 4.81127e+11
237, 4.81127e+11
238, 4.81127e+11
239, 4.81127e+11
240, 4.81127e+11
241, 4.81127e+11
242, 4.81127e+11
243, 4.81127e+11
244, 4.81127e+11
245, 4.81127e+11
246, 4.81127e+11
247, 4.74909e+11
248, 4.74909e+11
249, 4.74909e+11
250, 4.57633e+11
251, 4.57633e+11
252, 4.57633e+11
253, 4.57633e+11
254, 4.57633e+11
255, 4.57633e+11
256, 4.57633e+11
257, 4.57633e+11
258, 4.57633e+11
259, 4.57633e+11
260, 4.57633e+11
261, 4.57633e+11
262, 4.57633e+11
263, 4.57633e+11
264, 4.57633e+11
265, 4.57633e+11
266, 4.57633e+11
267, 4.57633e+11
268, 4.57633e+11
269, 4.57633e+11
270, 4.57633e+11
271, 4.57633e+11
272, 4.57633e+11
273, 4.50492e+11
274, 4.20252e+11
275, 4.20252e+11
276, 4.20252e+11
277, 4.20252e+11
278, 4.20252e+11
279, 4.20252e+11
280, 4.20252e+11
281, 4.20252e+11
282, 4.20252e+11
283, 4.20252e+11
284, 4.01591e+11
285, 3.82382e+11
286, 3.82382e+11
287, 3.82382e+11
288, 3.82382e+11
289, 3.82382e+11
290, 3.79043e+11
291, 3.79043e+11
292, 3.79043e+11
293, 3.79043e+11
294, 3.79043e+11
295, 3.79043e+11
296, 3.79043e+11
297, 3.79043e+11
298, 3.79043e+11
299, 3.79043e+11
300, 3.79043e+11
301, 3.79043e+11
302, 3.79043e+11
303, 3.79043e+11
304, 3.79043e+11
305, 3.79043e+11
306, 3.79043e+11
307, 3.79043e+11
308, 3.79043e+11
309, 3.79043e+11
310, 3.79043e+11
311, 3.79043e+11
312, 3.79043e+11
313, 3.79043e+11
314, 3.79043e+11
315, 3.79043e+11
316, 3.79043e+11
317, 3.79043e+11
318, 3.79043e+11
319, 3.79043e+11
320, 3.79043e+11
321, 3.79043e+11
322, 3.79043e+11
323, 3.79043e+11
324, 3.79043e+11
325, 3.79043e+11
326, 3.79043e+11
327, 3.7694e+11
328, 3.7694e+11
329, 3.7694e+11
330, 3.7694e+11
331, 3.69811e+11
