Iteration, BestFitness
0, 3.0225e+17
1, 2.44839e+17
2, 7.99616e+16
3, 2.25346e+16
4, 1.33381e+16
5, 3.9295e+15
6, 2.60844e+15
7, 1.80067e+15
8, 6.53269e+14
9, 6.53269e+14
10, 4.64278e+14
11, 4.42793e+14
12, 3.95448e+14
13, 3.80655e+14
14, 3.77024e+14
15, 3.40219e+14
16, 2.03682e+14
17, 1.39752e+14
18, 1.26208e+14
19, 1.26208e+14
20, 9.86434e+13
21, 9.81313e+13
22, 9.81313e+13
23, 9.81313e+13
24, 9.81313e+13
25, 8.20291e+13
26, 8.20291e+13
27, 7.45522e+13
28, 6.68088e+13
29, 6.68088e+13
30, 6.68088e+13
31, 6.68088e+13
32, 6.68088e+13
33, 6.68088e+13
34, 6.68088e+13
35, 6.13934e+13
36, 6.11504e+13
37, 6.11504e+13
38, 6.11504e+13
39, 6.11504e+13
40, 6.11504e+13
41, 6.11504e+13
42, 6.11504e+13
43, 6.11504e+13
44, 6.11504e+13
45, 6.11504e+13
46, 6.11504e+13
47, 6.11504e+13
48, 5.74023e+13
49, 5.74023e+13
50, 5.74023e+13
51, 5.74023e+13
52, 5.74023e+13
53, 5.74023e+13
54, 5.74023e+13
55, 5.74023e+13
56, 5.74023e+13
57, 4.73995e+13
58, 3.31463e+13
59, 3.31463e+13
60, 3.16035e+13
61, 3.16035e+13
62, 2.93239e+13
63, 2.03326e+13
64, 2.03326e+13
65, 2.03326e+13
66, 2.03326e+13
67, 2.03326e+13
68, 2.03326e+13
69, 2.03326e+13
70, 2.03326e+13
71, 2.03326e+13
72, 2.03326e+13
73, 1.81203e+13
74, 1.09641e+13
75, 8.75232e+12
76, 8.29676e+12
77, 7.43549e+12
78, 7.43549e+12
79, 3.74502e+12
80, 3.58785e+12
81, 3.58785e+12
82, 3.58785e+12
83, 3.58785e+12
84, 3.58785e+12
85, 3.58785e+12
86, 3.58785e+12
87, 3.58785e+12
88, 3.58785e+12
89, 3.58785e+12
90, 3.58785e+12
91, 3.58785e+12
92, 3.58785e+12
93, 3.58785e+12
94, 3.57898e+12
95, 3.57898e+12
96, 3.57898e+12
97, 3.57898e+12
98, 3.57898e+12
99, 3.57898e+12
100, 3.57898e+12
101, 3.57898e+12
102, 3.57898e+12
103, 3.57898e+12
104, 3.57898e+12
105, 3.57898e+12
106, 3.57898e+12
107, 3.57898e+12
108, 3.08583e+12
109, 3.08583e+12
110, 3.08583e+12
111, 3.08583e+12
112, 3.08583e+12
113, 3.08583e+12
114, 3.08583e+12
115, 3.08583e+12
116, 3.08583e+12
117, 3.08583e+12
118, 3.08583e+12
119, 3.08583e+12
120, 2.85586e+12
121, 2.85586e+12
122, 2.85586e+12
123, 2.85586e+12
124, 2.85586e+12
125, 2.85586e+12
126, 2.68736e+12
127, 2.68736e+12
128, 1.94496e+12
129, 1.94496e+12
130, 1.94496e+12
131, 1.94496e+12
132, 1.94496e+12
133, 1.94496e+12
134, 1.94496e+12
135, 1.94496e+12
136, 1.94496e+12
137, 1.25248e+12
138, 1.25248e+12
139, 1.25248e+12
140, 9.88152e+11
141, 8.24692e+11
142, 8.24692e+11
143, 7.5668e+11
144, 7.07716e+11
145, 5.95091e+11
146, 5.81399e+11
147, 5.81399e+11
148, 5.81399e+11
149, 5.81399e+11
150, 5.81399e+11
151, 5.81399e+11
152, 5.81399e+11
153, 5.81399e+11
154, 5.53939e+11
155, 4.42304e+11
156, 3.55303e+11
157, 3.55303e+11
158, 3.55303e+11
159, 3.52219e+11
160, 3.52219e+11
161, 3.52219e+11
162, 3.52219e+11
163, 3.52219e+11
164, 3.49167e+11
165, 3.49167e+11
166, 3.49167e+11
167, 3.49167e+11
168, 3.49167e+11
169, 3.49167e+11
170, 3.49167e+11
171, 3.49167e+11
172, 3.49167e+11
173, 3.49167e+11
174, 3.49167e+11
175, 3.49167e+11
176, 3.49167e+11
177, 3.49167e+11
178, 3.49167e+11
179, 3.49167e+11
180, 3.49167e+11
181, 3.49167e+11
182, 3.49167e+11
183, 3.29619e+11
184, 3.29619e+11
185, 3.29619e+11
186, 3.29619e+11
187, 3.29619e+11
188, 3.29619e+11
189, 2.8845e+11
190, 2.32995e+11
191, 2.32995e+11
192, 2.32995e+11
193, 2.32995e+11
194, 2.32995e+11
195, 2.32995e+11
196, 2.32995e+11
197, 2.32995e+11
198, 2.32995e+11
199, 2.32995e+11
200, 2.32995e+11
201, 2.32995e+11
202, 2.32995e+11
203, 2.32995e+11
204, 2.32995e+11
205, 2.32995e+11
206, 2.32995e+11
207, 2.32995e+11
208, 2.32995e+11
209, 1.90754e+11
210, 1.90754e+11
211, 1.90754e+11
212, 1.90754e+11
213, 1.90754e+11
214, 1.90754e+11
215, 1.90754e+11
216, 1.90754e+11
217, 1.90754e+11
218, 1.90754e+11
219, 1.8124e+11
220, 1.8124e+11
221, 1.8124e+11
222, 1.8124e+11
223, 1.8124e+11
224, 1.8124e+11
225, 1.8124e+11
226, 1.8124e+11
227, 1.8124e+11
228, 1.8124e+11
229, 1.8124e+11
230, 1.32641e+11
231, 1.16562e+11
232, 1.16562e+11
233, 1.16562e+11
234, 1.16562e+11
235, 1.16562e+11
236, 1.16562e+11
237, 1.16562e+11
238, 1.16562e+11
239, 1.16562e+11
240, 1.16562e+11
241, 1.16562e+11
242, 1.16562e+11
243, 1.03705e+11
244, 7.75477e+10
245, 7.75477e+10
246, 7.75477e+10
247, 7.75477e+10
248, 6.41799e+10
249, 6.41799e+10
250, 6.41799e+10
251, 6.41799e+10
252, 6.41799e+10
253, 6.41799e+10
254, 6.41799e+10
255, 6.41799e+10
256, 6.41799e+10
257, 6.41799e+10
258, 6.41799e+10
259, 6.41799e+10
260, 6.41799e+10
261, 6.41799e+10
262, 6.41799e+10
263, 6.41799e+10
264, 6.41799e+10
265, 6.41799e+10
266, 6.41799e+10
267, 6.41799e+10
268, 6.41799e+10
269, 6.41799e+10
270, 6.41799e+10
271, 6.41799e+10
272, 6.41799e+10
273, 6.41799e+10
274, 6.41799e+10
275, 6.41799e+10
276, 6.41799e+10
277, 6.0741e+10
278, 5.45384e+10
279, 4.70068e+10
280, 4.70068e+10
281, 4.70068e+10
282, 4.70068e+10
283, 4.70068e+10
284, 4.70068e+10
285, 4.70068e+10
286, 4.70068e+10
287, 4.70068e+10
288, 4.70068e+10
289, 4.70068e+10
290, 4.70068e+10
291, 4.70068e+10
292, 4.70068e+10
293, 4.70068e+10
294, 4.70068e+10
295, 4.70068e+10
296, 4.70068e+10
297, 4.70068e+10
298, 4.70068e+10
299, 4.70068e+10
300, 4.70068e+10
301, 4.70068e+10
302, 4.70068e+10
303, 2.66702e+10
304, 2.63213e+10
305, 2.63213e+10
306, 2.63213e+10
307, 2.63213e+10
308, 2.63213e+10
309, 2.63213e+10
310, 2.63213e+10
311, 2.63213e+10
312, 2.63213e+10
313, 2.63213e+10
314, 2.63213e+10
315, 2.63213e+10
316, 2.63213e+10
317, 2.63213e+10
318, 2.63213e+10
319, 2.63213e+10
320, 2.63213e+10
321, 2.63213e+10
322, 2.63213e+10
323, 2.63213e+10
324, 2.63213e+10
325, 2.63213e+10
326, 2.63213e+10
327, 2.63213e+10
328, 2.63213e+10
329, 2.63213e+10
330, 2.63213e+10
331, 2.63213e+10
