Iteration, BestFitness
0, 7.28441e+12
1, 5.54349e+12
2, 5.03833e+12
3, 4.10936e+12
4, 4.03757e+12
5, 3.35117e+12
6, 3.35117e+12
7, 3.13491e+12
8, 3.03606e+12
9, 2.71346e+12
10, 2.37619e+12
11, 2.07281e+12
12, 2.00952e+12
13, 2.00952e+12
14, 2.00952e+12
15, 2.00952e+12
16, 1.96774e+12
17, 1.71231e+12
18, 1.50009e+12
19, 1.32069e+12
20, 1.23646e+12
21, 1.17775e+12
22, 1.17775e+12
23, 1.17775e+12
24, 1.12881e+12
25, 1.03401e+12
26, 9.89531e+11
27, 9.89531e+11
28, 8.12234e+11
29, 8.12234e+11
30, 8.02231e+11
31, 7.76335e+11
32, 7.56367e+11
33, 7.03067e+11
34, 7.03067e+11
35, 7.03067e+11
36, 7.03067e+11
37, 7.03067e+11
38, 7.03067e+11
39, 6.55012e+11
40, 5.94199e+11
41, 5.94199e+11
42, 5.94199e+11
43, 5.9351e+11
44, 4.93912e+11
45, 4.93912e+11
46, 4.69633e+11
47, 4.61884e+11
48, 4.52653e+11
49, 4.52653e+11
50, 4.36549e+11
51, 4.16348e+11
52, 4.03216e+11
53, 4.03216e+11
54, 3.79609e+11
55, 3.58762e+11
56, 3.23422e+11
57, 3.23422e+11
58, 3.16202e+11
59, 2.84754e+11
60, 2.80456e+11
61, 2.80456e+11
62, 2.80456e+11
63, 2.75287e+11
64, 2.61637e+11
65, 2.61637e+11
66, 2.61637e+11
67, 2.61637e+11
68, 2.52164e+11
69, 2.43854e+11
70, 2.40471e+11
71, 2.40471e+11
72, 2.40471e+11
73, 2.33961e+11
74, 2.22765e+11
75, 2.12759e+11
76, 2.12759e+11
77, 2.12759e+11
78, 2.12759e+11
79, 2.06149e+11
80, 1.9915e+11
81, 1.9915e+11
82, 1.97234e+11
83, 1.93746e+11
84, 1.85397e+11
85, 1.85397e+11
86, 1.85397e+11
87, 1.82459e+11
88, 1.80714e+11
89, 1.80714e+11
90, 1.80714e+11
91, 1.80714e+11
92, 1.80714e+11
93, 1.80714e+11
94, 1.80714e+11
95, 1.7347e+11
96, 1.7347e+11
97, 1.7347e+11
98, 1.7347e+11
99, 1.65637e+11
100, 1.65637e+11
101, 1.65637e+11
102, 1.59378e+11
103, 1.485e+11
104, 1.485e+11
105, 1.485e+11
106, 1.46023e+11
107, 1.46023e+11
108, 1.45693e+11
109, 1.39169e+11
110, 1.39169e+11
111, 1.39169e+11
112, 1.38677e+11
113, 1.38677e+11
114, 1.38677e+11
115, 1.2646e+11
116, 1.2646e+11
117, 1.2646e+11
118, 1.2646e+11
119, 1.2646e+11
120, 1.2646e+11
121, 1.2646e+11
122, 1.2646e+11
123, 1.2646e+11
124, 1.2646e+11
125, 1.2646e+11
126, 1.21454e+11
127, 1.16443e+11
128, 1.15789e+11
129, 1.15789e+11
130, 1.13199e+11
131, 1.10877e+11
132, 1.10877e+11
133, 1.10877e+11
134, 1.05977e+11
135, 1.04509e+11
136, 1.03452e+11
137, 1.02276e+11
138, 1.02276e+11
139, 1.02276e+11
140, 1.02276e+11
141, 1.02276e+11
142, 1.02276e+11
143, 1.00725e+11
144, 1.00725e+11
145, 1.00007e+11
146, 1.00007e+11
147, 1.00007e+11
148, 9.92566e+10
149, 9.61812e+10
150, 9.61812e+10
151, 9.49394e+10
152, 9.48532e+10
153, 9.48532e+10
154, 9.48532e+10
155, 9.48532e+10
156, 9.25129e+10
157, 9.11275e+10
158, 8.86351e+10
159, 8.86351e+10
160, 8.85167e+10
161, 8.85167e+10
162, 8.85167e+10
163, 8.85167e+10
164, 8.85167e+10
165, 8.85167e+10
166, 8.85167e+10
167, 8.85167e+10
168, 8.83504e+10
169, 8.60147e+10
170, 8.60147e+10
171, 8.60147e+10
172, 8.60147e+10
173, 8.45961e+10
174, 8.31619e+10
175, 8.31619e+10
176, 8.31619e+10
177, 8.31619e+10
178, 8.31619e+10
179, 8.31619e+10
180, 8.31619e+10
181, 8.31619e+10
182, 8.24637e+10
183, 8.24637e+10
184, 8.23845e+10
185, 8.13011e+10
186, 8.1061e+10
187, 7.93483e+10
188, 7.84532e+10
189, 7.76106e+10
190, 7.76106e+10
191, 7.76106e+10
192, 7.66999e+10
193, 7.66999e+10
194, 7.66999e+10
195, 7.66999e+10
196, 7.66517e+10
197, 7.66517e+10
198, 7.66517e+10
199, 7.66517e+10
200, 7.60791e+10
201, 7.60791e+10
202, 7.60791e+10
203, 7.55176e+10
204, 7.54003e+10
205, 7.40956e+10
206, 7.40956e+10
207, 7.40956e+10
208, 7.40956e+10
209, 7.40596e+10
210, 7.33267e+10
211, 7.33267e+10
212, 7.31146e+10
213, 7.31146e+10
214, 7.31146e+10
215, 7.31146e+10
216, 7.31146e+10
217, 7.31146e+10
218, 7.29392e+10
219, 7.29392e+10
220, 7.29392e+10
221, 7.29392e+10
222, 7.21181e+10
223, 7.09904e+10
224, 7.09904e+10
225, 7.09904e+10
226, 7.03087e+10
227, 6.98069e+10
228, 6.88715e+10
229, 6.85847e+10
230, 6.85334e+10
231, 6.82275e+10
232, 6.82275e+10
233, 6.82275e+10
234, 6.80873e+10
235, 6.78062e+10
236, 6.78062e+10
237, 6.78062e+10
238, 6.7728e+10
239, 6.70093e+10
240, 6.68635e+10
241, 6.66178e+10
242, 6.66178e+10
243, 6.64124e+10
244, 6.64124e+10
245, 6.59844e+10
246, 6.59844e+10
247, 6.58411e+10
248, 6.56675e+10
249, 6.56675e+10
250, 6.56675e+10
251, 6.55208e+10
252, 6.55208e+10
253, 6.53346e+10
254, 6.53346e+10
255, 6.53346e+10
256, 6.53346e+10
257, 6.53346e+10
258, 6.52488e+10
259, 6.52488e+10
260, 6.45351e+10
261, 6.45351e+10
262, 6.45351e+10
263, 6.45351e+10
264, 6.45351e+10
265, 6.45351e+10
266, 6.45351e+10
267, 6.45351e+10
268, 6.45351e+10
269, 6.40481e+10
270, 6.40481e+10
271, 6.40481e+10
272, 6.35425e+10
273, 6.35425e+10
274, 6.35425e+10
275, 6.34111e+10
276, 6.34111e+10
277, 6.31553e+10
278, 6.31553e+10
279, 6.31553e+10
280, 6.31553e+10
281, 6.31553e+10
282, 6.31553e+10
283, 6.30523e+10
284, 6.30376e+10
285, 6.30376e+10
286, 6.30289e+10
287, 6.30289e+10
288, 6.27572e+10
289, 6.26235e+10
290, 6.26235e+10
291, 6.24305e+10
292, 6.24305e+10
293, 6.24305e+10
294, 6.21994e+10
295, 6.21994e+10
296, 6.21994e+10
297, 6.21994e+10
298, 6.21994e+10
299, 6.21994e+10
300, 6.21994e+10
301, 6.21734e+10
302, 6.19368e+10
303, 6.1495e+10
304, 6.1495e+10
305, 6.1495e+10
306, 6.1495e+10
307, 6.1495e+10
308, 6.1495e+10
309, 6.13642e+10
310, 6.13642e+10
311, 6.13642e+10
312, 6.13642e+10
313, 6.13642e+10
314, 6.09681e+10
315, 6.09681e+10
316, 6.09681e+10
317, 6.09529e+10
318, 6.07979e+10
319, 6.07979e+10
320, 6.07979e+10
321, 6.06282e+10
322, 6.06282e+10
323, 6.06282e+10
324, 6.06282e+10
325, 6.06282e+10
326, 6.04424e+10
327, 6.02647e+10
328, 6.02334e+10
329, 6.02334e+10
330, 6.02334e+10
331, 6.00006e+10
332, 5.99359e+10
333, 5.99359e+10
334, 5.99359e+10
335, 5.99359e+10
336, 5.99359e+10
337, 5.99359e+10
338, 5.98106e+10
339, 5.97223e+10
340, 5.97223e+10
341, 5.97223e+10
342, 5.97223e+10
343, 5.97223e+10
344, 5.96286e+10
345, 5.96286e+10
346, 5.96286e+10
347, 5.95826e+10
348, 5.93584e+10
349, 5.92479e+10
350, 5.92479e+10
351, 5.92479e+10
352, 5.91693e+10
353, 5.91693e+10
354, 5.91377e+10
355, 5.91377e+10
356, 5.91377e+10
357, 5.91377e+10
358, 5.91377e+10
359, 5.89694e+10
360, 5.88327e+10
361, 5.8796e+10
362, 5.8796e+10
363, 5.8796e+10
364, 5.8796e+10
365, 5.8796e+10
366, 5.8796e+10
367, 5.8796e+10
368, 5.87835e+10
369, 5.86504e+10
370, 5.85606e+10
371, 5.85606e+10
372, 5.85606e+10
373, 5.85606e+10
374, 5.85606e+10
375, 5.85606e+10
376, 5.8413e+10
377, 5.8413e+10
378, 5.8413e+10
379, 5.8413e+10
380, 5.8413e+10
381, 5.8413e+10
382, 5.82594e+10
383, 5.82594e+10
384, 5.82594e+10
385, 5.82594e+10
386, 5.82594e+10
387, 5.82594e+10
388, 5.82594e+10
389, 5.81634e+10
390, 5.79981e+10
391, 5.79981e+10
392, 5.79981e+10
393, 5.79981e+10
394, 5.79491e+10
395, 5.79491e+10
396, 5.79491e+10
397, 5.79491e+10
398, 5.79491e+10
399, 5.79491e+10
400, 5.79491e+10
401, 5.79491e+10
402, 5.79491e+10
403, 5.79491e+10
404, 5.7872e+10
405, 5.7872e+10
406, 5.7872e+10
407, 5.7872e+10
408, 5.78508e+10
409, 5.77702e+10
410, 5.77702e+10
411, 5.77348e+10
412, 5.77348e+10
413, 5.77348e+10
414, 5.76545e+10
415, 5.76545e+10
416, 5.76545e+10
417, 5.76545e+10
418, 5.76545e+10
419, 5.76545e+10
420, 5.75178e+10
421, 5.75033e+10
422, 5.75033e+10
423, 5.74753e+10
424, 5.74738e+10
425, 5.74738e+10
426, 5.74738e+10
427, 5.73754e+10
428, 5.7346e+10
429, 5.7346e+10
430, 5.73219e+10
431, 5.73219e+10
432, 5.73219e+10
433, 5.72898e+10
434, 5.7216e+10
435, 5.71765e+10
436, 5.71765e+10
437, 5.71765e+10
438, 5.71765e+10
439, 5.71765e+10
440, 5.71765e+10
441, 5.71765e+10
442, 5.71488e+10
443, 5.71488e+10
444, 5.71488e+10
445, 5.71114e+10
446, 5.71114e+10
447, 5.71076e+10
448, 5.70684e+10
449, 5.70633e+10
450, 5.70384e+10
451, 5.70101e+10
452, 5.70009e+10
453, 5.70009e+10
454, 5.70009e+10
455, 5.69999e+10
456, 5.69694e+10
457, 5.69281e+10
458, 5.6894e+10
459, 5.6894e+10
460, 5.6894e+10
461, 5.6894e+10
462, 5.6894e+10
463, 5.6894e+10
464, 5.6894e+10
465, 5.6894e+10
466, 5.6894e+10
467, 5.68718e+10
468, 5.68347e+10
469, 5.68263e+10
470, 5.68263e+10
471, 5.68263e+10
472, 5.6826e+10
473, 5.68079e+10
474, 5.68079e+10
475, 5.68079e+10
476, 5.68079e+10
477, 5.68079e+10
478, 5.67223e+10
479, 5.67223e+10
480, 5.67223e+10
481, 5.67223e+10
482, 5.67223e+10
483, 5.67064e+10
484, 5.6696e+10
485, 5.66936e+10
486, 5.66625e+10
487, 5.66469e+10
488, 5.66384e+10
489, 5.66384e+10
490, 5.66384e+10
491, 5.66222e+10
492, 5.66222e+10
493, 5.66222e+10
494, 5.66222e+10
495, 5.66008e+10
496, 5.66008e+10
497, 5.66008e+10
