Iteration, BestFitness
0, 3.49098e+1111, 3.12927e+1122, 2.53674e+1133, 2.46201e+1144, 2.12492e+1155, 1.7133e+11
6, 1.65954e+11
7, 1.56587e+11
8, 1.56587e+11
9, 1.30941e+11110, 1.30941e+11111, 1.30941e+11112, 1.19015e+11313, 1.19015e+11414, 1.04852e+11115, 1.04852e+11116, 1.04852e+11117, 9.16233e+11118, 9.16233e+10119, 9.16233e+10220, 8.43065e+10221, 8.08292e+10222, 8.08292e+10223, 8.08292e+10224, 8.08292e+10225, 8.08292e+10226, 7.70836e+10227, 7.70836e+10228, 7.5804e+10
29, 7.57875e+10
30, 7.57875e+10
31, 7.34114e+10
32, 5.79544e+10
33, 5.59825e+10
34, 5.59825e+10
35, 5.59825e+10336, 5.59825e+13737, 5.46497e+38,38, 5.42308e39, 39, 5.4230840, 540, 5.423041, 5.41, 5.29242, 5.442, 5.24343, 5.043, 5.1144, 5.0644, 5.145, 4.79645, 546, 4.7207146, 547, 4.7207147, 548, 4.7207148, 549, 4.5440449, 550, 4.3095050, 451, 4.3051,51, 452, 4.352, 52, 453, 4.53, 453, 454, 4.54, 454, 455, 4.55, 355, 456, 4.56, 356, 457, 4.57, 357, 458, 4.58, 3.48985e+10
.75059, 3.860, 3.75060, 3.85721e+10
0
61, 3.90357e+10
62, 3.90357e+10
63, 3.90357e+10
64, 3.90357e+10
65, 3.90357e+10
66, 3.90357e+10
67, 3.88893e+10
68, 3.88893e+10
69, 3.88893e+10
70, 3.88893e+10
71, 3.88893e+10
72, 3.40129e+10
73, 3.40129e+10
74, 3.40129e+10
75, 3.40129e+10
76, 3.40129e+10
77, 3.40129e+10
78, 3.18915e+10
79, 3.0246e+10
80, 3.0246e+10
81, 3.0246e+10
82, 3.0246e+10
83, 3.0246e+10
84, 3.0246e+10
85, 2.82396e+10
86, 2.82396e+10
87, 2.82396e+10
88, 2.82396e+10
89, 2.6549e+10
90, 2.64484e+10
91, 2.64484e+10
92, 2.64484e+10
93, 2.64484e+10
94, 2.64484e+10
95, 2.64484e+10
96, 2.64484e+10
97, 2.64484e+10
98, 2.64484e+10
99, 2.64484e+10
100, 2.59721e+10
101, 2.42747e+10
102, 2.20159e+10
103, 2.13889e+10
104, 2.09754e+10
105, 2.05903e+10
106, 2.05903e+10
107, 2.05446e+10
108, 2.05446e+10
109, 2.0396e+10
110, 2.0396e+10
111, 2.0396e+10
112, 2.0396e+10
113, 2.0396e+10
114, 2.0396e+10
115, 2.0396e+10
116, 2.0396e+10
117, 2.0396e+10
118, 2.0396e+10
119, 2.0396e+10
120, 2.0396e+10
121, 1.95324e+10
122, 1.92991e+10
123, 1.84211e+10
124, 1.78405e+10
125, 1.77544e+10
126, 1.77544e+10
127, 1.77544e+10
128, 1.77544e+10
129, 1.77544e+10
130, 1.75255e+10
131, 1.75255e+10
132, 1.75255e+10
133, 1.75255e+10
134, 1.7511e+10
135, 1.7511e+10
136, 1.7511e+10
137, 1.7511e+10
138, 1.7511e+10
139, 1.7511e+10
140, 1.748e+10
141, 1.56171e+10
142, 1.56171e+10
143, 1.56171e+10
144, 1.54803e+10
145, 1.54108e+10
146, 1.54108e+10
147, 1.54108e+10
148, 1.54108e+10
149, 1.45454e+10
150, 1.45454e+10
151, 1.45454e+10
152, 1.45454e+10
153, 1.45454e+10
154, 1.45454e+10
155, 1.34529e+10
156, 1.34529e+10
157, 1.34529e+10
158, 1.34529e+10
159, 1.32661e+10
160, 1.32143e+10
161, 1.32143e+10
162, 1.32143e+10
163, 1.32143e+10
164, 1.32143e+10
165, 1.32143e+10
166, 1.32143e+10
167, 1.32143e+10
168, 1.32143e+10
169, 1.32143e+10
170, 1.32143e+10
171, 1.32143e+10
172, 1.30488e+10
173, 1.30488e+10
174, 1.30467e+10
175, 1.18808e+10
176, 1.18808e+10
177, 1.18808e+10
178, 1.18808e+10
179, 1.18808e+10
180, 1.18808e+10
181, 1.18808e+10
182, 1.18808e+10
183, 1.18808e+10
184, 1.18808e+10
185, 1.18808e+10
186, 1.18808e+10
187, 1.18808e+10
188, 1.18808e+10
189, 1.18808e+10
190, 1.18808e+10
191, 1.18808e+10
192, 1.16097e+10
193, 1.11859e+10
194, 1.11859e+10
195, 1.11859e+10
196, 1.11859e+10
197, 1.0423e+10
198, 1.0423e+10
199, 1.0423e+10
200, 1.0423e+10
201, 1.0423e+10
202, 1.0423e+10
203, 1.0423e+10
204, 1.0423e+10
205, 1.0423e+10
206, 1.0423e+10
207, 1.0423e+10
208, 1.0423e+10
209, 1.0423e+10
210, 1.03934e+10
211, 1.03934e+10
212, 1.03934e+10
213, 1.03934e+10
214, 9.80307e+09
215, 9.80307e+09
216, 9.80307e+09
217, 9.80307e+09
218, 9.80307e+09
219, 9.80307e+09
220, 9.65935e+09
221, 9.65935e+09
222, 9.65935e+09
223, 9.65935e+09
224, 9.65935e+09
225, 9.65935e+09
226, 8.89829e+09
227, 8.56126e+09
228, 8.56126e+09
229, 8.32962e+09
230, 8.32962e+09
231, 8.32962e+09
232, 8.32962e+09
233, 8.32962e+09
234, 8.32962e+09
235, 8.32962e+09
236, 8.32962e+09
237, 8.32962e+09
238, 7.92094e+09
239, 7.92094e+09
240, 7.92094e+09
241, 7.92094e+09
242, 7.92094e+09
243, 7.92094e+09
244, 7.92094e+09
245, 7.92094e+09
246, 7.92094e+09
247, 7.92094e+09
248, 7.92094e+09
249, 7.92094e+09
250, 7.92094e+09
251, 7.92094e+09
252, 7.92094e+09
253, 7.92094e+09
254, 7.92094e+09
255, 7.70276e+09
256, 7.70265e+09
257, 7.70265e+09
258, 7.70265e+09
259, 7.70265e+09
260, 7.70265e+09
261, 7.70265e+09
262, 7.70265e+09
263, 7.70265e+09
264, 7.42914e+09
265, 7.42914e+09
266, 7.3631e+09
267, 7.19761e+09
268, 6.89027e+09
269, 6.89027e+09
270, 6.89027e+09
271, 6.89027e+09
272, 6.89027e+09
273, 6.89027e+09
274, 6.89027e+09
275, 6.89027e+09
276, 6.89027e+09
277, 6.89027e+09
278, 6.89027e+09
279, 6.89027e+09
280, 6.73086e+09
281, 6.73086e+09
282, 6.73086e+09
283, 6.73086e+09
284, 6.40767e+09
285, 6.40767e+09
286, 6.40767e+09
287, 6.40767e+09
288, 6.40767e+09
289, 6.40767e+09
290, 6.40767e+09
291, 6.40767e+09
292, 6.40767e+09
293, 6.40767e+09
294, 6.40767e+09
295, 6.40767e+09
296, 6.40767e+09
297, 6.04757e+09
298, 6.04616e+09
299, 5.9986e+09
300, 5.9986e+09
301, 5.9986e+09
302, 5.9986e+09
303, 5.87912e+09
304, 5.87912e+09
305, 5.87912e+09
306, 5.87912e+09
307, 5.87912e+09
308, 5.87912e+09
309, 5.87912e+09
310, 5.87912e+09
311, 5.79359e+09
312, 5.79359e+09
313, 5.7917e+09
314, 5.7917e+09
315, 5.7917e+09
316, 5.7917e+09
317, 5.41721e+09
318, 5.38608e+09
319, 5.38608e+09
320, 5.38608e+09
321, 5.38608e+09
322, 5.38608e+09
323, 5.38608e+09
324, 5.38608e+09
325, 5.26117e+09
326, 5.26117e+09
327, 5.26117e+09
328, 5.26117e+09
329, 5.26117e+09
330, 5.26117e+09
331, 5.1928e+09
332, 5.1928e+09
333, 5.1928e+09
334, 5.1928e+09
335, 5.1928e+09
336, 5.1928e+09
337, 5.1928e+09
338, 5.1928e+09
339, 5.1621e+09
340, 5.02974e+09
341, 5.02974e+09
342, 5.02123e+09
343, 5.02123e+09
344, 4.94145e+09
345, 4.82642e+09
346, 4.82642e+09
347, 4.82642e+09
348, 4.78065e+09
349, 4.59678e+09
350, 4.47585e+09
351, 4.47585e+09
352, 4.47585e+09
353, 4.45468e+09
354, 4.42015e+09
355, 4.42015e+09
356, 4.42015e+09
357, 4.42015e+09
358, 4.42015e+09
359, 4.42015e+09
360, 4.42015e+09
361, 4.42015e+09
362, 4.42015e+09
363, 4.42015e+09
364, 4.42015e+09
365, 4.42015e+09
366, 4.42015e+09
367, 4.38209e+09
368, 4.17494e+09
369, 4.17494e+09
370, 4.17494e+09
371, 4.17494e+09
372, 4.17494e+09
373, 4.16123e+09
374, 4.16123e+09
375, 4.16123e+09
376, 4.16123e+09
377, 4.16123e+09
378, 4.16123e+09
379, 4.16123e+09
380, 4.16123e+09
381, 4.16123e+09
382, 4.16123e+09
383, 4.16123e+09
384, 4.16123e+09
385, 4.16123e+09
386, 4.16123e+09
387, 4.16123e+09
388, 4.16123e+09
389, 4.06682e+09
390, 4.06682e+09
391, 3.94595e+09
392, 3.94595e+09
393, 3.94595e+09
394, 3.94595e+09
395, 3.90183e+09
396, 3.90183e+09
397, 3.85456e+09
398, 3.85456e+09
399, 3.83481e+09
400, 3.78514e+09
401, 3.78514e+09
402, 3.78514e+09
403, 3.78514e+09
404, 3.78514e+09
405, 3.78514e+09
406, 3.78514e+09
407, 3.73977e+09
408, 3.73977e+09
409, 3.73977e+09
410, 3.73977e+09
411, 3.73977e+09
412, 3.61349e+09
413, 3.61349e+09
414, 3.61349e+09
415, 3.61349e+09
416, 3.61349e+09
417, 3.61349e+09
418, 3.61349e+09
419, 3.55322e+09
420, 3.55322e+09
421, 3.55322e+09
422, 3.55322e+09
423, 3.55322e+09
424, 3.55322e+09
425, 3.55322e+09
426, 3.55322e+09
427, 3.55322e+09
428, 3.55322e+09
429, 3.52433e+09
430, 3.52433e+09
431, 3.52433e+09
432, 3.52433e+09
433, 3.52433e+09
434, 3.52433e+09
435, 3.52433e+09
436, 3.52433e+09
437, 3.52433e+09
438, 3.52433e+09
439, 3.52433e+09
440, 3.52433e+09
441, 3.49003e+09
442, 3.40814e+09
443, 3.40814e+09
444, 3.40814e+09
445, 3.40814e+09
446, 3.40814e+09
447, 3.40814e+09
448, 3.40814e+09
449, 3.40814e+09
450, 3.40814e+09
451, 3.40814e+09
452, 3.31752e+09
453, 3.30515e+09
454, 3.26965e+09
455, 3.26965e+09
456, 3.26965e+09
457, 3.26965e+09
458, 3.234e+09
459, 3.21793e+09
460, 3.21793e+09
461, 3.21793e+09
462, 3.19785e+09
463, 3.18803e+09
464, 3.13888e+09
465, 3.13888e+09
466, 3.13888e+09
467, 3.13888e+09
468, 3.13888e+09
469, 3.13888e+09
470, 3.13888e+09
471, 3.13888e+09
472, 3.13888e+09
473, 3.13888e+09
474, 3.13888e+09
475, 3.13888e+09
476, 3.13888e+09
477, 3.137e+09
478, 3.03178e+09
479, 3.03178e+09
480, 3.03178e+09
481, 3.03178e+09
482, 3.03178e+09
483, 3.03178e+09
484, 3.01905e+09
485, 3.01905e+09
486, 3.01905e+09
487, 2.97666e+09
488, 2.97666e+09
489, 2.97666e+09
490, 2.97666e+09
491, 2.97666e+09
492, 2.97666e+09
493, 2.97666e+09
494, 2.97403e+09
495, 2.97403e+09
496, 2.97403e+09
497, 2.93482e+09
