Iteration, BestFitness
0, 4.07607e+13
1, 4.07607e+13
2, 2.69285e+13
3, 2.69285e+13
4, 2.69285e+13
5, 4.98521e+12
6, 4.98521e+12
7, 4.98521e+12
8, 4.98521e+12
9, 1.3627e+12
10, 1.3627e+12
11, 1.3627e+12
12, 9.08583e+11
13, 9.08583e+11
14, 9.08583e+11
15, 9.08583e+11
16, 9.08583e+11
17, 2.93869e+11
18, 2.75206e+11
19, 1.79914e+11
20, 1.79914e+11
21, 1.79914e+11
22, 1.79914e+11
23, 1.49815e+11
24, 1.16935e+11
25, 1.16935e+11
26, 1.16935e+11
27, 1.15221e+11
28, 1.15221e+11
29, 8.75982e+10
30, 8.26157e+10
31, 8.1463e+10
32, 8.1463e+10
33, 8.1463e+10
34, 8.1463e+10
35, 7.33369e+10
36, 6.95643e+10
37, 6.95643e+10
38, 6.95643e+10
39, 6.95643e+10
40, 6.34759e+10
41, 4.93806e+10
42, 4.93806e+10
43, 4.6065e+10
44, 4.6065e+10
45, 3.95151e+10
46, 3.95151e+10
47, 3.94665e+10
48, 3.67874e+10
49, 3.6401e+10
50, 3.6401e+10
51, 3.6401e+10
52, 3.6401e+10
53, 3.6401e+10
54, 3.6401e+10
55, 3.6401e+10
56, 3.55175e+10
57, 3.55175e+10
58, 2.90935e+10
59, 2.63532e+10
60, 2.54883e+10
61, 2.3908e+10
62, 2.3908e+10
63, 2.3908e+10
64, 2.37717e+10
65, 2.37717e+10
66, 2.37717e+10
67, 2.37717e+10
68, 2.37717e+10
69, 2.26546e+10
70, 2.23708e+10
71, 2.23708e+10
72, 2.23708e+10
73, 2.23708e+10
74, 2.09868e+10
75, 2.03487e+10
76, 2.03487e+10
77, 2.03487e+10
78, 1.95253e+10
79, 1.92513e+10
80, 1.64478e+10
81, 1.63825e+10
82, 1.63825e+10
83, 1.63825e+10
84, 1.44647e+10
85, 1.44647e+10
86, 1.44647e+10
87, 1.44647e+10
88, 1.44647e+10
89, 1.44647e+10
90, 1.44647e+10
91, 1.44647e+10
92, 1.42318e+10
93, 1.42318e+10
94, 1.42318e+10
95, 1.30929e+10
96, 1.17674e+10
97, 1.17674e+10
98, 1.17674e+10
99, 1.17674e+10
100, 1.17674e+10
101, 1.16492e+10
102, 1.16492e+10
103, 1.16492e+10
104, 1.16492e+10
105, 1.16492e+10
106, 1.16492e+10
107, 1.16492e+10
108, 1.16492e+10
109, 1.16492e+10
110, 1.16492e+10
111, 1.12783e+10
112, 1.01676e+10
113, 1.01676e+10
114, 1.01676e+10
115, 1.01676e+10
116, 1.01676e+10
117, 1.01676e+10
118, 1.01676e+10
119, 1.01676e+10
120, 1.01676e+10
121, 1.01676e+10
122, 1.01676e+10
123, 1.01676e+10
124, 1.01676e+10
125, 1.01676e+10
126, 1.01676e+10
127, 1.00554e+10
128, 9.99111e+09
129, 9.99111e+09
130, 9.99111e+09
131, 9.99111e+09
132, 9.99111e+09
133, 9.99111e+09
134, 9.99111e+09
135, 9.99111e+09
136, 9.80722e+09
137, 9.80722e+09
138, 9.80722e+09
139, 9.80722e+09
140, 8.38468e+09
141, 8.05197e+09
142, 7.67065e+09
143, 7.67065e+09
144, 7.67065e+09
145, 7.67065e+09
146, 7.67065e+09
147, 7.31128e+09
148, 7.31128e+09
149, 7.23992e+09
150, 7.23992e+09
151, 7.23992e+09
152, 7.23992e+09
153, 7.23992e+09
154, 6.90882e+09
155, 6.90882e+09
156, 6.90882e+09
157, 6.90882e+09
158, 6.90882e+09
159, 6.90882e+09
160, 6.90882e+09
161, 6.6331e+09
162, 6.6331e+09
163, 6.22451e+09
164, 6.22451e+09
165, 5.40796e+09
166, 5.40796e+09
167, 5.40796e+09
168, 5.40796e+09
169, 5.40796e+09
170, 5.40796e+09
171, 5.40796e+09
172, 5.30702e+09
173, 5.30702e+09
174, 5.30702e+09
175, 5.30702e+09
176, 4.92437e+09
177, 4.78798e+09
178, 4.78798e+09
179, 4.78798e+09
180, 4.78798e+09
181, 4.78798e+09
182, 4.78798e+09
183, 4.35032e+09
184, 4.08125e+09
185, 4.08125e+09
186, 4.08125e+09
187, 4.02708e+09
188, 3.84481e+09
189, 3.84481e+09
190, 3.84481e+09
191, 3.84481e+09
192, 3.81304e+09
193, 3.81304e+09
194, 3.81304e+09
195, 3.81304e+09
196, 3.81304e+09
197, 3.79858e+09
198, 3.79858e+09
199, 3.79858e+09
200, 3.79858e+09
201, 3.79858e+09
202, 3.79858e+09
203, 3.45712e+09
204, 3.38894e+09
205, 3.38894e+09
206, 3.38894e+09
207, 3.38894e+09
208, 3.38894e+09
209, 3.38894e+09
210, 3.38894e+09
211, 3.31979e+09
212, 3.31979e+09
213, 3.31979e+09
214, 3.31979e+09
215, 3.31979e+09
216, 3.31979e+09
217, 3.29141e+09
218, 3.29141e+09
219, 3.29141e+09
220, 3.1931e+09
221, 3.01578e+09
222, 3.01578e+09
223, 3.01578e+09
224, 3.01578e+09
225, 2.95516e+09
226, 2.95516e+09
227, 2.921e+09
228, 2.921e+09
229, 2.921e+09
230, 2.921e+09
231, 2.921e+09
232, 2.63904e+09
233, 2.6267e+09
234, 2.6267e+09
235, 2.6267e+09
236, 2.6267e+09
237, 2.59111e+09
238, 2.42906e+09
239, 2.42906e+09
240, 2.40996e+09
241, 2.40561e+09
242, 2.40561e+09
243, 2.40561e+09
244, 2.40561e+09
245, 2.40561e+09
246, 2.35537e+09
247, 2.35537e+09
248, 2.35537e+09
249, 2.35537e+09
250, 2.35537e+09
251, 2.35537e+09
252, 2.35537e+09
253, 2.35537e+09
254, 2.35537e+09
255, 2.35537e+09
256, 2.35537e+09
257, 2.35537e+09
258, 2.35537e+09
259, 2.35537e+09
260, 2.35537e+09
261, 2.35537e+09
262, 2.35537e+09
263, 2.35537e+09
264, 2.16128e+09
265, 2.16128e+09
266, 2.16128e+09
267, 2.16128e+09
268, 2.16128e+09
269, 2.16128e+09
270, 2.16128e+09
271, 2.16128e+09
272, 2.16128e+09
273, 2.16128e+09
274, 2.16128e+09
275, 2.16128e+09
276, 2.12709e+09
277, 2.12709e+09
278, 2.12709e+09
279, 2.12709e+09
280, 1.96417e+09
281, 1.96417e+09
282, 1.96417e+09
283, 1.86516e+09
284, 1.86516e+09
285, 1.86516e+09
286, 1.80899e+09
287, 1.80899e+09
288, 1.80899e+09
289, 1.80899e+09
290, 1.59629e+09
291, 1.59629e+09
292, 1.59629e+09
293, 1.59629e+09
294, 1.59629e+09
295, 1.59629e+09
296, 1.59629e+09
297, 1.59629e+09
298, 1.59629e+09
299, 1.59629e+09
300, 1.59629e+09
301, 1.59629e+09
302, 1.59629e+09
303, 1.59629e+09
304, 1.59629e+09
305, 1.59629e+09
306, 1.59629e+09
307, 1.59629e+09
308, 1.59629e+09
309, 1.59629e+09
310, 1.59629e+09
311, 1.59629e+09
312, 1.59629e+09
313, 1.59629e+09
314, 1.59629e+09
315, 1.54487e+09
316, 1.54487e+09
317, 1.54487e+09
318, 1.51408e+09
319, 1.47408e+09
320, 1.47408e+09
321, 1.47408e+09
322, 1.47408e+09
323, 1.47408e+09
324, 1.47408e+09
325, 1.47408e+09
326, 1.47408e+09
327, 1.40841e+09
328, 1.40841e+09
329, 1.40841e+09
330, 1.40841e+09
331, 1.40841e+09
332, 1.40841e+09
333, 1.40841e+09
334, 1.40841e+09
335, 1.40841e+09
336, 1.40841e+09
337, 1.40841e+09
338, 1.40841e+09
339, 1.40841e+09
340, 1.40666e+09
341, 1.40666e+09
342, 1.40666e+09
343, 1.3953e+09
344, 1.35344e+09
345, 1.35344e+09
346, 1.35344e+09
347, 1.35344e+09
348, 1.35344e+09
349, 1.35344e+09
350, 1.35344e+09
351, 1.35344e+09
352, 1.30998e+09
353, 1.30998e+09
354, 1.29633e+09
355, 1.26905e+09
356, 1.26597e+09
357, 1.26597e+09
358, 1.26597e+09
359, 1.26597e+09
360, 1.26597e+09
361, 1.26597e+09
362, 1.22869e+09
363, 1.22869e+09
364, 1.22869e+09
365, 1.22869e+09
366, 1.22869e+09
367, 1.22869e+09
368, 1.22869e+09
369, 1.22869e+09
370, 1.19182e+09
371, 1.18755e+09
372, 1.18755e+09
373, 1.18755e+09
374, 1.18755e+09
375, 1.18755e+09
376, 1.16265e+09
377, 1.11866e+09
378, 1.11866e+09
379, 1.11866e+09
380, 1.11866e+09
381, 1.11866e+09
382, 1.11866e+09
383, 1.0981e+09
384, 1.04128e+09
385, 1.04128e+09
386, 1.04128e+09
387, 1.04128e+09
388, 1.01559e+09
389, 1.01559e+09
390, 1.01559e+09
391, 1.01559e+09
392, 1.00877e+09
393, 1.00877e+09
394, 1.00877e+09
395, 1.00877e+09
396, 1.00877e+09
397, 1.00877e+09
398, 1.0045e+09
399, 1.0045e+09
400, 1.0045e+09
401, 1.00421e+09
402, 1.00421e+09
403, 1.00421e+09
404, 1.00421e+09
405, 1.00421e+09
406, 1.00421e+09
407, 1.00421e+09
408, 1.00421e+09
409, 9.84784e+08
410, 9.84784e+08
411, 9.84784e+08
412, 9.84784e+08
413, 9.84784e+08
414, 9.84784e+08
415, 9.84784e+08
416, 9.84784e+08
417, 9.84784e+08
418, 9.84784e+08
419, 9.84784e+08
420, 9.71656e+08
421, 9.71656e+08
422, 9.71656e+08
423, 9.63043e+08
424, 9.5447e+08
425, 9.5447e+08
426, 9.5447e+08
427, 9.30214e+08
428, 9.30214e+08
429, 9.30214e+08
430, 9.30214e+08
431, 9.30214e+08
432, 9.14431e+08
433, 9.05461e+08
434, 8.85965e+08
435, 8.85965e+08
436, 8.76542e+08
437, 8.76542e+08
438, 8.61151e+08
439, 8.61151e+08
440, 8.61151e+08
441, 8.61151e+08
442, 8.61151e+08
443, 8.61151e+08
444, 8.61151e+08
445, 8.61151e+08
446, 8.61151e+08
447, 8.61151e+08
448, 8.61151e+08
449, 8.61151e+08
450, 8.61151e+08
451, 8.61151e+08
452, 8.39007e+08
453, 8.39007e+08
454, 8.39007e+08
455, 8.39007e+08
456, 8.39007e+08
457, 8.39007e+08
458, 8.39007e+08
459, 8.39007e+08
460, 8.39007e+08
461, 8.39007e+08
462, 8.39007e+08
463, 8.39007e+08
464, 8.39007e+08
465, 8.39007e+08
466, 8.39007e+08
467, 8.39007e+08
468, 8.39007e+08
469, 8.39007e+08
470, 8.39007e+08
471, 8.39007e+08
472, 8.39007e+08
473, 8.39007e+08
474, 8.31214e+08
475, 8.31214e+08
476, 8.31214e+08
477, 8.31214e+08
478, 8.17453e+08
479, 8.11275e+08
480, 8.11275e+08
481, 8.11275e+08
482, 8.11275e+08
483, 8.11275e+08
484, 7.96017e+08
485, 7.96017e+08
486, 7.96017e+08
487, 7.96017e+08
488, 7.96017e+08
489, 7.96017e+08
490, 7.79298e+08
491, 7.79298e+08
492, 7.79298e+08
493, 7.72606e+08
494, 7.72606e+08
495, 7.69167e+08
496, 7.69167e+08
497, 7.69167e+08
