Iteration, BestFitness
0, 1.74723e+16
1, 6.96176e+14
2, 2.35783e+14
3, 4.99214e+13
4, 4.99214e+13
5, 4.99214e+13
6, 1.67977e+13
7, 5.77258e+12
8, 5.77258e+12
9, 3.18001e+12
10, 2.62172e+12
11, 2.18692e+12
12, 2.18692e+12
13, 5.15975e+11
14, 4.62294e+11
15, 4.28916e+11
16, 4.28916e+11
17, 4.28916e+11
18, 4.28916e+11
19, 4.03544e+11
20, 2.80132e+11
21, 2.31865e+11
22, 1.94184e+11
23, 1.94184e+11
24, 1.94184e+11
25, 1.94184e+11
26, 1.94184e+11
27, 1.94184e+11
28, 1.76793e+11
29, 1.33363e+11
30, 1.16005e+11
31, 9.86865e+10
32, 9.86865e+10
33, 8.51741e+10
34, 8.15504e+10
35, 8.15504e+10
36, 7.65835e+10
37, 7.65835e+10
38, 7.65835e+10
39, 7.65835e+10
40, 7.65835e+10
41, 6.20989e+10
42, 4.51477e+10
43, 4.51477e+10
44, 4.51477e+10
45, 4.51477e+10
46, 4.34225e+10
47, 4.34225e+10
48, 4.34225e+10
49, 4.34225e+10
50, 4.34225e+10
51, 3.92568e+10
52, 3.92568e+10
53, 3.92568e+10
54, 3.92568e+10
55, 3.92568e+10
56, 3.92568e+10
57, 3.92568e+10
58, 3.92568e+10
59, 3.63663e+10
60, 3.63663e+10
61, 3.63663e+10
62, 3.09156e+10
63, 2.52922e+10
64, 2.35675e+10
65, 2.35675e+10
66, 2.35675e+10
67, 2.35675e+10
68, 2.35675e+10
69, 2.35675e+10
70, 2.31117e+10
71, 2.28257e+10
72, 2.28257e+10
73, 2.28257e+10
74, 2.28257e+10
75, 2.28257e+10
76, 2.25144e+10
77, 2.25144e+10
78, 2.25144e+10
79, 2.25144e+10
80, 2.25144e+10
81, 2.25144e+10
82, 2.25144e+10
83, 2.25144e+10
84, 2.08389e+10
85, 2.08389e+10
86, 2.08389e+10
87, 1.99225e+10
88, 1.99225e+10
89, 1.99225e+10
90, 1.72977e+10
91, 1.56215e+10
92, 1.56215e+10
93, 1.56215e+10
94, 1.5244e+10
95, 1.47124e+10
96, 1.47124e+10
97, 1.47124e+10
98, 1.47124e+10
99, 1.3213e+10
100, 1.29196e+10
101, 1.29196e+10
102, 1.29196e+10
103, 1.29196e+10
104, 1.29196e+10
105, 1.29196e+10
106, 1.29196e+10
107, 1.29196e+10
108, 1.29196e+10
109, 1.29196e+10
110, 1.29196e+10
111, 1.25034e+10
112, 1.18143e+10
113, 1.13969e+10
114, 1.13969e+10
115, 1.13969e+10
116, 1.13969e+10
117, 1.13969e+10
118, 9.9418e+09
119, 9.9418e+09
120, 9.9418e+09
121, 9.9418e+09
122, 9.9418e+09
123, 9.9418e+09
124, 9.9418e+09
125, 9.9418e+09
126, 9.9418e+09
127, 9.9418e+09
128, 9.9418e+09
129, 9.62081e+09
130, 9.62081e+09
131, 9.62081e+09
132, 8.5581e+09
133, 7.85335e+09
134, 7.48329e+09
135, 7.48329e+09
136, 7.48329e+09
137, 7.48329e+09
138, 7.48329e+09
139, 6.34521e+09
140, 6.34521e+09
141, 6.34521e+09
142, 6.34521e+09
143, 6.34521e+09
144, 6.34521e+09
145, 6.34521e+09
146, 6.34521e+09
147, 6.34521e+09
148, 6.34521e+09
149, 6.34521e+09
150, 6.34521e+09
151, 6.34521e+09
152, 6.34521e+09
153, 6.34521e+09
154, 6.34521e+09
155, 6.34521e+09
156, 6.34521e+09
157, 5.98529e+09
158, 5.98529e+09
159, 5.98529e+09
160, 5.33799e+09
161, 5.33799e+09
162, 5.33799e+09
163, 5.33799e+09
164, 5.33799e+09
165, 5.33799e+09
166, 5.33799e+09
167, 5.33799e+09
168, 5.33799e+09
169, 5.33799e+09
170, 5.33799e+09
171, 5.33799e+09
172, 5.33799e+09
173, 5.08554e+09
174, 4.745e+09
175, 4.73698e+09
176, 4.70568e+09
177, 4.70568e+09
178, 4.70568e+09
179, 4.70568e+09
180, 4.70568e+09
181, 4.70568e+09
182, 4.70568e+09
183, 4.70568e+09
184, 4.70568e+09
185, 4.70568e+09
186, 4.70568e+09
187, 4.70568e+09
188, 4.70568e+09
189, 4.70568e+09
190, 4.70568e+09
191, 4.4361e+09
192, 4.4361e+09
193, 4.4361e+09
194, 4.4361e+09
195, 4.4361e+09
196, 4.4361e+09
197, 4.4361e+09
198, 4.4361e+09
199, 4.4361e+09
200, 4.26147e+09
201, 4.26147e+09
202, 4.26147e+09
203, 4.23451e+09
204, 4.23451e+09
205, 4.23451e+09
206, 4.23451e+09
207, 4.23451e+09
208, 4.23451e+09
209, 3.8771e+09
210, 3.57725e+09
211, 3.57725e+09
212, 3.57725e+09
213, 3.57725e+09
214, 3.57725e+09
215, 3.57725e+09
216, 3.57725e+09
217, 3.57725e+09
218, 3.57189e+09
219, 3.57189e+09
220, 3.23042e+09
221, 3.07013e+09
222, 3.07013e+09
223, 3.07013e+09
224, 3.07013e+09
225, 3.07013e+09
226, 3.07013e+09
227, 3.07013e+09
228, 3.07013e+09
229, 3.07013e+09
230, 3.07013e+09
231, 3.07013e+09
232, 3.07013e+09
233, 3.07013e+09
234, 3.07013e+09
235, 2.934e+09
236, 2.934e+09
237, 2.71663e+09
238, 2.71663e+09
239, 2.59724e+09
240, 2.59724e+09
241, 2.59724e+09
242, 2.59724e+09
243, 2.59724e+09
244, 2.59724e+09
245, 2.59724e+09
246, 2.59724e+09
247, 2.59724e+09
248, 2.59724e+09
249, 2.59724e+09
250, 2.59724e+09
251, 2.5898e+09
252, 2.5898e+09
253, 2.48553e+09
254, 2.45319e+09
255, 2.45319e+09
256, 2.45319e+09
257, 2.45319e+09
258, 2.34596e+09
259, 2.34596e+09
260, 2.34596e+09
261, 2.34596e+09
262, 2.34596e+09
263, 2.34596e+09
264, 2.34596e+09
265, 2.34596e+09
266, 2.34596e+09
267, 2.34596e+09
268, 2.34596e+09
269, 2.34596e+09
270, 2.34596e+09
271, 2.34596e+09
272, 2.34596e+09
273, 2.34596e+09
274, 2.34596e+09
275, 2.34121e+09
276, 2.34121e+09
277, 2.34121e+09
278, 2.1598e+09
279, 2.1598e+09
280, 2.1598e+09
281, 2.1598e+09
282, 2.1598e+09
283, 2.13285e+09
284, 2.05606e+09
285, 1.94247e+09
286, 1.94247e+09
287, 1.94247e+09
288, 1.94247e+09
289, 1.93919e+09
290, 1.93919e+09
291, 1.93919e+09
292, 1.93919e+09
293, 1.93919e+09
294, 1.93919e+09
295, 1.93919e+09
296, 1.93919e+09
297, 1.87238e+09
298, 1.87238e+09
299, 1.87238e+09
300, 1.86866e+09
301, 1.84014e+09
302, 1.74906e+09
303, 1.74906e+09
304, 1.74906e+09
305, 1.64812e+09
306, 1.64812e+09
307, 1.64812e+09
308, 1.64812e+09
309, 1.64812e+09
310, 1.64812e+09
311, 1.64812e+09
312, 1.64812e+09
313, 1.64812e+09
314, 1.64812e+09
315, 1.64812e+09
316, 1.64812e+09
317, 1.6283e+09
318, 1.6283e+09
319, 1.6283e+09
320, 1.6283e+09
321, 1.6283e+09
322, 1.6283e+09
323, 1.6283e+09
324, 1.6283e+09
325, 1.59844e+09
326, 1.58536e+09
327, 1.58536e+09
328, 1.58536e+09
329, 1.58536e+09
330, 1.58536e+09
331, 1.58536e+09
332, 1.58536e+09
333, 1.58536e+09
334, 1.58536e+09
335, 1.51631e+09
336, 1.51631e+09
337, 1.51631e+09
338, 1.51631e+09
339, 1.48889e+09
340, 1.48889e+09
341, 1.48889e+09
342, 1.48889e+09
343, 1.48889e+09
344, 1.48889e+09
345, 1.43783e+09
346, 1.42352e+09
347, 1.41832e+09
348, 1.41832e+09
349, 1.41832e+09
350, 1.41832e+09
351, 1.41832e+09
352, 1.41832e+09
353, 1.41832e+09
354, 1.41832e+09
355, 1.41832e+09
356, 1.41832e+09
357, 1.41832e+09
358, 1.41832e+09
359, 1.41832e+09
360, 1.41832e+09
361, 1.41832e+09
362, 1.41832e+09
363, 1.39201e+09
364, 1.39201e+09
365, 1.36464e+09
366, 1.33176e+09
367, 1.31599e+09
368, 1.30402e+09
369, 1.29443e+09
370, 1.29443e+09
371, 1.29443e+09
372, 1.29443e+09
373, 1.29096e+09
374, 1.29096e+09
375, 1.29096e+09
376, 1.29096e+09
377, 1.29096e+09
378, 1.29096e+09
379, 1.29096e+09
380, 1.25589e+09
381, 1.25589e+09
382, 1.25589e+09
383, 1.25589e+09
384, 1.25589e+09
385, 1.24741e+09
386, 1.19855e+09
387, 1.18851e+09
388, 1.18851e+09
389, 1.18851e+09
390, 1.18851e+09
391, 1.15347e+09
392, 1.15347e+09
393, 1.14553e+09
394, 1.14551e+09
395, 1.14551e+09
396, 1.14551e+09
397, 1.1318e+09
398, 1.12209e+09
399, 1.12209e+09
400, 1.106e+09
401, 1.106e+09
402, 1.106e+09
403, 1.106e+09
404, 1.106e+09
405, 1.106e+09
406, 1.09251e+09
407, 1.09251e+09
408, 1.08943e+09
409, 1.08943e+09
410, 1.08943e+09
411, 1.08943e+09
412, 1.08943e+09
413, 1.08943e+09
414, 1.08943e+09
415, 1.08943e+09
416, 1.08943e+09
417, 1.08943e+09
418, 1.08943e+09
419, 1.06992e+09
420, 1.06042e+09
421, 1.06042e+09
422, 1.06042e+09
423, 1.06042e+09
424, 1.06042e+09
425, 1.06042e+09
426, 1.06042e+09
427, 1.05622e+09
428, 1.05622e+09
429, 1.05622e+09
430, 1.04249e+09
431, 1.04249e+09
432, 1.04249e+09
433, 1.04249e+09
434, 1.04249e+09
435, 1.04249e+09
436, 1.04249e+09
437, 1.03492e+09
438, 9.95711e+08
439, 9.95711e+08
440, 9.95711e+08
441, 9.95711e+08
442, 9.95711e+08
443, 9.95711e+08
444, 9.95711e+08
445, 9.95711e+08
446, 9.95711e+08
447, 9.71095e+08
448, 9.71095e+08
449, 9.71095e+08
450, 9.59913e+08
451, 9.59913e+08
452, 9.59913e+08
453, 9.59913e+08
454, 9.59913e+08
455, 9.59913e+08
456, 9.48704e+08
457, 9.48704e+08
458, 9.48704e+08
459, 9.48704e+08
460, 9.48704e+08
461, 9.45463e+08
462, 9.45463e+08
463, 9.45463e+08
464, 9.45463e+08
465, 9.45463e+08
466, 9.45463e+08
467, 9.45463e+08
468, 9.45463e+08
469, 9.45463e+08
470, 9.38937e+08
471, 9.38937e+08
472, 9.38816e+08
473, 9.38816e+08
474, 9.38816e+08
475, 9.38816e+08
476, 9.32167e+08
477, 9.32167e+08
478, 9.32167e+08
479, 9.32167e+08
480, 9.32167e+08
481, 9.19079e+08
482, 9.19079e+08
483, 9.19079e+08
484, 9.19079e+08
485, 9.02467e+08
486, 9.02467e+08
487, 9.02467e+08
488, 8.79119e+08
489, 8.79119e+08
490, 8.79119e+08
491, 8.79119e+08
492, 8.77737e+08
493, 8.77737e+08
494, 8.77737e+08
495, 8.77737e+08
496, 8.77737e+08
497, 8.73925e+08
