Iteration, BestFitness
0, 4.62602e+11
1, 4.20138e+11
2, 3.80076e+11
3, 3.80076e+11
4, 3.80076e+11
5, 3.80076e+11
6, 3.80076e+11
7, 3.80076e+11
8, 3.14745e+11
9, 2.74305e+11
10, 2.74305e+11
11, 2.74305e+11
12, 2.42426e+11
13, 2.42426e+11
14, 2.42426e+11
15, 2.31932e+11
16, 2.31932e+11
17, 2.31932e+11
18, 2.31932e+11
19, 2.31932e+11
20, 2.06539e+11
21, 2.06539e+11
22, 2.06539e+11
23, 2.06539e+11
24, 1.99013e+11
25, 1.99013e+11
26, 1.99013e+11
27, 1.94388e+11
28, 1.94388e+11
29, 1.94388e+11
30, 1.94388e+11
31, 1.94388e+11
32, 1.94388e+11
33, 1.94388e+11
34, 1.94388e+11
35, 1.8303e+11
36, 1.75628e+11
37, 1.6425e+11
38, 1.6425e+11
39, 1.6425e+11
40, 1.6425e+11
41, 1.6425e+11
42, 1.63909e+11
43, 1.63909e+11
44, 1.59222e+11
45, 1.59222e+11
46, 1.58978e+11
47, 1.44955e+11
48, 1.37918e+11
49, 1.30833e+11
50, 1.27393e+11
51, 1.26591e+11
52, 1.22775e+11
53, 1.22775e+11
54, 1.22775e+11
55, 1.22775e+11
56, 1.22775e+11
57, 1.22382e+11
58, 1.22382e+11
59, 1.22382e+11
60, 1.22382e+11
61, 1.22382e+11
62, 1.22382e+11
63, 1.22382e+11
64, 1.22382e+11
65, 1.22382e+11
66, 1.22382e+11
67, 1.22382e+11
68, 1.22382e+11
69, 1.22382e+11
70, 1.22382e+11
71, 1.22382e+11
72, 1.21309e+11
73, 1.2127e+11
74, 1.2127e+11
75, 1.06723e+11
76, 1.06723e+11
77, 1.06723e+11
78, 1.06723e+11
79, 1.06723e+11
80, 1.02377e+11
81, 1.02377e+11
82, 1.02377e+11
83, 9.89692e+10
84, 9.0727e+10
85, 9.0727e+10
86, 9.0727e+10
87, 8.97135e+10
88, 8.29203e+10
89, 8.29203e+10
90, 8.29203e+10
91, 8.25149e+10
92, 8.25149e+10
93, 8.25149e+10
94, 8.25149e+10
95, 8.25149e+10
96, 8.25149e+10
97, 8.25149e+10
98, 8.25149e+10
99, 8.25149e+10
100, 8.25149e+10
101, 8.25149e+10
102, 8.25149e+10
103, 8.25149e+10
104, 8.25149e+10
105, 8.25149e+10
106, 8.25149e+10
107, 8.25149e+10
108, 8.25149e+10
109, 8.25149e+10
110, 8.25149e+10
111, 8.09762e+10
112, 7.63815e+10
113, 7.63815e+10
114, 7.63815e+10
115, 7.63815e+10
116, 7.21768e+10
117, 7.10218e+10
118, 7.10218e+10
119, 7.10218e+10
120, 7.02108e+10
121, 7.02108e+10
122, 7.02108e+10
123, 7.02108e+10
124, 7.02108e+10
125, 7.02108e+10
126, 7.02108e+10
127, 7.02108e+10
128, 7.02108e+10
129, 7.02108e+10
130, 7.02108e+10
131, 7.02108e+10
132, 7.02108e+10
133, 7.02108e+10
134, 7.02108e+10
135, 7.02108e+10
136, 7.02108e+10
137, 7.02108e+10
138, 7.02108e+10
139, 7.02108e+10
140, 7.02108e+10
141, 7.02108e+10
142, 7.02108e+10
143, 7.02108e+10
144, 7.02108e+10
145, 7.02108e+10
146, 7.02108e+10
147, 7.02108e+10
148, 7.02108e+10
149, 7.02108e+10
150, 7.02108e+10
151, 7.02108e+10
152, 7.02108e+10
153, 7.02108e+10
154, 7.02108e+10
155, 6.97719e+10
156, 6.76096e+10
157, 6.76096e+10
158, 6.76096e+10
159, 6.76096e+10
160, 6.76096e+10
161, 6.76096e+10
162, 6.76096e+10
163, 6.76096e+10
164, 6.76096e+10
165, 6.51452e+10
166, 6.51452e+10
167, 6.51452e+10
168, 6.51452e+10
169, 6.51452e+10
170, 6.51452e+10
171, 6.51452e+10
172, 6.51452e+10
173, 6.51452e+10
174, 6.51452e+10
175, 6.51452e+10
176, 6.51452e+10
177, 6.51452e+10
178, 6.51452e+10
179, 6.51452e+10
180, 6.51452e+10
181, 6.51452e+10
182, 6.4837e+10
183, 6.4837e+10
184, 6.4837e+10
185, 6.4837e+10
186, 6.4837e+10
187, 6.4837e+10
188, 6.4837e+10
189, 6.31743e+10
190, 6.31743e+10
191, 6.31743e+10
192, 6.31743e+10
193, 6.31743e+10
194, 6.17073e+10
195, 6.14909e+10
196, 6.04284e+10
197, 6.04284e+10
198, 6.04284e+10
199, 6.04284e+10
200, 6.04284e+10
201, 6.04284e+10
202, 6.04284e+10
203, 6.04284e+10
204, 6.04284e+10
205, 6.04284e+10
206, 6.04284e+10
207, 6.04284e+10
208, 6.04284e+10
209, 6.04284e+10
210, 6.04284e+10
211, 6.04284e+10
212, 6.04284e+10
213, 6.04284e+10
214, 6.04284e+10
215, 6.04284e+10
216, 6.04284e+10
217, 6.04284e+10
218, 6.04284e+10
219, 5.98139e+10
220, 5.98139e+10
221, 5.98139e+10
222, 5.98139e+10
223, 5.98139e+10
224, 5.98139e+10
225, 5.98139e+10
226, 5.98139e+10
227, 5.98139e+10
228, 5.14169e+10
229, 5.14169e+10
230, 5.14169e+10
231, 5.14169e+10
232, 5.14169e+10
233, 5.14169e+10
234, 5.14169e+10
235, 5.14169e+10
236, 5.14169e+10
237, 5.14169e+10
238, 5.14169e+10
239, 5.14169e+10
240, 5.14169e+10
241, 5.14169e+10
242, 5.14169e+10
243, 5.14169e+10
244, 5.14169e+10
245, 5.14169e+10
246, 5.14169e+10
247, 5.14169e+10
248, 5.14169e+10
249, 5.14169e+10
250, 5.14169e+10
251, 5.14169e+10
252, 5.14169e+10
253, 5.14169e+10
254, 5.14169e+10
255, 5.14169e+10
256, 5.14169e+10
257, 5.14169e+10
258, 5.14169e+10
259, 5.14169e+10
260, 5.14169e+10
261, 5.14169e+10
262, 5.14169e+10
263, 5.14169e+10
264, 5.14169e+10
265, 5.14169e+10
266, 5.14169e+10
267, 5.14169e+10
268, 5.14169e+10
269, 5.14169e+10
270, 5.14169e+10
271, 5.14169e+10
272, 5.14169e+10
273, 5.14169e+10
274, 5.14169e+10
275, 5.14169e+10
276, 5.14169e+10
277, 5.14169e+10
278, 5.14169e+10
279, 5.14169e+10
280, 5.14169e+10
281, 5.08425e+10
282, 5.08425e+10
283, 5.08425e+10
284, 5.08425e+10
285, 5.08425e+10
286, 5.08425e+10
287, 5.08425e+10
288, 5.08425e+10
289, 4.86249e+10
290, 4.86249e+10
291, 4.86249e+10
292, 4.86249e+10
293, 4.86249e+10
294, 4.86249e+10
295, 4.86249e+10
296, 4.86249e+10
297, 4.86249e+10
298, 4.86249e+10
299, 4.86249e+10
300, 4.86249e+10
301, 4.86249e+10
302, 4.86249e+10
303, 4.86249e+10
304, 4.86249e+10
305, 4.86249e+10
306, 4.86249e+10
307, 4.86249e+10
308, 4.79633e+10
309, 4.79633e+10
310, 4.72358e+10
311, 4.72358e+10
312, 4.72358e+10
313, 4.72358e+10
314, 4.72358e+10
315, 4.72358e+10
316, 4.72358e+10
317, 4.72358e+10
318, 4.72358e+10
319, 4.72358e+10
320, 4.72358e+10
321, 4.72358e+10
322, 4.72358e+10
323, 4.72358e+10
324, 4.72358e+10
325, 4.72358e+10
326, 4.72358e+10
327, 4.72358e+10
328, 4.72358e+10
329, 4.72358e+10
330, 4.72358e+10
331, 4.72358e+10
