Iteration, BestFitness
0, 5.29105e+15
1, 2.4433e+15
2, 1.11312e+15
3, 1.73209e+13
4, 1.63994e+13
5, 1.63994e+13
6, 1.63994e+13
7, 5.96037e+12
8, 5.96037e+12
9, 5.96037e+12
10, 5.96037e+12
11, 5.96037e+12
12, 5.96037e+12
13, 3.22022e+12
14, 2.47795e+12
15, 2.47795e+12
16, 2.47795e+12
17, 2.01198e+12
18, 1.83974e+12
19, 1.83974e+12
20, 1.78253e+12
21, 1.54183e+12
22, 1.34692e+12
23, 1.34692e+12
24, 1.34692e+12
25, 1.30671e+12
26, 9.47507e+11
27, 9.47507e+11
28, 9.47507e+11
29, 8.82426e+11
30, 8.4702e+11
31, 7.97056e+11
32, 7.97056e+11
33, 7.01896e+11
34, 6.62472e+11
35, 6.62472e+11
36, 6.62472e+11
37, 6.62472e+11
38, 6.40528e+11
39, 6.40528e+11
40, 5.26035e+11
41, 4.64666e+11
42, 4.23467e+11
43, 4.13559e+11
44, 4.13559e+11
45, 3.69299e+11
46, 3.29279e+11
47, 2.86646e+11
48, 2.86646e+11
49, 2.86646e+11
50, 2.86646e+11
51, 2.86646e+11
52, 2.86646e+11
53, 2.53365e+11
54, 2.53365e+11
55, 2.53365e+11
56, 2.44213e+11
57, 2.33254e+11
58, 2.21664e+11
59, 1.93491e+11
60, 1.86696e+11
61, 1.86696e+11
62, 1.77512e+11
63, 1.6616e+11
64, 1.6616e+11
65, 1.6616e+11
66, 1.6616e+11
67, 1.6616e+11
68, 1.6616e+11
69, 1.64361e+11
70, 1.59819e+11
71, 1.59819e+11
72, 1.5275e+11
73, 1.50435e+11
74, 1.41021e+11
75, 1.21516e+11
76, 1.21516e+11
77, 1.21516e+11
78, 1.19381e+11
79, 1.10303e+11
80, 1.10303e+11
81, 9.5825e+10
82, 9.5825e+10
83, 9.5825e+10
84, 9.5825e+10
85, 9.1384e+10
86, 9.1384e+10
87, 9.1384e+10
88, 9.1384e+10
89, 9.1384e+10
90, 8.61314e+10
91, 8.42435e+10
92, 8.42435e+10
93, 8.2184e+10
94, 7.83402e+10
95, 7.35979e+10
96, 7.35979e+10
97, 7.35979e+10
98, 7.35979e+10
99, 7.35979e+10
100, 7.35979e+10
101, 7.35979e+10
102, 7.35979e+10
103, 7.24303e+10
104, 6.74776e+10
105, 6.61283e+10
106, 6.43388e+10
107, 6.43388e+10
108, 6.43388e+10
109, 6.32871e+10
110, 6.32871e+10
111, 6.32871e+10
112, 6.32871e+10
113, 6.32871e+10
114, 6.32871e+10
115, 6.22721e+10
116, 6.17379e+10
117, 6.17379e+10
118, 5.89575e+10
119, 5.89575e+10
120, 5.85752e+10
121, 5.73781e+10
122, 5.73781e+10
123, 5.73781e+10
124, 5.73781e+10
125, 5.54149e+10
126, 5.21889e+10
127, 5.11593e+10
128, 4.8721e+10
129, 4.8721e+10
130, 4.69455e+10
131, 4.64631e+10
132, 4.64631e+10
133, 4.64631e+10
134, 4.64631e+10
135, 4.64631e+10
136, 4.63427e+10
137, 4.63427e+10
138, 4.63427e+10
139, 4.63427e+10
140, 4.63427e+10
141, 4.45863e+10
142, 4.28749e+10
143, 4.25541e+10
144, 4.25541e+10
145, 4.25541e+10
146, 4.25541e+10
147, 4.25541e+10
148, 4.25541e+10
149, 4.17857e+10
150, 4.17857e+10
151, 4.05571e+10
152, 4.0186e+10
153, 3.98284e+10
154, 3.98284e+10
155, 3.98284e+10
156, 3.98284e+10
157, 3.95486e+10
158, 3.95486e+10
159, 3.95486e+10
160, 3.95486e+10
161, 3.95486e+10
162, 3.80743e+10
163, 3.73757e+10
164, 3.73757e+10
165, 3.73757e+10
166, 3.72137e+10
167, 3.65528e+10
168, 3.65528e+10
169, 3.65492e+10
170, 3.65492e+10
171, 3.65492e+10
172, 3.5998e+10
173, 3.55661e+10
174, 3.55661e+10
175, 3.55661e+10
176, 3.55661e+10
177, 3.55661e+10
178, 3.55661e+10
179, 3.53506e+10
180, 3.496e+10
181, 3.496e+10
182, 3.496e+10
183, 3.40373e+10
184, 3.40373e+10
185, 3.40373e+10
186, 3.40373e+10
187, 3.40373e+10
188, 3.40373e+10
189, 3.40373e+10
190, 3.40373e+10
191, 3.40373e+10
192, 3.40373e+10
193, 3.36463e+10
194, 3.33303e+10
195, 3.33303e+10
196, 3.33303e+10
197, 3.28654e+10
198, 3.28654e+10
199, 3.28654e+10
200, 3.28654e+10
201, 3.28654e+10
202, 3.28654e+10
203, 3.27435e+10
204, 3.27435e+10
205, 3.26826e+10
206, 3.22367e+10
207, 3.20948e+10
208, 3.17221e+10
209, 3.16956e+10
210, 3.16956e+10
211, 3.16956e+10
212, 3.16956e+10
213, 3.15892e+10
214, 3.14551e+10
215, 3.14551e+10
216, 3.14551e+10
217, 3.11319e+10
218, 3.11319e+10
219, 3.11319e+10
220, 3.11319e+10
221, 3.11319e+10
222, 3.11319e+10
223, 3.08967e+10
224, 3.08162e+10
225, 3.08162e+10
226, 3.07322e+10
227, 3.07322e+10
228, 3.07322e+10
229, 3.07322e+10
230, 3.07322e+10
231, 3.05013e+10
232, 3.05013e+10
233, 3.05013e+10
234, 3.04208e+10
235, 3.04208e+10
236, 3.04208e+10
237, 3.04208e+10
238, 2.99567e+10
239, 2.99567e+10
240, 2.99567e+10
241, 2.99567e+10
242, 2.99567e+10
243, 2.99567e+10
244, 2.96363e+10
245, 2.96363e+10
246, 2.94707e+10
247, 2.9413e+10
248, 2.94128e+10
249, 2.94128e+10
250, 2.93379e+10
251, 2.93003e+10
252, 2.9144e+10
253, 2.90805e+10
254, 2.90171e+10
255, 2.90171e+10
256, 2.90171e+10
257, 2.90171e+10
258, 2.90171e+10
259, 2.90171e+10
260, 2.90171e+10
261, 2.90171e+10
262, 2.88338e+10
263, 2.88338e+10
264, 2.88338e+10
265, 2.87625e+10
266, 2.87612e+10
267, 2.87612e+10
268, 2.87612e+10
269, 2.87612e+10
270, 2.87549e+10
271, 2.87339e+10
272, 2.86617e+10
273, 2.86617e+10
274, 2.86617e+10
275, 2.86617e+10
276, 2.85321e+10
277, 2.84727e+10
278, 2.84727e+10
279, 2.84727e+10
280, 2.84727e+10
281, 2.84727e+10
282, 2.84727e+10
283, 2.84727e+10
284, 2.83972e+10
285, 2.83972e+10
286, 2.83972e+10
287, 2.83972e+10
288, 2.83785e+10
289, 2.83785e+10
290, 2.83785e+10
291, 2.83785e+10
292, 2.83785e+10
293, 2.83711e+10
294, 2.83711e+10
295, 2.833e+10
296, 2.833e+10
297, 2.833e+10
298, 2.82549e+10
299, 2.82549e+10
300, 2.82549e+10
301, 2.82549e+10
302, 2.8236e+10
303, 2.8114e+10
304, 2.8114e+10
305, 2.81105e+10
306, 2.81105e+10
307, 2.81055e+10
308, 2.81055e+10
309, 2.81055e+10
310, 2.81047e+10
311, 2.79483e+10
312, 2.79483e+10
313, 2.79483e+10
314, 2.79483e+10
315, 2.79483e+10
316, 2.79483e+10
317, 2.79483e+10
318, 2.78644e+10
319, 2.78644e+10
320, 2.78644e+10
321, 2.78644e+10
322, 2.78644e+10
323, 2.78644e+10
324, 2.78644e+10
325, 2.78644e+10
326, 2.78485e+10
327, 2.78485e+10
328, 2.78485e+10
329, 2.78485e+10
330, 2.77596e+10
331, 2.77411e+10
332, 2.77411e+10
333, 2.77411e+10
334, 2.77411e+10
335, 2.77393e+10
336, 2.77393e+10
337, 2.76411e+10
338, 2.76411e+10
339, 2.76411e+10
340, 2.76411e+10
341, 2.76411e+10
342, 2.76411e+10
343, 2.76411e+10
344, 2.76411e+10
345, 2.76411e+10
346, 2.76411e+10
347, 2.76411e+10
348, 2.7635e+10
349, 2.76309e+10
350, 2.76309e+10
351, 2.76309e+10
352, 2.76309e+10
353, 2.76309e+10
354, 2.76309e+10
355, 2.7609e+10
356, 2.7609e+10
357, 2.7609e+10
358, 2.7609e+10
359, 2.7609e+10
360, 2.7609e+10
361, 2.76065e+10
362, 2.7546e+10
363, 2.75418e+10
364, 2.75418e+10
365, 2.75418e+10
366, 2.75204e+10
367, 2.75204e+10
368, 2.75152e+10
369, 2.75152e+10
370, 2.75152e+10
371, 2.75152e+10
372, 2.74802e+10
373, 2.74802e+10
374, 2.74802e+10
375, 2.74802e+10
376, 2.74387e+10
377, 2.74387e+10
378, 2.74387e+10
379, 2.74301e+10
380, 2.74301e+10
381, 2.74301e+10
382, 2.74219e+10
383, 2.74219e+10
384, 2.74219e+10
385, 2.74219e+10
386, 2.74219e+10
387, 2.74219e+10
388, 2.74219e+10
389, 2.74219e+10
390, 2.74219e+10
391, 2.74219e+10
392, 2.74111e+10
393, 2.74111e+10
394, 2.74111e+10
395, 2.74111e+10
396, 2.73834e+10
397, 2.73827e+10
398, 2.73827e+10
399, 2.73827e+10
400, 2.73827e+10
401, 2.73827e+10
402, 2.73827e+10
403, 2.73827e+10
404, 2.73827e+10
405, 2.73827e+10
406, 2.73736e+10
407, 2.73736e+10
408, 2.73736e+10
409, 2.73736e+10
410, 2.73678e+10
411, 2.73678e+10
412, 2.73678e+10
413, 2.73678e+10
414, 2.73678e+10
415, 2.7361e+10
416, 2.7361e+10
417, 2.7361e+10
418, 2.7361e+10
419, 2.73589e+10
420, 2.73589e+10
421, 2.73589e+10
422, 2.73513e+10
423, 2.73513e+10
424, 2.73465e+10
425, 2.73448e+10
426, 2.73448e+10
427, 2.73448e+10
428, 2.73399e+10
429, 2.73198e+10
430, 2.73153e+10
431, 2.73153e+10
432, 2.73153e+10
433, 2.73153e+10
434, 2.73153e+10
435, 2.73153e+10
436, 2.73153e+10
437, 2.73015e+10
438, 2.73015e+10
439, 2.73015e+10
440, 2.73015e+10
441, 2.73015e+10
442, 2.72982e+10
443, 2.72982e+10
444, 2.72982e+10
445, 2.72982e+10
446, 2.72982e+10
447, 2.72982e+10
448, 2.72982e+10
449, 2.72692e+10
450, 2.72692e+10
451, 2.72692e+10
452, 2.72692e+10
453, 2.72692e+10
454, 2.72692e+10
455, 2.72692e+10
456, 2.72692e+10
457, 2.72692e+10
458, 2.72692e+10
459, 2.72692e+10
460, 2.72692e+10
461, 2.72692e+10
462, 2.72493e+10
463, 2.72493e+10
464, 2.72493e+10
465, 2.72493e+10
466, 2.72444e+10
467, 2.72444e+10
468, 2.72444e+10
469, 2.72444e+10
470, 2.72444e+10
471, 2.72444e+10
472, 2.72374e+10
473, 2.72374e+10
474, 2.72374e+10
475, 2.72374e+10
476, 2.72374e+10
477, 2.72374e+10
478, 2.72374e+10
479, 2.72374e+10
480, 2.72325e+10
481, 2.72214e+10
482, 2.72118e+10
483, 2.72118e+10
484, 2.72118e+10
485, 2.72118e+10
486, 2.72118e+10
487, 2.72118e+10
488, 2.72118e+10
489, 2.72118e+10
490, 2.72118e+10
491, 2.72118e+10
492, 2.72118e+10
493, 2.72118e+10
494, 2.72118e+10
495, 2.72088e+10
496, 2.72088e+10
497, 2.72044e+10
