Iteration, BestFitness
0, 3.51185e+12
1, 3.32698e+12
2, 3.19878e+12
3, 2.59133e+12
4, 1.95627e+12
5, 1.95627e+12
6, 1.78181e+12
7, 1.56294e+12
8, 1.56294e+12
9, 1.22927e+12
10, 1.09693e+12
11, 8.35696e+11
12, 8.35696e+11
13, 7.77409e+11
14, 7.77409e+11
15, 7.77409e+11
16, 7.77409e+11
17, 7.77409e+11
18, 6.55888e+11
19, 5.31722e+11
20, 4.35473e+11
21, 4.35473e+11
22, 4.22678e+11
23, 3.8166e+11
24, 3.8166e+11
25, 3.65188e+11
26, 3.65188e+11
27, 3.44329e+11
28, 3.41727e+11
29, 3.09413e+11
30, 2.84737e+11
31, 2.77109e+11
32, 2.69626e+11
33, 2.66008e+11
34, 2.60694e+11
35, 2.60694e+11
36, 2.50878e+11
37, 2.50878e+11
38, 2.50878e+11
39, 2.50878e+11
40, 2.43459e+11
41, 2.40161e+11
42, 2.32467e+11
43, 1.9878e+11
44, 1.77554e+11
45, 1.71435e+11
46, 1.71435e+11
47, 1.71435e+11
48, 1.71435e+11
49, 1.6387e+11
50, 1.6387e+11
51, 1.6387e+11
52, 1.54282e+11
53, 1.49181e+11
54, 1.49181e+11
55, 1.42317e+11
56, 1.42317e+11
57, 1.35822e+11
58, 1.32588e+11
59, 1.32588e+11
60, 1.32588e+11
61, 1.32588e+11
62, 1.31001e+11
63, 1.178e+11
64, 1.178e+11
65, 1.178e+11
66, 1.178e+11
67, 1.178e+11
68, 1.178e+11
69, 1.12959e+11
70, 1.10325e+11
71, 1.10325e+11
72, 1.08199e+11
73, 1.01871e+11
74, 1.01871e+11
75, 9.43137e+10
76, 9.43137e+10
77, 9.43137e+10
78, 9.43137e+10
79, 8.38944e+10
80, 8.38944e+10
81, 8.35048e+10
82, 8.35048e+10
83, 8.35048e+10
84, 8.31021e+10
85, 8.31021e+10
86, 8.31021e+10
87, 7.98142e+10
88, 7.70775e+10
89, 7.70775e+10
90, 7.70775e+10
91, 7.70775e+10
92, 7.70775e+10
93, 7.55111e+10
94, 7.55111e+10
95, 7.48324e+10
96, 7.48324e+10
97, 7.48324e+10
98, 7.48324e+10
99, 7.48324e+10
100, 7.48324e+10
101, 7.48324e+10
102, 7.48324e+10
103, 7.48324e+10
104, 7.48324e+10
105, 7.48324e+10
106, 7.48324e+10
107, 7.48324e+10
108, 7.08898e+10
109, 7.08898e+10
110, 7.08898e+10
111, 6.67869e+10
112, 6.67869e+10
113, 6.60364e+10
114, 6.45659e+10
115, 6.45659e+10
116, 6.45659e+10
117, 6.25493e+10
118, 6.25493e+10
119, 6.25493e+10
120, 6.25493e+10
121, 6.25493e+10
122, 6.25493e+10
123, 6.25493e+10
124, 5.9997e+10
125, 5.84901e+10
126, 5.83086e+10
127, 5.73428e+10
128, 5.73428e+10
129, 5.73428e+10
130, 5.56299e+10
131, 5.56299e+10
132, 5.56299e+10
133, 5.56299e+10
134, 5.56299e+10
135, 5.56299e+10
136, 5.56299e+10
137, 5.46848e+10
138, 5.30425e+10
139, 5.29691e+10
140, 5.29691e+10
141, 5.29691e+10
142, 5.29691e+10
143, 5.29691e+10
144, 5.27481e+10
145, 5.27481e+10
146, 5.27481e+10
147, 5.27481e+10
148, 5.27481e+10
149, 5.13343e+10
150, 5.02245e+10
151, 4.8224e+10
152, 4.8224e+10
153, 4.72433e+10
154, 4.62625e+10
155, 4.62625e+10
156, 4.62625e+10
157, 4.62625e+10
158, 4.62625e+10
159, 4.62625e+10
160, 4.62625e+10
161, 4.62625e+10
162, 4.62625e+10
163, 4.62625e+10
164, 4.62625e+10
165, 4.62625e+10
166, 4.62625e+10
167, 4.62625e+10
168, 4.55843e+10
169, 4.52485e+10
170, 4.52485e+10
171, 4.46194e+10
172, 4.46194e+10
173, 4.46194e+10
174, 4.46194e+10
175, 4.4187e+10
176, 4.4187e+10
177, 4.38794e+10
178, 4.38794e+10
179, 4.34883e+10
180, 4.34883e+10
181, 4.29754e+10
182, 4.29754e+10
183, 4.09307e+10
184, 4.09307e+10
185, 4.09307e+10
186, 4.09307e+10
187, 4.09307e+10
188, 4.09307e+10
189, 4.09307e+10
190, 4.09307e+10
191, 4.09307e+10
192, 4.09307e+10
193, 4.04495e+10
194, 4.03541e+10
195, 3.98549e+10
196, 3.98549e+10
197, 3.96839e+10
198, 3.94231e+10
199, 3.87672e+10
200, 3.75563e+10
201, 3.75563e+10
202, 3.75563e+10
203, 3.75563e+10
204, 3.75563e+10
205, 3.75563e+10
206, 3.75563e+10
207, 3.75563e+10
208, 3.75563e+10
209, 3.75563e+10
210, 3.75563e+10
211, 3.75563e+10
212, 3.75563e+10
213, 3.75563e+10
214, 3.75563e+10
215, 3.75563e+10
216, 3.75563e+10
217, 3.75563e+10
218, 3.75563e+10
219, 3.75563e+10
220, 3.7083e+10
221, 3.7083e+10
222, 3.65459e+10
223, 3.65459e+10
224, 3.63439e+10
225, 3.63439e+10
226, 3.63439e+10
227, 3.63439e+10
228, 3.59665e+10
229, 3.59192e+10
230, 3.59192e+10
231, 3.59192e+10
232, 3.56405e+10
233, 3.50719e+10
234, 3.47275e+10
235, 3.47275e+10
236, 3.47275e+10
237, 3.47275e+10
238, 3.47275e+10
239, 3.4002e+10
240, 3.4002e+10
241, 3.4002e+10
242, 3.4002e+10
243, 3.4002e+10
244, 3.4002e+10
245, 3.38867e+10
246, 3.38867e+10
247, 3.38867e+10
248, 3.38867e+10
249, 3.38867e+10
250, 3.38867e+10
251, 3.38867e+10
252, 3.38867e+10
253, 3.38867e+10
254, 3.38867e+10
255, 3.38867e+10
256, 3.38867e+10
257, 3.34219e+10
258, 3.34219e+10
259, 3.34219e+10
260, 3.32519e+10
261, 3.32519e+10
262, 3.315e+10
263, 3.31102e+10
264, 3.27618e+10
265, 3.27618e+10
266, 3.27618e+10
267, 3.27618e+10
268, 3.27618e+10
269, 3.27618e+10
270, 3.27618e+10
271, 3.27618e+10
272, 3.27618e+10
273, 3.26152e+10
274, 3.26152e+10
275, 3.26152e+10
276, 3.25415e+10
277, 3.22478e+10
278, 3.22478e+10
279, 3.22478e+10
280, 3.22478e+10
281, 3.22369e+10
282, 3.22369e+10
283, 3.22369e+10
284, 3.22369e+10
285, 3.22369e+10
286, 3.22369e+10
287, 3.22369e+10
288, 3.22369e+10
289, 3.22369e+10
290, 3.22369e+10
291, 3.22369e+10
292, 3.22369e+10
293, 3.21119e+10
294, 3.13218e+10
295, 3.13218e+10
296, 3.12193e+10
297, 3.12193e+10
298, 3.12193e+10
299, 3.10383e+10
300, 3.10383e+10
301, 3.09597e+10
302, 3.09597e+10
303, 3.05865e+10
304, 3.05865e+10
305, 3.05865e+10
306, 3.05865e+10
307, 3.05865e+10
308, 3.05865e+10
309, 3.05865e+10
310, 3.05865e+10
311, 3.05865e+10
312, 3.02713e+10
313, 3.02713e+10
314, 3.02713e+10
315, 3.02434e+10
316, 3.01137e+10
317, 3.00376e+10
318, 3.00376e+10
319, 2.99923e+10
320, 2.99923e+10
321, 2.99923e+10
322, 2.99923e+10
323, 2.99208e+10
324, 2.98784e+10
325, 2.9864e+10
326, 2.9864e+10
327, 2.9864e+10
328, 2.9864e+10
329, 2.9864e+10
330, 2.9864e+10
331, 2.97403e+10
332, 2.97403e+10
333, 2.97403e+10
334, 2.97403e+10
335, 2.97403e+10
336, 2.9738e+10
337, 2.95739e+10
338, 2.95739e+10
339, 2.94472e+10
340, 2.94472e+10
341, 2.94102e+10
342, 2.94102e+10
343, 2.94102e+10
344, 2.92566e+10
345, 2.92566e+10
346, 2.92566e+10
347, 2.92208e+10
348, 2.92208e+10
349, 2.92208e+10
350, 2.92208e+10
351, 2.92208e+10
352, 2.92208e+10
353, 2.92208e+10
354, 2.91836e+10
355, 2.91307e+10
356, 2.88485e+10
357, 2.88485e+10
358, 2.88056e+10
359, 2.88056e+10
360, 2.88056e+10
361, 2.88056e+10
362, 2.88056e+10
363, 2.88056e+10
364, 2.87553e+10
365, 2.86728e+10
366, 2.85917e+10
367, 2.84817e+10
368, 2.84817e+10
369, 2.84817e+10
370, 2.84817e+10
371, 2.84817e+10
372, 2.84139e+10
373, 2.84139e+10
374, 2.84139e+10
375, 2.84139e+10
376, 2.84139e+10
377, 2.82655e+10
378, 2.82655e+10
379, 2.82655e+10
380, 2.82655e+10
381, 2.82655e+10
382, 2.82655e+10
383, 2.82655e+10
384, 2.82655e+10
385, 2.82655e+10
386, 2.82655e+10
387, 2.82655e+10
388, 2.82655e+10
389, 2.82655e+10
390, 2.82655e+10
391, 2.82507e+10
392, 2.81584e+10
393, 2.79922e+10
394, 2.79922e+10
395, 2.79834e+10
396, 2.797e+10
397, 2.79284e+10
398, 2.79284e+10
399, 2.79284e+10
400, 2.79284e+10
401, 2.78523e+10
402, 2.78523e+10
403, 2.78523e+10
404, 2.78523e+10
405, 2.78523e+10
406, 2.78523e+10
407, 2.78523e+10
408, 2.78523e+10
409, 2.78523e+10
410, 2.78523e+10
411, 2.77832e+10
412, 2.77691e+10
413, 2.77407e+10
414, 2.76878e+10
415, 2.76878e+10
416, 2.76374e+10
417, 2.76374e+10
418, 2.76374e+10
419, 2.76374e+10
420, 2.76374e+10
421, 2.76374e+10
422, 2.74138e+10
423, 2.74138e+10
424, 2.74138e+10
425, 2.74138e+10
426, 2.74138e+10
427, 2.74138e+10
428, 2.73628e+10
429, 2.73628e+10
430, 2.73628e+10
431, 2.73628e+10
432, 2.73628e+10
433, 2.73628e+10
434, 2.73422e+10
435, 2.7315e+10
436, 2.72782e+10
437, 2.71752e+10
438, 2.71752e+10
439, 2.71752e+10
440, 2.71752e+10
441, 2.71752e+10
442, 2.71752e+10
443, 2.71752e+10
444, 2.71752e+10
445, 2.71752e+10
446, 2.71752e+10
447, 2.71752e+10
448, 2.71752e+10
449, 2.71752e+10
450, 2.71752e+10
451, 2.71752e+10
452, 2.70682e+10
453, 2.70682e+10
454, 2.70682e+10
455, 2.70682e+10
456, 2.70682e+10
457, 2.70682e+10
458, 2.70682e+10
459, 2.70682e+10
460, 2.70618e+10
461, 2.70188e+10
462, 2.69868e+10
463, 2.69802e+10
464, 2.69102e+10
465, 2.69102e+10
466, 2.69102e+10
467, 2.69102e+10
468, 2.69102e+10
469, 2.69102e+10
470, 2.68677e+10
471, 2.68472e+10
472, 2.68472e+10
473, 2.68472e+10
474, 2.68114e+10
475, 2.68114e+10
476, 2.67877e+10
477, 2.67877e+10
478, 2.67474e+10
479, 2.67408e+10
480, 2.67408e+10
481, 2.6716e+10
482, 2.6716e+10
483, 2.66932e+10
484, 2.66932e+10
485, 2.66932e+10
486, 2.66038e+10
487, 2.66038e+10
488, 2.66038e+10
489, 2.66038e+10
490, 2.66031e+10
491, 2.66031e+10
492, 2.66031e+10
493, 2.66031e+10
494, 2.65584e+10
495, 2.65584e+10
496, 2.65584e+10
497, 2.65584e+10
