Iteration, BestFitness
0, 7.34364e+15
1, 7.34364e+15
2, 4.82348e+14
3, 1.9376e+14
4, 9.28161e+13
5, 6.2054e+13
6, 6.1935e+13
7, 4.81973e+13
8, 1.62503e+13
9, 1.62503e+13
10, 1.62503e+13
11, 6.46388e+12
12, 6.46388e+12
13, 6.46388e+12
14, 6.46388e+12
15, 5.87973e+12
16, 5.87973e+12
17, 3.02257e+12
18, 1.92936e+12
19, 1.92936e+12
20, 1.92936e+12
21, 1.92936e+12
22, 1.15129e+12
23, 1.15129e+12
24, 1.08884e+12
25, 1.08884e+12
26, 1.08884e+12
27, 1.08884e+12
28, 1.08884e+12
29, 8.40699e+11
30, 8.40699e+11
31, 8.40699e+11
32, 6.1881e+11
33, 3.052e+11
34, 2.17224e+11
35, 2.17224e+11
36, 1.4654e+11
37, 1.4654e+11
38, 1.4654e+11
39, 1.06372e+11
40, 1.06372e+11
41, 1.06372e+11
42, 1.06372e+11
43, 1.06372e+11
44, 1.06372e+11
45, 1.06372e+11
46, 1.06372e+11
47, 8.42642e+10
48, 5.77562e+10
49, 3.13893e+10
50, 3.13893e+10
51, 3.13893e+10
52, 3.13893e+10
53, 3.13893e+10
54, 3.13893e+10
55, 3.13893e+10
56, 3.13893e+10
57, 3.13893e+10
58, 2.74205e+10
59, 2.74205e+10
60, 2.39109e+10
61, 2.39109e+10
62, 2.39109e+10
63, 2.0075e+10
64, 2.0075e+10
65, 2.0075e+10
66, 2.0075e+10
67, 8.69234e+09
68, 8.69234e+09
69, 8.25407e+09
70, 8.25407e+09
71, 8.16176e+09
72, 8.16176e+09
73, 8.16176e+09
74, 8.16176e+09
75, 8.10256e+09
76, 7.83595e+09
77, 7.83595e+09
78, 6.54749e+09
79, 6.54749e+09
80, 6.54749e+09
81, 4.55619e+09
82, 3.4198e+09
83, 3.4198e+09
84, 3.4198e+09
85, 3.4198e+09
86, 2.74066e+09
87, 1.69958e+09
88, 1.69958e+09
89, 1.64266e+09
90, 1.64266e+09
91, 1.58954e+09
92, 1.58954e+09
93, 1.48543e+09
94, 1.48543e+09
95, 7.81153e+08
96, 7.29736e+08
97, 7.16955e+08
98, 7.16955e+08
99, 6.22867e+08
100, 6.22867e+08
101, 4.57867e+08
102, 4.36076e+08
103, 2.2e+08
104, 2.2e+08
105, 2.2e+08
106, 2.2e+08
107, 2.2e+08
108, 2.2e+08
109, 2.2e+08
110, 2.2e+08
111, 2.2e+08
112, 2.2e+08
113, 1.70552e+08
114, 1.70552e+08
115, 1.70552e+08
116, 1.70552e+08
117, 1.70552e+08
118, 1.70552e+08
119, 1.70552e+08
120, 1.52547e+08
121, 1.52547e+08
122, 1.52547e+08
123, 1.46323e+08
124, 1.46323e+08
125, 1.46323e+08
126, 1.35401e+08
127, 1.1325e+08
128, 8.59278e+07
129, 8.57052e+07
130, 8.57052e+07
131, 8.57052e+07
132, 8.57052e+07
133, 8.57052e+07
134, 8.57052e+07
135, 8.57052e+07
136, 8.57052e+07
137, 8.57052e+07
138, 8.57052e+07
139, 8.57052e+07
140, 8.57052e+07
141, 8.57052e+07
142, 8.57052e+07
143, 8.57052e+07
144, 8.57052e+07
145, 8.57052e+07
146, 8.57052e+07
147, 7.86392e+07
148, 7.71531e+07
149, 7.71531e+07
150, 7.71531e+07
151, 7.71531e+07
152, 7.71531e+07
153, 7.71531e+07
154, 7.71531e+07
155, 7.71531e+07
156, 7.71531e+07
157, 7.71531e+07
158, 7.71531e+07
159, 7.71531e+07
160, 7.01587e+07
161, 7.01587e+07
162, 7.01587e+07
163, 7.01587e+07
164, 7.01587e+07
165, 7.01587e+07
166, 7.01587e+07
167, 7.01587e+07
168, 7.01587e+07
169, 7.01587e+07
170, 7.01587e+07
171, 7.01587e+07
172, 7.01587e+07
173, 7.01587e+07
174, 7.01587e+07
175, 7.01587e+07
176, 7.01587e+07
177, 7.01587e+07
178, 7.01587e+07
179, 7.01587e+07
180, 7.01587e+07
181, 7.01587e+07
182, 7.01587e+07
183, 6.98111e+07
184, 6.98111e+07
185, 6.98111e+07
186, 6.98111e+07
187, 6.98111e+07
188, 6.43622e+07
189, 6.43622e+07
190, 6.43622e+07
191, 6.43622e+07
192, 6.43622e+07
193, 6.43622e+07
194, 6.43622e+07
195, 6.43622e+07
196, 6.43622e+07
197, 6.43622e+07
198, 6.43622e+07
199, 6.43622e+07
200, 6.43622e+07
201, 6.43622e+07
202, 6.43622e+07
203, 6.43622e+07
204, 6.43622e+07
205, 6.43622e+07
206, 6.43622e+07
207, 6.43622e+07
208, 6.43622e+07
209, 6.43622e+07
210, 6.43622e+07
211, 6.43622e+07
212, 6.43622e+07
213, 6.43622e+07
214, 6.43622e+07
215, 6.43622e+07
216, 6.43622e+07
217, 6.43622e+07
218, 6.43622e+07
219, 6.43622e+07
220, 6.43622e+07
221, 6.43622e+07
222, 5.93158e+07
223, 5.93158e+07
224, 5.93158e+07
225, 5.93158e+07
226, 5.93158e+07
227, 5.93158e+07
228, 5.93158e+07
229, 5.93158e+07
230, 5.93158e+07
231, 5.93158e+07
232, 5.93158e+07
233, 5.44506e+07
234, 5.44506e+07
235, 5.44506e+07
236, 5.44506e+07
237, 5.44506e+07
238, 5.44506e+07
239, 5.44506e+07
240, 5.44506e+07
241, 5.44506e+07
242, 5.44506e+07
243, 5.44506e+07
244, 5.44506e+07
245, 5.44506e+07
246, 5.44506e+07
247, 5.44506e+07
248, 5.44506e+07
249, 5.44506e+07
250, 5.44506e+07
251, 5.44506e+07
252, 5.44506e+07
253, 5.44506e+07
254, 5.44506e+07
255, 5.44506e+07
256, 5.44506e+07
257, 4.74305e+07
258, 4.74305e+07
259, 4.74305e+07
260, 4.74305e+07
261, 4.74305e+07
262, 4.74305e+07
263, 4.74305e+07
264, 4.74305e+07
265, 4.74305e+07
266, 4.74305e+07
267, 4.74305e+07
268, 4.74305e+07
269, 4.74305e+07
270, 4.74305e+07
271, 4.74305e+07
272, 4.74305e+07
273, 4.74305e+07
274, 4.74305e+07
275, 4.74305e+07
276, 4.74305e+07
277, 4.74305e+07
278, 4.74305e+07
279, 4.74305e+07
280, 4.74305e+07
281, 4.74305e+07
282, 4.74305e+07
283, 4.74305e+07
284, 4.74305e+07
285, 4.45973e+07
286, 4.28795e+07
287, 4.2505e+07
288, 3.67097e+07
289, 3.67097e+07
290, 3.53004e+07
291, 3.53004e+07
292, 3.53004e+07
293, 3.53004e+07
294, 3.53004e+07
295, 3.53004e+07
296, 3.53004e+07
297, 3.53004e+07
298, 3.53004e+07
299, 3.53004e+07
300, 3.53004e+07
301, 3.53004e+07
302, 3.53004e+07
303, 3.53004e+07
304, 3.53004e+07
305, 3.53004e+07
306, 3.53004e+07
307, 3.53004e+07
308, 3.53004e+07
309, 3.53004e+07
310, 3.53004e+07
311, 3.53004e+07
312, 3.53004e+07
313, 3.53004e+07
314, 3.53004e+07
315, 3.53004e+07
316, 3.53004e+07
317, 3.53004e+07
318, 3.53004e+07
319, 3.53004e+07
320, 3.53004e+07
321, 3.53004e+07
322, 3.53004e+07
323, 3.53004e+07
324, 3.53004e+07
325, 3.53004e+07
326, 3.53004e+07
327, 3.53004e+07
328, 3.53004e+07
329, 3.53004e+07
330, 3.53004e+07
331, 3.53004e+07
332, 3.53004e+07
333, 3.53004e+07
334, 3.53004e+07
335, 3.53004e+07
336, 3.53004e+07
337, 3.53004e+07
338, 3.32554e+07
339, 3.32554e+07
340, 3.28218e+07
341, 3.28218e+07
342, 3.28218e+07
343, 3.28218e+07
344, 3.28218e+07
345, 3.28218e+07
346, 3.28218e+07
347, 3.28218e+07
348, 3.28218e+07
349, 3.28218e+07
350, 3.28218e+07
351, 3.28218e+07
352, 3.28218e+07
353, 3.28218e+07
354, 3.28218e+07
355, 3.28218e+07
356, 3.28218e+07
357, 3.28218e+07
358, 3.28218e+07
359, 3.28218e+07
360, 3.28218e+07
361, 3.28218e+07
362, 3.28218e+07
363, 3.28218e+07
364, 3.28218e+07
365, 3.28218e+07
366, 3.28218e+07
367, 3.28218e+07
368, 3.28218e+07
369, 3.28218e+07
370, 3.28218e+07
371, 3.28218e+07
372, 3.28218e+07
373, 3.28218e+07
374, 3.28218e+07
375, 3.28218e+07
376, 3.28218e+07
377, 3.28218e+07
378, 3.28218e+07
379, 3.28218e+07
380, 3.28218e+07
381, 3.28218e+07
382, 3.28218e+07
383, 3.28218e+07
384, 3.28218e+07
385, 3.28218e+07
386, 3.11617e+07
387, 2.96972e+07
388, 2.46104e+07
389, 2.46104e+07
390, 2.46104e+07
391, 2.46104e+07
392, 2.46104e+07
393, 2.46104e+07
394, 2.46104e+07
395, 2.46104e+07
396, 2.46104e+07
397, 2.46104e+07
398, 2.46104e+07
399, 2.46104e+07
400, 2.46104e+07
401, 2.46104e+07
402, 2.46104e+07
403, 2.46104e+07
404, 2.46104e+07
405, 2.46104e+07
406, 2.46104e+07
407, 2.46104e+07
408, 2.46104e+07
409, 2.46104e+07
410, 2.46104e+07
411, 2.46104e+07
412, 2.46104e+07
413, 2.46104e+07
414, 2.46104e+07
415, 2.46104e+07
416, 2.46104e+07
417, 2.46104e+07
418, 2.46104e+07
419, 2.46104e+07
420, 2.46104e+07
421, 2.46104e+07
422, 2.46104e+07
423, 2.46104e+07
424, 2.46104e+07
425, 2.46104e+07
426, 2.46104e+07
427, 2.46104e+07
428, 2.46104e+07
429, 2.46104e+07
430, 2.46104e+07
431, 2.46104e+07
432, 2.46104e+07
433, 2.46104e+07
434, 2.46104e+07
435, 2.46104e+07
436, 2.46104e+07
437, 2.46104e+07
438, 2.46104e+07
439, 2.46104e+07
440, 2.46104e+07
441, 2.46104e+07
442, 2.46104e+07
443, 2.46104e+07
444, 2.46104e+07
445, 2.46104e+07
446, 2.46104e+07
447, 2.46104e+07
448, 2.46104e+07
449, 2.46104e+07
450, 2.46104e+07
451, 2.46104e+07
452, 2.46104e+07
453, 2.46104e+07
454, 2.46104e+07
455, 2.46104e+07
456, 2.46104e+07
457, 2.46104e+07
458, 2.46104e+07
459, 2.46104e+07
460, 2.46104e+07
461, 2.46104e+07
462, 2.46104e+07
463, 2.46104e+07
464, 2.46104e+07
465, 2.46104e+07
466, 2.46104e+07
467, 2.46104e+07
468, 2.46104e+07
469, 2.46104e+07
470, 2.46104e+07
471, 2.46104e+07
472, 2.46104e+07
473, 2.46104e+07
474, 2.46104e+07
475, 2.46104e+07
476, 2.46104e+07
477, 2.46104e+07
478, 2.46104e+07
479, 2.46104e+07
480, 2.46104e+07
481, 2.46104e+07
482, 2.46104e+07
483, 2.46104e+07
484, 2.46104e+07
485, 2.46104e+07
486, 2.46104e+07
487, 2.46104e+07
488, 2.46104e+07
489, 2.46104e+07
490, 2.46104e+07
491, 2.46104e+07
492, 2.46104e+07
493, 2.46104e+07
494, 2.46104e+07
495, 2.46104e+07
496, 2.46104e+07
497, 2.46104e+07
