Iteration, BestFitness
0, 8.44881e+12
1, 8.2107e+12
2, 7.86283e+12
3, 7.18069e+12
4, 6.56293e+12
5, 6.14315e+12
6, 5.90513e+12
7, 5.90513e+12
8, 5.90513e+12
9, 5.90513e+12
10, 5.76652e+12
11, 5.65853e+12
12, 5.65456e+12
13, 5.65456e+12
14, 5.57465e+12
15, 5.5349e+12
16, 5.20336e+12
17, 4.91135e+12
18, 4.66424e+12
19, 4.66424e+12
20, 4.50598e+12
21, 4.50598e+12
22, 4.50598e+12
23, 4.17655e+12
24, 4.17655e+12
25, 4.17655e+12
26, 4.17655e+12
27, 4.17655e+12
28, 4.17655e+12
29, 4.08989e+12
30, 3.727e+12
31, 3.727e+12
32, 3.49289e+12
33, 3.41388e+12
34, 3.41388e+12
35, 3.41388e+12
36, 3.41388e+12
37, 3.41388e+12
38, 3.40968e+12
39, 3.33144e+12
40, 3.05026e+12
41, 3.05026e+12
42, 3.03973e+12
43, 3.03973e+12
44, 3.02041e+12
45, 2.95942e+12
46, 2.93002e+12
47, 2.49187e+12
48, 2.49187e+12
49, 2.49187e+12
50, 2.49187e+12
51, 2.49187e+12
52, 2.49187e+12
53, 2.49187e+12
54, 2.49187e+12
55, 2.41199e+12
56, 2.24702e+12
57, 2.24702e+12
58, 2.01867e+12
59, 2.01867e+12
60, 2.01867e+12
61, 2.01867e+12
62, 2.01867e+12
63, 1.98564e+12
64, 1.98343e+12
65, 1.98343e+12
66, 1.92997e+12
67, 1.8824e+12
68, 1.83039e+12
69, 1.81239e+12
70, 1.81239e+12
71, 1.81239e+12
72, 1.81239e+12
73, 1.81239e+12
74, 1.77839e+12
75, 1.77839e+12
76, 1.74468e+12
77, 1.74468e+12
78, 1.74468e+12
79, 1.74468e+12
80, 1.74397e+12
81, 1.62514e+12
82, 1.61732e+12
83, 1.61732e+12
84, 1.61732e+12
85, 1.61732e+12
86, 1.61732e+12
87, 1.61732e+12
88, 1.61732e+12
89, 1.61732e+12
90, 1.59318e+12
91, 1.59318e+12
92, 1.46984e+12
93, 1.42705e+12
94, 1.42705e+12
95, 1.42705e+12
96, 1.42705e+12
97, 1.42705e+12
98, 1.41224e+12
99, 1.41224e+12
100, 1.41224e+12
101, 1.41224e+12
102, 1.41224e+12
103, 1.40338e+12
104, 1.38638e+12
105, 1.29604e+12
106, 1.29604e+12
107, 1.2387e+12
108, 1.17902e+12
109, 1.17902e+12
110, 1.17902e+12
111, 1.17902e+12
112, 1.17902e+12
113, 1.17902e+12
114, 1.17902e+12
115, 1.17902e+12
116, 1.17902e+12
117, 1.0789e+12
118, 1.0789e+12
119, 1.0789e+12
120, 1.0789e+12
121, 1.0336e+12
122, 1.0336e+12
123, 1.02023e+12
124, 1.02023e+12
125, 1.02023e+12
126, 1.02023e+12
127, 1.02023e+12
128, 1.01374e+12
129, 9.9488e+11
130, 9.64215e+11
131, 9.53355e+11
132, 9.53355e+11
133, 9.53355e+11
134, 9.53355e+11
135, 9.53355e+11
136, 9.52847e+11
137, 9.52847e+11
138, 9.51437e+11
139, 9.09997e+11
140, 9.09997e+11
141, 9.09997e+11
142, 9.09997e+11
143, 9.09997e+11
144, 9.09997e+11
145, 9.09997e+11
146, 9.09997e+11
147, 9.09997e+11
148, 8.45792e+11
149, 8.18036e+11
150, 8.18036e+11
151, 7.62138e+11
152, 7.62138e+11
153, 7.62138e+11
154, 7.62138e+11
155, 7.54929e+11
156, 7.47263e+11
157, 7.47263e+11
158, 7.37196e+11
159, 7.24715e+11
160, 7.24715e+11
161, 7.24035e+11
162, 7.24035e+11
163, 7.24035e+11
164, 7.24035e+11
165, 7.24035e+11
166, 7.24035e+11
167, 7.24035e+11
168, 7.24035e+11
169, 7.24035e+11
170, 6.94335e+11
171, 6.94335e+11
172, 6.94335e+11
173, 6.76091e+11
174, 6.51601e+11
175, 6.51601e+11
176, 6.51601e+11
177, 6.51601e+11
178, 6.51601e+11
179, 6.51601e+11
180, 6.51601e+11
181, 6.51601e+11
182, 6.51601e+11
183, 6.51601e+11
184, 6.51601e+11
185, 6.51601e+11
186, 6.51601e+11
187, 6.51601e+11
188, 6.51601e+11
189, 6.51601e+11
190, 6.51601e+11
191, 6.51601e+11
192, 6.51601e+11
193, 6.43794e+11
194, 6.37436e+11
195, 6.37436e+11
196, 6.37436e+11
197, 6.32676e+11
198, 6.32676e+11
199, 6.32676e+11
200, 6.21641e+11
201, 6.21641e+11
202, 6.21641e+11
203, 6.21641e+11
204, 6.21641e+11
205, 6.21641e+11
206, 6.21641e+11
207, 6.21641e+11
208, 6.21641e+11
209, 6.21641e+11
210, 6.21641e+11
211, 6.20605e+11
212, 6.20605e+11
213, 6.20605e+11
214, 6.14436e+11
215, 6.14436e+11
216, 6.14436e+11
217, 6.14436e+11
218, 6.14436e+11
219, 5.64368e+11
220, 5.6211e+11
221, 5.43131e+11
222, 5.43131e+11
223, 5.43131e+11
224, 5.17217e+11
225, 5.17217e+11
226, 5.17217e+11
227, 5.17217e+11
228, 5.17217e+11
229, 5.16876e+11
230, 4.90866e+11
231, 4.87685e+11
232, 4.87685e+11
233, 4.87685e+11
234, 4.87685e+11
235, 4.87685e+11
236, 4.87685e+11
237, 4.87685e+11
238, 4.87685e+11
239, 4.87685e+11
240, 4.87685e+11
241, 4.87685e+11
242, 4.87685e+11
243, 4.87685e+11
244, 4.87685e+11
245, 4.87685e+11
246, 4.57599e+11
247, 4.48039e+11
248, 4.48039e+11
249, 4.41531e+11
250, 4.41531e+11
251, 4.40628e+11
252, 4.40628e+11
253, 4.40628e+11
254, 4.40628e+11
255, 4.40628e+11
256, 4.40628e+11
257, 4.40628e+11
258, 4.40628e+11
259, 4.40628e+11
260, 4.40628e+11
261, 4.40628e+11
262, 4.40628e+11
263, 4.40628e+11
264, 4.40628e+11
265, 4.39566e+11
266, 4.38845e+11
267, 4.38845e+11
268, 4.38845e+11
269, 4.33442e+11
270, 4.33442e+11
271, 4.33442e+11
272, 4.33442e+11
273, 4.33442e+11
274, 4.33442e+11
275, 4.33442e+11
276, 4.33442e+11
277, 4.33442e+11
278, 4.33442e+11
279, 4.33442e+11
280, 4.33442e+11
281, 4.33442e+11
282, 4.33442e+11
283, 4.33442e+11
284, 4.24097e+11
285, 4.24097e+11
286, 4.10357e+11
287, 4.10357e+11
288, 3.98247e+11
289, 3.98247e+11
290, 3.98247e+11
291, 3.92752e+11
292, 3.92727e+11
293, 3.92727e+11
294, 3.92727e+11
295, 3.92727e+11
296, 3.92727e+11
297, 3.92727e+11
298, 3.92727e+11
299, 3.92727e+11
300, 3.92727e+11
301, 3.92727e+11
302, 3.92727e+11
303, 3.92727e+11
304, 3.92727e+11
305, 3.92727e+11
306, 3.92727e+11
307, 3.7728e+11
308, 3.7728e+11
309, 3.77241e+11
310, 3.77241e+11
311, 3.77241e+11
312, 3.77241e+11
313, 3.77241e+11
314, 3.77241e+11
315, 3.77241e+11
316, 3.77241e+11
317, 3.77241e+11
318, 3.77241e+11
319, 3.77241e+11
320, 3.77241e+11
321, 3.77241e+11
322, 3.77241e+11
323, 3.77241e+11
324, 3.77241e+11
325, 3.77241e+11
326, 3.77241e+11
327, 3.77241e+11
328, 3.77241e+11
329, 3.77241e+11
330, 3.77241e+11
331, 3.77241e+11
