Iteration, BestFitness
0, 3.24214e+11
1, 2.88656e+11
2, 2.82794e+11
3, 2.4233e+11
4, 2.22413e+11
5, 2.14168e+11
6, 1.81706e+11
7, 1.71801e+11
8, 1.61149e+11
9, 1.56464e+11
10, 1.54538e+11
11, 1.43199e+11
12, 1.33946e+11
13, 1.33946e+11
14, 1.33946e+11
15, 1.31042e+11
16, 1.17764e+11
17, 1.00259e+11
18, 1.00259e+11
19, 1.00259e+11
20, 9.90053e+10
21, 9.48771e+10
22, 9.01331e+10
23, 8.18664e+10
24, 8.18664e+10
25, 8.18664e+10
26, 7.7145e+10
27, 7.7145e+10
28, 7.28613e+10
29, 7.00376e+10
30, 6.41777e+10
31, 6.41777e+10
32, 6.41777e+10
33, 6.31816e+10
34, 5.84188e+10
35, 5.6196e+10
36, 5.6196e+10
37, 5.36792e+10
38, 5.36792e+10
39, 5.36792e+10
40, 5.36792e+10
41, 5.20774e+10
42, 5.20774e+10
43, 5.20774e+10
44, 5.20774e+10
45, 5.20774e+10
46, 5.20774e+10
47, 4.90359e+10
48, 4.50094e+10
49, 4.50094e+10
50, 4.50094e+10
51, 4.50094e+10
52, 4.50094e+10
53, 4.50094e+10
54, 3.95537e+10
55, 3.95537e+10
56, 3.95537e+10
57, 3.95537e+10
58, 3.95537e+10
59, 3.95537e+10
60, 3.95537e+10
61, 3.70983e+10
62, 3.70983e+10
63, 3.70983e+10
64, 3.70983e+10
65, 3.70983e+10
66, 3.70983e+10
67, 3.70983e+10
68, 3.70983e+10
69, 3.50603e+10
70, 3.42404e+10
71, 3.16499e+10
72, 3.13488e+10
73, 3.13488e+10
74, 3.13488e+10
75, 3.13488e+10
76, 3.13488e+10
77, 3.13488e+10
78, 3.03317e+10
79, 3.03317e+10
80, 2.80803e+10
81, 2.72739e+10
82, 2.72739e+10
83, 2.71214e+10
84, 2.71214e+10
85, 2.71214e+10
86, 2.71214e+10
87, 2.71214e+10
88, 2.71214e+10
89, 2.71214e+10
90, 2.71214e+10
91, 2.71214e+10
92, 2.71214e+10
93, 2.56801e+10
94, 2.56801e+10
95, 2.56801e+10
96, 2.56801e+10
97, 2.56801e+10
98, 2.56801e+10
99, 2.56801e+10
100, 2.56801e+10
101, 2.56801e+10
102, 2.44576e+10
103, 2.44576e+10
104, 2.44576e+10
105, 2.44576e+10
106, 2.44576e+10
107, 2.38133e+10
108, 2.2814e+10
109, 2.2814e+10
110, 2.20588e+10
111, 2.20588e+10
112, 2.01425e+10
113, 1.96363e+10
114, 1.89528e+10
115, 1.89528e+10
116, 1.89528e+10
117, 1.89528e+10
118, 1.89528e+10
119, 1.89528e+10
120, 1.89528e+10
121, 1.89528e+10
122, 1.89528e+10
123, 1.89528e+10
124, 1.89528e+10
125, 1.89528e+10
126, 1.89528e+10
127, 1.89528e+10
128, 1.74571e+10
129, 1.74571e+10
130, 1.74571e+10
131, 1.74571e+10
132, 1.74571e+10
133, 1.74571e+10
134, 1.74571e+10
135, 1.74571e+10
136, 1.74571e+10
137, 1.74571e+10
138, 1.67014e+10
139, 1.67014e+10
140, 1.67014e+10
141, 1.67014e+10
142, 1.67014e+10
143, 1.67014e+10
144, 1.67014e+10
145, 1.67014e+10
146, 1.67014e+10
147, 1.67014e+10
148, 1.67014e+10
149, 1.67014e+10
150, 1.67014e+10
151, 1.67014e+10
152, 1.6624e+10
153, 1.51388e+10
154, 1.51388e+10
155, 1.51388e+10
156, 1.50728e+10
157, 1.47739e+10
158, 1.47739e+10
159, 1.47739e+10
160, 1.47739e+10
161, 1.47739e+10
162, 1.46538e+10
163, 1.34934e+10
164, 1.34934e+10
165, 1.34934e+10
166, 1.34934e+10
167, 1.34934e+10
168, 1.34934e+10
169, 1.34934e+10
170, 1.34934e+10
171, 1.34549e+10
172, 1.34549e+10
173, 1.34549e+10
174, 1.34549e+10
175, 1.34549e+10
176, 1.34549e+10
177, 1.28273e+10
178, 1.26193e+10
179, 1.26193e+10
180, 1.26193e+10
181, 1.26193e+10
182, 1.26193e+10
183, 1.26193e+10
184, 1.26193e+10
185, 1.26193e+10
186, 1.26193e+10
187, 1.26193e+10
188, 1.26193e+10
189, 1.26193e+10
190, 1.18782e+10
191, 1.18782e+10
192, 1.18782e+10
193, 1.18782e+10
194, 1.18782e+10
195, 1.18782e+10
196, 1.18464e+10
197, 1.15783e+10
198, 1.11871e+10
199, 1.11871e+10
200, 1.10869e+10
201, 1.09115e+10
202, 1.09115e+10
203, 1.0516e+10
204, 1.0516e+10
205, 1.04623e+10
206, 1.04623e+10
207, 1.04623e+10
208, 1.04623e+10
209, 1.04623e+10
210, 1.04623e+10
211, 9.92661e+09
212, 9.5532e+09
213, 9.31428e+09
214, 9.27355e+09
215, 9.19672e+09
216, 9.19672e+09
217, 9.19672e+09
218, 9.19672e+09
219, 9.19672e+09
220, 9.09902e+09
221, 9.09902e+09
222, 9.09902e+09
223, 9.09902e+09
224, 9.09902e+09
225, 9.09902e+09
226, 9.09902e+09
227, 9.09902e+09
228, 9.09902e+09
229, 9.09902e+09
230, 9.09902e+09
231, 9.09902e+09
232, 9.09902e+09
233, 9.09902e+09
234, 9.09902e+09
235, 8.06868e+09
236, 8.06868e+09
237, 8.06868e+09
238, 8.06868e+09
239, 8.06868e+09
240, 8.06868e+09
241, 8.06868e+09
242, 8.06868e+09
243, 8.06868e+09
244, 8.06868e+09
245, 8.06868e+09
246, 8.06868e+09
247, 8.06868e+09
248, 8.06868e+09
249, 8.06868e+09
250, 8.06868e+09
251, 8.06868e+09
252, 8.06868e+09
253, 8.06868e+09
254, 8.06868e+09
255, 8.06868e+09
256, 8.06868e+09
257, 8.06868e+09
258, 7.94222e+09
259, 7.89883e+09
260, 7.71798e+09
261, 7.71798e+09
262, 7.71798e+09
263, 7.48271e+09
264, 7.48271e+09
265, 7.48271e+09
266, 7.48271e+09
267, 7.48271e+09
268, 7.44104e+09
269, 7.44104e+09
270, 7.44104e+09
271, 7.44104e+09
272, 7.44104e+09
273, 7.44104e+09
274, 7.18772e+09
275, 7.18772e+09
276, 7.18772e+09
277, 7.18772e+09
278, 6.74907e+09
279, 6.74907e+09
280, 6.74907e+09
281, 6.74907e+09
282, 6.74907e+09
283, 6.74907e+09
284, 6.74907e+09
285, 6.74907e+09
286, 6.74907e+09
287, 6.74907e+09
288, 6.6769e+09
289, 6.6769e+09
290, 6.6769e+09
291, 6.6769e+09
292, 6.6769e+09
293, 6.6769e+09
294, 6.51347e+09
295, 6.40578e+09
296, 6.20344e+09
297, 6.20344e+09
298, 6.10267e+09
299, 6.10267e+09
300, 6.10267e+09
301, 6.10267e+09
302, 5.96388e+09
303, 5.96388e+09
304, 5.96388e+09
305, 5.96388e+09
306, 5.96388e+09
307, 5.96388e+09
308, 5.79416e+09
309, 5.79416e+09
310, 5.79416e+09
311, 5.79416e+09
312, 5.79416e+09
313, 5.79416e+09
314, 5.79416e+09
315, 5.68661e+09
316, 5.68661e+09
317, 5.68661e+09
318, 5.68661e+09
319, 5.68661e+09
320, 5.68661e+09
321, 5.68661e+09
322, 5.68661e+09
323, 5.68661e+09
324, 5.68661e+09
325, 5.68661e+09
326, 5.68661e+09
327, 5.5657e+09
328, 5.47207e+09
329, 5.47207e+09
330, 5.40157e+09
331, 5.40157e+09
332, 5.40157e+09
333, 5.40157e+09
334, 5.40157e+09
335, 5.40157e+09
336, 5.33496e+09
337, 5.0895e+09
338, 5.0895e+09
339, 5.0895e+09
340, 5.0895e+09
341, 5.0895e+09
342, 5.00296e+09
343, 5.00296e+09
344, 5.00296e+09
345, 5.00296e+09
346, 5.00296e+09
347, 5.00296e+09
348, 5.00296e+09
349, 5.00296e+09
350, 5.00296e+09
351, 5.00296e+09
352, 4.72264e+09
353, 4.60838e+09
354, 4.60838e+09
355, 4.60838e+09
356, 4.60838e+09
357, 4.60838e+09
358, 4.60838e+09
359, 4.60838e+09
360, 4.60838e+09
361, 4.60838e+09
362, 4.60838e+09
363, 4.60838e+09
364, 4.60838e+09
365, 4.60838e+09
366, 4.60838e+09
367, 4.60838e+09
368, 4.60838e+09
369, 4.60838e+09
370, 4.60838e+09
371, 4.60838e+09
372, 4.60838e+09
373, 4.28983e+09
374, 4.28983e+09
375, 4.28983e+09
376, 4.28983e+09
377, 4.28983e+09
378, 4.28983e+09
379, 4.28983e+09
380, 4.28983e+09
381, 4.28983e+09
382, 4.28983e+09
383, 4.28983e+09
384, 4.28983e+09
385, 4.28983e+09
386, 4.28983e+09
387, 4.28983e+09
388, 4.28983e+09
389, 4.28983e+09
390, 4.28983e+09
391, 4.28983e+09
392, 4.24361e+09
393, 4.11468e+09
394, 4.11468e+09
395, 4.06107e+09
396, 4.06107e+09
397, 4.06107e+09
398, 3.99221e+09
399, 3.92408e+09
400, 3.86277e+09
401, 3.86277e+09
402, 3.86277e+09
403, 3.86277e+09
404, 3.86277e+09
405, 3.86277e+09
406, 3.86277e+09
407, 3.86277e+09
408, 3.86277e+09
409, 3.86277e+09
410, 3.86277e+09
411, 3.86277e+09
412, 3.86277e+09
413, 3.86277e+09
414, 3.86277e+09
415, 3.86277e+09
416, 3.86277e+09
417, 3.86277e+09
418, 3.86277e+09
419, 3.73539e+09
420, 3.73539e+09
421, 3.73539e+09
422, 3.73539e+09
423, 3.73539e+09
424, 3.73539e+09
425, 3.73539e+09
426, 3.73539e+09
427, 3.68159e+09
428, 3.68159e+09
429, 3.68159e+09
430, 3.68159e+09
431, 3.68159e+09
432, 3.68159e+09
433, 3.5839e+09
434, 3.5839e+09
435, 3.5839e+09
436, 3.5839e+09
437, 3.52716e+09
438, 3.45807e+09
439, 3.45807e+09
440, 3.45807e+09
441, 3.45807e+09
442, 3.45807e+09
443, 3.45807e+09
444, 3.45807e+09
445, 3.45807e+09
446, 3.45807e+09
447, 3.45807e+09
448, 3.45807e+09
449, 3.44216e+09
450, 3.39693e+09
451, 3.39693e+09
452, 3.39693e+09
453, 3.39693e+09
454, 3.39693e+09
455, 3.39693e+09
456, 3.29893e+09
457, 3.27526e+09
458, 3.27526e+09
459, 3.27526e+09
460, 3.27526e+09
461, 3.27526e+09
462, 3.27526e+09
463, 3.14794e+09
464, 3.14794e+09
465, 3.14794e+09
466, 3.14794e+09
467, 3.14794e+09
468, 3.14794e+09
469, 3.11809e+09
470, 3.09707e+09
471, 3.09707e+09
472, 3.09707e+09
473, 3.09707e+09
474, 3.09707e+09
475, 3.09707e+09
476, 3.04317e+09
477, 3.04317e+09
478, 3.04317e+09
479, 3.04317e+09
480, 2.95125e+09
481, 2.95125e+09
482, 2.95125e+09
483, 2.95125e+09
484, 2.95125e+09
485, 2.95125e+09
486, 2.95125e+09
487, 2.95125e+09
488, 2.95125e+09
489, 2.95125e+09
490, 2.93621e+09
491, 2.86496e+09
492, 2.86496e+09
493, 2.86214e+09
494, 2.86214e+09
495, 2.86214e+09
496, 2.86214e+09
497, 2.86214e+09
