Iteration, BestFitness
0, 3.36474e+12
1, 3.36474e+12
2, 3.09997e+12
3, 2.60476e+12
4, 1.7371e+12
5, 1.61322e+12
6, 1.06913e+12
7, 1.06913e+12
8, 1.06913e+12
9, 1.06913e+12
10, 1.06913e+12
11, 1.01862e+12
12, 7.76621e+11
13, 7.51147e+11
14, 6.1488e+11
15, 6.1488e+11
16, 6.1488e+11
17, 6.07402e+11
18, 5.66396e+11
19, 5.45461e+11
20, 5.45461e+11
21, 5.1789e+11
22, 4.16814e+11
23, 3.60545e+11
24, 3.60545e+11
25, 3.60545e+11
26, 3.46186e+11
27, 3.26994e+11
28, 3.14854e+11
29, 2.82564e+11
30, 2.82564e+11
31, 2.81682e+11
32, 2.77575e+11
33, 2.63885e+11
34, 2.63885e+11
35, 2.46104e+11
36, 2.44215e+11
37, 2.31713e+11
38, 2.31713e+11
39, 2.31713e+11
40, 2.27234e+11
41, 2.27234e+11
42, 2.16464e+11
43, 2.16464e+11
44, 1.91841e+11
45, 1.83858e+11
46, 1.83858e+11
47, 1.83858e+11
48, 1.83858e+11
49, 1.83858e+11
50, 1.83858e+11
51, 1.71179e+11
52, 1.56893e+11
53, 1.48832e+11
54, 1.44682e+11
55, 1.44682e+11
56, 1.44682e+11
57, 1.35871e+11
58, 1.30395e+11
59, 1.2104e+11
60, 1.2104e+11
61, 1.18289e+11
62, 1.18289e+11
63, 1.18289e+11
64, 1.18289e+11
65, 1.18289e+11
66, 1.18289e+11
67, 1.0211e+11
68, 9.24366e+10
69, 9.24366e+10
70, 9.24366e+10
71, 9.24366e+10
72, 9.18197e+10
73, 8.98958e+10
74, 8.63105e+10
75, 8.63105e+10
76, 8.52997e+10
77, 8.52997e+10
78, 8.5083e+10
79, 7.87653e+10
80, 7.87653e+10
81, 7.87653e+10
82, 7.87653e+10
83, 7.87653e+10
84, 7.71521e+10
85, 7.58627e+10
86, 7.58627e+10
87, 7.06316e+10
88, 7.06316e+10
89, 6.89714e+10
90, 6.86046e+10
91, 6.86046e+10
92, 6.86046e+10
93, 6.86046e+10
94, 6.86046e+10
95, 6.86046e+10
96, 6.86046e+10
97, 6.86046e+10
98, 6.438e+10
99, 6.438e+10
100, 6.16613e+10
101, 6.16035e+10
102, 6.02774e+10
103, 5.88074e+10
104, 5.88074e+10
105, 5.88074e+10
106, 5.88074e+10
107, 5.88074e+10
108, 5.88074e+10
109, 5.88074e+10
110, 5.88074e+10
111, 5.88074e+10
112, 5.88074e+10
113, 5.88074e+10
114, 5.8331e+10
115, 5.6733e+10
116, 5.54542e+10
117, 5.54542e+10
118, 5.50369e+10
119, 5.29501e+10
120, 5.29501e+10
121, 5.29501e+10
122, 5.29501e+10
123, 5.29501e+10
124, 5.2161e+10
125, 5.20082e+10
126, 5.20082e+10
127, 5.1021e+10
128, 5.1021e+10
129, 5.1021e+10
130, 5.1021e+10
131, 5.1021e+10
132, 4.87652e+10
133, 4.87652e+10
134, 4.87652e+10
135, 4.87652e+10
136, 4.87652e+10
137, 4.87652e+10
138, 4.71196e+10
139, 4.71196e+10
140, 4.70183e+10
141, 4.70183e+10
142, 4.70183e+10
143, 4.70183e+10
144, 4.70183e+10
145, 4.70183e+10
146, 4.70183e+10
147, 4.70183e+10
148, 4.70183e+10
149, 4.60363e+10
150, 4.60363e+10
151, 4.60363e+10
152, 4.32272e+10
153, 4.32272e+10
154, 4.32272e+10
155, 4.32272e+10
156, 4.32272e+10
157, 4.15854e+10
158, 4.15473e+10
159, 4.15473e+10
160, 4.15473e+10
161, 4.15473e+10
162, 4.15473e+10
163, 4.15473e+10
164, 4.15473e+10
165, 4.15473e+10
166, 4.15473e+10
167, 4.15473e+10
168, 4.11156e+10
169, 4.11156e+10
170, 4.11156e+10
171, 4.11156e+10
172, 4.08655e+10
173, 4.03146e+10
174, 4.03146e+10
175, 4.03146e+10
176, 4.03146e+10
177, 4.01029e+10
178, 4.01029e+10
179, 3.87038e+10
180, 3.85464e+10
181, 3.85464e+10
182, 3.85464e+10
183, 3.85348e+10
184, 3.85348e+10
185, 3.85348e+10
186, 3.85348e+10
187, 3.85348e+10
188, 3.85348e+10
189, 3.85348e+10
190, 3.85348e+10
191, 3.85348e+10
192, 3.75033e+10
193, 3.63881e+10
194, 3.63881e+10
195, 3.51656e+10
196, 3.51656e+10
197, 3.51656e+10
198, 3.50908e+10
199, 3.50908e+10
200, 3.50908e+10
201, 3.50908e+10
202, 3.47463e+10
203, 3.44013e+10
204, 3.43003e+10
205, 3.41615e+10
206, 3.41615e+10
207, 3.41615e+10
208, 3.41615e+10
209, 3.41615e+10
210, 3.41615e+10
211, 3.41615e+10
212, 3.41615e+10
213, 3.41615e+10
214, 3.41615e+10
215, 3.41615e+10
216, 3.34823e+10
217, 3.34823e+10
218, 3.34823e+10
219, 3.34823e+10
220, 3.33857e+10
221, 3.33857e+10
222, 3.33857e+10
223, 3.31215e+10
224, 3.24857e+10
225, 3.24857e+10
226, 3.24857e+10
227, 3.24857e+10
228, 3.24857e+10
229, 3.24857e+10
230, 3.19329e+10
231, 3.19329e+10
232, 3.18105e+10
233, 3.18105e+10
234, 3.18105e+10
235, 3.18105e+10
236, 3.18105e+10
237, 3.15813e+10
238, 3.15813e+10
239, 3.15813e+10
240, 3.15813e+10
241, 3.15813e+10
242, 3.15813e+10
243, 3.13913e+10
244, 3.12978e+10
245, 3.12978e+10
246, 3.12978e+10
247, 3.12978e+10
248, 3.12519e+10
249, 3.12519e+10
250, 3.1232e+10
251, 3.1232e+10
252, 3.1232e+10
253, 3.1232e+10
254, 3.1232e+10
255, 3.01679e+10
256, 3.01611e+10
257, 3.01611e+10
258, 3.01611e+10
259, 3.00216e+10
260, 2.99218e+10
261, 2.98724e+10
262, 2.94721e+10
263, 2.94721e+10
264, 2.94721e+10
265, 2.94721e+10
266, 2.91958e+10
267, 2.90859e+10
268, 2.90859e+10
269, 2.90859e+10
270, 2.89319e+10
271, 2.89319e+10
272, 2.89319e+10
273, 2.89319e+10
274, 2.89319e+10
275, 2.89319e+10
276, 2.89319e+10
277, 2.89319e+10
278, 2.89319e+10
279, 2.89319e+10
280, 2.89319e+10
281, 2.89319e+10
282, 2.89319e+10
283, 2.89319e+10
284, 2.84273e+10
285, 2.83554e+10
286, 2.83185e+10
287, 2.83185e+10
288, 2.83185e+10
289, 2.82092e+10
290, 2.82092e+10
291, 2.82092e+10
292, 2.82092e+10
293, 2.81471e+10
294, 2.81471e+10
295, 2.81471e+10
296, 2.81471e+10
297, 2.81471e+10
298, 2.78482e+10
299, 2.7745e+10
300, 2.74523e+10
301, 2.74523e+10
302, 2.74523e+10
303, 2.74523e+10
304, 2.73894e+10
305, 2.73894e+10
306, 2.73894e+10
307, 2.73894e+10
308, 2.73894e+10
309, 2.73894e+10
310, 2.72045e+10
311, 2.70493e+10
312, 2.70493e+10
313, 2.70493e+10
314, 2.70493e+10
315, 2.70493e+10
316, 2.67423e+10
317, 2.66234e+10
318, 2.64989e+10
319, 2.64989e+10
320, 2.64518e+10
321, 2.6327e+10
322, 2.6326e+10
323, 2.61269e+10
324, 2.61269e+10
325, 2.5775e+10
326, 2.5775e+10
327, 2.5775e+10
328, 2.5775e+10
329, 2.5775e+10
330, 2.5687e+10
331, 2.5687e+10
332, 2.5687e+10
333, 2.5687e+10
334, 2.5687e+10
335, 2.55976e+10
336, 2.55802e+10
337, 2.55556e+10
338, 2.55556e+10
339, 2.53787e+10
340, 2.53787e+10
341, 2.53681e+10
342, 2.53681e+10
343, 2.53579e+10
344, 2.53579e+10
345, 2.53579e+10
346, 2.53579e+10
347, 2.53579e+10
348, 2.53579e+10
349, 2.53579e+10
350, 2.53579e+10
351, 2.51238e+10
352, 2.51039e+10
353, 2.51039e+10
354, 2.51039e+10
355, 2.51039e+10
356, 2.51039e+10
357, 2.51039e+10
358, 2.51039e+10
359, 2.51039e+10
360, 2.51039e+10
361, 2.49162e+10
362, 2.49162e+10
363, 2.49162e+10
364, 2.47273e+10
365, 2.46197e+10
366, 2.46197e+10
367, 2.46197e+10
368, 2.46197e+10
369, 2.46197e+10
370, 2.4514e+10
371, 2.4514e+10
372, 2.44098e+10
373, 2.44098e+10
374, 2.44098e+10
375, 2.43522e+10
376, 2.43522e+10
377, 2.43522e+10
378, 2.43522e+10
379, 2.43122e+10
380, 2.42528e+10
381, 2.42329e+10
382, 2.42329e+10
383, 2.42329e+10
384, 2.42329e+10
385, 2.41778e+10
386, 2.41397e+10
387, 2.41397e+10
388, 2.41397e+10
389, 2.41397e+10
390, 2.41208e+10
391, 2.41208e+10
392, 2.40167e+10
393, 2.40167e+10
394, 2.40167e+10
395, 2.39047e+10
396, 2.39047e+10
397, 2.39047e+10
398, 2.39047e+10
399, 2.39047e+10
400, 2.39047e+10
401, 2.39047e+10
402, 2.38806e+10
403, 2.38806e+10
404, 2.38806e+10
405, 2.38806e+10
406, 2.38806e+10
407, 2.38806e+10
408, 2.38806e+10
409, 2.38806e+10
410, 2.36364e+10
411, 2.36364e+10
412, 2.36247e+10
413, 2.36247e+10
414, 2.36247e+10
415, 2.36247e+10
416, 2.35508e+10
417, 2.35508e+10
418, 2.35508e+10
419, 2.35508e+10
420, 2.35508e+10
421, 2.33935e+10
422, 2.33935e+10
423, 2.33935e+10
424, 2.33935e+10
425, 2.33935e+10
426, 2.33935e+10
427, 2.33935e+10
428, 2.33935e+10
429, 2.32802e+10
430, 2.32802e+10
431, 2.32802e+10
432, 2.32802e+10
433, 2.32802e+10
434, 2.32802e+10
435, 2.32802e+10
436, 2.31841e+10
437, 2.31841e+10
438, 2.31841e+10
439, 2.31841e+10
440, 2.31619e+10
441, 2.30541e+10
442, 2.30541e+10
443, 2.30211e+10
444, 2.30211e+10
445, 2.30211e+10
446, 2.30211e+10
447, 2.30211e+10
448, 2.30211e+10
449, 2.30211e+10
450, 2.29925e+10
451, 2.29925e+10
452, 2.29925e+10
453, 2.29809e+10
454, 2.29093e+10
455, 2.28145e+10
456, 2.28145e+10
457, 2.28145e+10
458, 2.28145e+10
459, 2.28084e+10
460, 2.28084e+10
461, 2.28084e+10
462, 2.28084e+10
463, 2.28084e+10
464, 2.27725e+10
465, 2.27725e+10
466, 2.27713e+10
467, 2.2674e+10
468, 2.2674e+10
469, 2.2674e+10
470, 2.26164e+10
471, 2.26164e+10
472, 2.26164e+10
473, 2.26164e+10
474, 2.26164e+10
475, 2.26164e+10
476, 2.25439e+10
477, 2.25411e+10
478, 2.25246e+10
479, 2.25029e+10
480, 2.24955e+10
481, 2.24846e+10
482, 2.24727e+10
483, 2.24557e+10
484, 2.24516e+10
485, 2.24415e+10
486, 2.24415e+10
487, 2.24415e+10
488, 2.24415e+10
489, 2.24415e+10
490, 2.24415e+10
491, 2.24415e+10
492, 2.24064e+10
493, 2.24064e+10
494, 2.24064e+10
495, 2.23361e+10
496, 2.23361e+10
497, 2.233e+10
