Iteration, BestFitness
0, 3.26436e+12
1, 2.74977e+12
2, 2.11541e+12
3, 2.11541e+12
4, 1.90814e+12
5, 1.70989e+12
6, 1.70989e+12
7, 1.58546e+12
8, 1.35543e+12
9, 1.11242e+12
10, 9.64832e+11
11, 9.48779e+11
12, 9.17521e+11
13, 7.73696e+11
14, 6.51703e+11
15, 5.85391e+11
16, 5.65081e+11
17, 5.65081e+11
18, 5.65081e+11
19, 5.64858e+11
20, 5.20531e+11
21, 5.20531e+11
22, 4.28937e+11
23, 3.42804e+11
24, 3.07342e+11
25, 3.07342e+11
26, 3.07342e+11
27, 3.07342e+11
28, 3.07342e+11
29, 2.94113e+11
30, 2.4748e+11
31, 2.4748e+11
32, 2.4748e+11
33, 2.4748e+11
34, 2.4748e+11
35, 2.4748e+11
36, 2.4748e+11
37, 2.39625e+11
38, 2.39625e+11
39, 2.2126e+11
40, 1.962e+11
41, 1.87579e+11
42, 1.87579e+11
43, 1.87579e+11
44, 1.68753e+11
45, 1.68753e+11
46, 1.68753e+11
47, 1.68753e+11
48, 1.53765e+11
49, 1.43536e+11
50, 1.43536e+11
51, 1.40219e+11
52, 1.40219e+11
53, 1.24696e+11
54, 1.22099e+11
55, 1.21362e+11
56, 1.21362e+11
57, 1.21362e+11
58, 1.21362e+11
59, 1.21362e+11
60, 1.21362e+11
61, 1.19998e+11
62, 1.19998e+11
63, 1.15385e+11
64, 1.15385e+11
65, 1.15385e+11
66, 1.08773e+11
67, 9.98344e+10
68, 9.98344e+10
69, 9.98344e+10
70, 9.98344e+10
71, 9.98344e+10
72, 9.79478e+10
73, 9.79478e+10
74, 9.79478e+10
75, 8.55978e+10
76, 8.55978e+10
77, 8.55978e+10
78, 8.55978e+10
79, 8.49203e+10
80, 8.49203e+10
81, 8.49203e+10
82, 8.49203e+10
83, 7.97836e+10
84, 7.70399e+10
85, 7.70399e+10
86, 7.70399e+10
87, 7.70399e+10
88, 7.70399e+10
89, 7.70399e+10
90, 7.70399e+10
91, 7.57567e+10
92, 7.57567e+10
93, 6.90231e+10
94, 6.90231e+10
95, 6.90231e+10
96, 6.90231e+10
97, 6.90231e+10
98, 6.90231e+10
99, 6.90231e+10
100, 6.86352e+10
101, 6.86352e+10
102, 6.62286e+10
103, 6.26264e+10
104, 6.26264e+10
105, 6.26264e+10
106, 6.26264e+10
107, 6.18981e+10
108, 5.87072e+10
109, 5.66083e+10
110, 5.66083e+10
111, 5.66083e+10
112, 5.66083e+10
113, 5.66083e+10
114, 5.66083e+10
115, 5.66083e+10
116, 5.66083e+10
117, 5.66083e+10
118, 5.46611e+10
119, 5.46611e+10
120, 5.46611e+10
121, 5.3808e+10
122, 5.26768e+10
123, 4.94284e+10
124, 4.90566e+10
125, 4.90566e+10
126, 4.90566e+10
127, 4.90566e+10
128, 4.90566e+10
129, 4.90566e+10
130, 4.90566e+10
131, 4.69338e+10
132, 4.69338e+10
133, 4.69338e+10
134, 4.69338e+10
135, 4.69338e+10
136, 4.69338e+10
137, 4.69338e+10
138, 4.69338e+10
139, 4.69338e+10
140, 4.69338e+10
141, 4.69338e+10
142, 4.69338e+10
143, 4.69338e+10
144, 4.69338e+10
145, 4.69338e+10
146, 4.69338e+10
147, 4.69338e+10
148, 4.69338e+10
149, 4.69338e+10
150, 4.69338e+10
151, 4.69338e+10
152, 4.62863e+10
153, 4.45106e+10
154, 4.45106e+10
155, 4.41999e+10
156, 4.34061e+10
157, 4.34061e+10
158, 4.34061e+10
159, 4.14318e+10
160, 4.11186e+10
161, 4.11186e+10
162, 4.11186e+10
163, 4.11186e+10
164, 4.03215e+10
165, 4.02977e+10
166, 4.02977e+10
167, 4.02977e+10
168, 4.02977e+10
169, 4.02977e+10
170, 4.02977e+10
171, 4.02977e+10
172, 3.9893e+10
173, 3.93202e+10
174, 3.78695e+10
175, 3.78695e+10
176, 3.78695e+10
177, 3.78695e+10
178, 3.72756e+10
179, 3.72756e+10
180, 3.72756e+10
181, 3.72756e+10
182, 3.72756e+10
183, 3.63489e+10
184, 3.63489e+10
185, 3.61296e+10
186, 3.61296e+10
187, 3.61296e+10
188, 3.61296e+10
189, 3.61296e+10
190, 3.61296e+10
191, 3.61296e+10
192, 3.61296e+10
193, 3.61296e+10
194, 3.55767e+10
195, 3.49854e+10
196, 3.49854e+10
197, 3.49854e+10
198, 3.49854e+10
199, 3.49854e+10
200, 3.43864e+10
201, 3.43864e+10
202, 3.43864e+10
203, 3.43864e+10
204, 3.42266e+10
205, 3.42266e+10
206, 3.42266e+10
207, 3.36854e+10
208, 3.36854e+10
209, 3.36854e+10
210, 3.36854e+10
211, 3.36854e+10
212, 3.36854e+10
213, 3.36854e+10
214, 3.30112e+10
215, 3.20246e+10
216, 3.12767e+10
217, 3.12767e+10
218, 3.12767e+10
219, 3.12504e+10
220, 3.12504e+10
221, 3.12504e+10
222, 3.12504e+10
223, 3.12504e+10
224, 3.12504e+10
225, 3.12504e+10
226, 3.12504e+10
227, 3.12504e+10
228, 3.12504e+10
229, 3.12504e+10
230, 3.12504e+10
231, 3.07602e+10
232, 3.07602e+10
233, 3.07602e+10
234, 3.07602e+10
235, 3.06021e+10
236, 3.06021e+10
237, 3.06021e+10
238, 3.04833e+10
239, 3.04833e+10
240, 3.04833e+10
241, 3.01798e+10
242, 3.01798e+10
243, 3.01153e+10
244, 2.97903e+10
245, 2.97903e+10
246, 2.97903e+10
247, 2.97862e+10
248, 2.92481e+10
249, 2.92481e+10
250, 2.92481e+10
251, 2.92481e+10
252, 2.92481e+10
253, 2.92481e+10
254, 2.92481e+10
255, 2.89948e+10
256, 2.87085e+10
257, 2.85793e+10
258, 2.84895e+10
259, 2.84895e+10
260, 2.84895e+10
261, 2.84895e+10
262, 2.84895e+10
263, 2.84895e+10
264, 2.84895e+10
265, 2.84895e+10
266, 2.82184e+10
267, 2.80017e+10
268, 2.79366e+10
269, 2.79366e+10
270, 2.79366e+10
271, 2.79366e+10
272, 2.79366e+10
273, 2.79366e+10
274, 2.78048e+10
275, 2.78048e+10
276, 2.78048e+10
277, 2.78048e+10
278, 2.78048e+10
279, 2.78048e+10
280, 2.78048e+10
281, 2.78048e+10
282, 2.78048e+10
283, 2.78048e+10
284, 2.78048e+10
285, 2.78048e+10
286, 2.78048e+10
287, 2.76386e+10
288, 2.76386e+10
289, 2.76386e+10
290, 2.71059e+10
291, 2.71059e+10
292, 2.71059e+10
293, 2.71059e+10
294, 2.71059e+10
295, 2.68309e+10
296, 2.68309e+10
297, 2.68309e+10
298, 2.68309e+10
299, 2.68309e+10
300, 2.68309e+10
301, 2.6515e+10
302, 2.6515e+10
303, 2.64901e+10
304, 2.63056e+10
305, 2.61438e+10
306, 2.61438e+10
307, 2.61132e+10
308, 2.61132e+10
309, 2.61132e+10
310, 2.61132e+10
311, 2.61132e+10
312, 2.61132e+10
313, 2.61132e+10
314, 2.61132e+10
315, 2.61132e+10
316, 2.61132e+10
317, 2.61132e+10
318, 2.60041e+10
319, 2.60041e+10
320, 2.59756e+10
321, 2.54874e+10
322, 2.54874e+10
323, 2.54874e+10
324, 2.54874e+10
325, 2.52719e+10
326, 2.51476e+10
327, 2.51476e+10
328, 2.51476e+10
329, 2.51476e+10
330, 2.51476e+10
331, 2.51476e+10
332, 2.51476e+10
333, 2.50832e+10
334, 2.50832e+10
335, 2.49122e+10
336, 2.49122e+10
337, 2.49122e+10
338, 2.49122e+10
339, 2.49122e+10
340, 2.49122e+10
341, 2.46496e+10
342, 2.43807e+10
343, 2.43807e+10
344, 2.43111e+10
345, 2.43111e+10
346, 2.42704e+10
347, 2.42704e+10
348, 2.42449e+10
349, 2.42004e+10
350, 2.40703e+10
351, 2.40703e+10
352, 2.40703e+10
353, 2.40703e+10
354, 2.40703e+10
355, 2.40542e+10
356, 2.40542e+10
357, 2.40542e+10
358, 2.40542e+10
359, 2.40542e+10
360, 2.40542e+10
361, 2.40542e+10
362, 2.40542e+10
363, 2.40542e+10
364, 2.40542e+10
365, 2.40542e+10
366, 2.40542e+10
367, 2.40508e+10
368, 2.40508e+10
369, 2.40508e+10
370, 2.40508e+10
371, 2.39953e+10
372, 2.39953e+10
373, 2.39953e+10
374, 2.39953e+10
375, 2.39953e+10
376, 2.39953e+10
377, 2.39953e+10
378, 2.38819e+10
379, 2.3813e+10
380, 2.3813e+10
381, 2.3813e+10
382, 2.3813e+10
383, 2.36475e+10
384, 2.36471e+10
385, 2.36292e+10
386, 2.36195e+10
387, 2.36195e+10
388, 2.35442e+10
389, 2.35442e+10
390, 2.35442e+10
391, 2.35442e+10
392, 2.35442e+10
393, 2.34756e+10
394, 2.34756e+10
395, 2.34756e+10
396, 2.34756e+10
397, 2.34756e+10
398, 2.33971e+10
399, 2.33971e+10
400, 2.33971e+10
401, 2.33971e+10
402, 2.33971e+10
403, 2.33971e+10
404, 2.3271e+10
405, 2.32444e+10
406, 2.32444e+10
407, 2.32444e+10
408, 2.31106e+10
409, 2.30582e+10
410, 2.30455e+10
411, 2.29686e+10
412, 2.28885e+10
413, 2.28885e+10
414, 2.28885e+10
415, 2.28885e+10
416, 2.28885e+10
417, 2.28273e+10
418, 2.28273e+10
419, 2.28273e+10
420, 2.28273e+10
421, 2.27807e+10
422, 2.27807e+10
423, 2.27807e+10
424, 2.27807e+10
425, 2.27807e+10
426, 2.27807e+10
427, 2.27807e+10
428, 2.27807e+10
429, 2.27387e+10
430, 2.27387e+10
431, 2.27387e+10
432, 2.27387e+10
433, 2.27387e+10
434, 2.27387e+10
435, 2.27387e+10
436, 2.27387e+10
437, 2.27387e+10
438, 2.26949e+10
439, 2.26545e+10
440, 2.26545e+10
441, 2.26545e+10
442, 2.26545e+10
443, 2.26545e+10
444, 2.26368e+10
445, 2.25365e+10
446, 2.25365e+10
447, 2.25365e+10
448, 2.24768e+10
449, 2.24768e+10
450, 2.24768e+10
451, 2.24768e+10
452, 2.24768e+10
453, 2.24768e+10
454, 2.24768e+10
455, 2.24768e+10
456, 2.24768e+10
457, 2.24768e+10
458, 2.24768e+10
459, 2.24309e+10
460, 2.23563e+10
461, 2.23563e+10
462, 2.23563e+10
463, 2.23563e+10
464, 2.23563e+10
465, 2.23563e+10
466, 2.23563e+10
467, 2.23215e+10
468, 2.23215e+10
469, 2.22917e+10
470, 2.22917e+10
471, 2.22917e+10
472, 2.22917e+10
473, 2.22872e+10
474, 2.22043e+10
475, 2.22043e+10
476, 2.22043e+10
477, 2.22043e+10
478, 2.22043e+10
479, 2.22043e+10
480, 2.21481e+10
481, 2.21481e+10
482, 2.21481e+10
483, 2.21481e+10
484, 2.21157e+10
485, 2.20801e+10
486, 2.20801e+10
487, 2.20801e+10
488, 2.20801e+10
489, 2.20801e+10
490, 2.20801e+10
491, 2.20759e+10
492, 2.20759e+10
493, 2.20384e+10
494, 2.20384e+10
495, 2.20384e+10
496, 2.20384e+10
497, 2.20384e+10
