Iteration, BestFitness
0, 4.19491e+12
1, 4.17164e+12
2, 3.67792e+12
3, 3.47662e+12
4, 3.29109e+12
5, 3.29109e+12
6, 3.29109e+12
7, 3.29109e+12
8, 3.29109e+12
9, 3.29109e+12
10, 2.96639e+12
11, 2.96639e+12
12, 2.70019e+12
13, 2.65716e+12
14, 2.65716e+12
15, 2.65716e+12
16, 2.65716e+12
17, 2.53862e+12
18, 2.50143e+12
19, 2.38176e+12
20, 2.02455e+12
21, 1.98101e+12
22, 1.95869e+12
23, 1.95869e+12
24, 1.95869e+12
25, 1.87581e+12
26, 1.80815e+12
27, 1.70784e+12
28, 1.58503e+12
29, 1.56825e+12
30, 1.56825e+12
31, 1.54455e+12
32, 1.53066e+12
33, 1.53066e+12
34, 1.53066e+12
35, 1.53066e+12
36, 1.53066e+12
37, 1.53066e+12
38, 1.41872e+12
39, 1.41872e+12
40, 1.36117e+12
41, 1.29958e+12
42, 1.29958e+12
43, 1.29958e+12
44, 1.26287e+12
45, 1.164e+12
46, 1.07422e+12
47, 1.07422e+12
48, 1.07422e+12
49, 1.07422e+12
50, 9.78752e+11
51, 9.78752e+11
52, 9.78752e+11
53, 9.78752e+11
54, 9.78752e+11
55, 9.78752e+11
56, 9.78752e+11
57, 9.78752e+11
58, 9.74428e+11
59, 9.0877e+11
60, 8.52018e+11
61, 8.52018e+11
62, 8.52018e+11
63, 7.72158e+11
64, 7.72158e+11
65, 7.72158e+11
66, 7.72158e+11
67, 7.72158e+11
68, 7.72158e+11
69, 6.38699e+11
70, 6.38699e+11
71, 6.38699e+11
72, 6.38699e+11
73, 6.38699e+11
74, 6.38699e+11
75, 6.38699e+11
76, 6.38699e+11
77, 6.38699e+11
78, 6.38699e+11
79, 6.38699e+11
80, 6.38699e+11
81, 6.38699e+11
82, 6.38699e+11
83, 6.38699e+11
84, 5.95388e+11
85, 5.95388e+11
86, 5.95388e+11
87, 5.95388e+11
88, 5.95388e+11
89, 5.95388e+11
90, 5.89776e+11
91, 5.89776e+11
92, 5.89776e+11
93, 5.48341e+11
94, 5.11691e+11
95, 5.11691e+11
96, 5.11691e+11
97, 5.11691e+11
98, 5.11691e+11
99, 5.11691e+11
100, 5.11691e+11
101, 5.11691e+11
102, 5.09686e+11
103, 5.09686e+11
104, 5.09686e+11
105, 5.04421e+11
106, 5.04421e+11
107, 5.04236e+11
108, 4.32979e+11
109, 4.32979e+11
110, 4.32979e+11
111, 4.32979e+11
112, 4.32979e+11
113, 4.32979e+11
114, 4.32979e+11
115, 4.32979e+11
116, 4.32979e+11
117, 4.32979e+11
118, 4.32979e+11
119, 4.32979e+11
120, 4.32979e+11
121, 4.32979e+11
122, 4.32979e+11
123, 4.32979e+11
124, 4.32979e+11
125, 4.32979e+11
126, 4.32979e+11
127, 4.03584e+11
128, 4.01741e+11
129, 3.86351e+11
130, 3.67643e+11
131, 3.57875e+11
132, 3.54277e+11
133, 3.54277e+11
134, 3.54277e+11
135, 3.54277e+11
136, 3.54277e+11
137, 3.54277e+11
138, 3.54277e+11
139, 3.54277e+11
140, 3.54277e+11
141, 3.54277e+11
142, 3.54277e+11
143, 3.54277e+11
144, 3.54277e+11
145, 3.54277e+11
146, 3.52834e+11
147, 3.52834e+11
148, 3.31129e+11
149, 3.15221e+11
150, 3.15221e+11
151, 3.15221e+11
152, 3.15221e+11
153, 3.15221e+11
154, 3.15221e+11
155, 3.15221e+11
156, 3.15221e+11
157, 3.15221e+11
158, 3.15221e+11
159, 3.15221e+11
160, 3.15221e+11
161, 3.15221e+11
162, 3.09357e+11
163, 3.09357e+11
164, 2.76575e+11
165, 2.76575e+11
166, 2.76575e+11
167, 2.68439e+11
168, 2.68439e+11
169, 2.68439e+11
170, 2.68439e+11
171, 2.68439e+11
172, 2.68439e+11
173, 2.68439e+11
174, 2.68439e+11
175, 2.68439e+11
176, 2.68439e+11
177, 2.68439e+11
178, 2.68439e+11
179, 2.68439e+11
180, 2.68439e+11
181, 2.68439e+11
182, 2.68439e+11
183, 2.6234e+11
184, 2.61439e+11
185, 2.44352e+11
186, 2.44352e+11
187, 2.44166e+11
188, 2.44166e+11
189, 2.44166e+11
190, 2.19048e+11
191, 2.19048e+11
192, 2.19048e+11
193, 2.19048e+11
194, 2.19048e+11
195, 2.19048e+11
196, 2.19048e+11
197, 2.19048e+11
198, 2.19048e+11
199, 2.19048e+11
200, 2.14077e+11
201, 2.14077e+11
202, 2.14077e+11
203, 2.14077e+11
204, 2.14077e+11
205, 2.14077e+11
206, 2.14077e+11
207, 2.14077e+11
208, 2.14077e+11
209, 2.14077e+11
210, 2.14077e+11
211, 2.14077e+11
212, 2.14077e+11
213, 2.14077e+11
214, 2.14077e+11
215, 2.09806e+11
216, 2.08073e+11
217, 2.08073e+11
218, 2.08073e+11
219, 2.08073e+11
220, 2.08073e+11
221, 2.08073e+11
222, 2.08073e+11
223, 2.08073e+11
224, 2.08073e+11
225, 2.08073e+11
226, 2.08073e+11
227, 2.08073e+11
228, 2.08073e+11
229, 2.08073e+11
230, 2.08073e+11
231, 2.04133e+11
232, 2.04133e+11
233, 2.04133e+11
234, 2.04133e+11
235, 2.04133e+11
236, 2.04133e+11
237, 2.04133e+11
238, 2.04133e+11
239, 2.04133e+11
240, 2.04133e+11
241, 2.04133e+11
242, 1.92899e+11
243, 1.92899e+11
244, 1.92095e+11
245, 1.86141e+11
246, 1.7709e+11
247, 1.76854e+11
248, 1.76854e+11
249, 1.76854e+11
250, 1.76854e+11
251, 1.76854e+11
252, 1.76854e+11
253, 1.76854e+11
254, 1.76854e+11
255, 1.76854e+11
256, 1.76854e+11
257, 1.76854e+11
258, 1.76854e+11
259, 1.76854e+11
260, 1.76854e+11
261, 1.76854e+11
262, 1.76854e+11
263, 1.76854e+11
264, 1.76854e+11
265, 1.76854e+11
266, 1.76854e+11
267, 1.76854e+11
268, 1.76854e+11
269, 1.76854e+11
270, 1.76854e+11
271, 1.76854e+11
272, 1.76854e+11
273, 1.76854e+11
274, 1.76854e+11
275, 1.76854e+11
276, 1.76854e+11
277, 1.76854e+11
278, 1.76854e+11
279, 1.76854e+11
280, 1.76854e+11
281, 1.76854e+11
282, 1.76854e+11
283, 1.76854e+11
284, 1.76854e+11
285, 1.76092e+11
286, 1.74407e+11
287, 1.72191e+11
288, 1.65848e+11
289, 1.65848e+11
290, 1.65848e+11
291, 1.65848e+11
292, 1.65848e+11
293, 1.65848e+11
294, 1.65848e+11
295, 1.65848e+11
296, 1.65848e+11
297, 1.65848e+11
298, 1.65848e+11
299, 1.65848e+11
300, 1.65848e+11
301, 1.65848e+11
302, 1.65848e+11
303, 1.65848e+11
304, 1.65848e+11
305, 1.65848e+11
306, 1.65848e+11
307, 1.65848e+11
308, 1.65848e+11
309, 1.65848e+11
310, 1.65848e+11
311, 1.65848e+11
312, 1.65848e+11
313, 1.65848e+11
314, 1.65848e+11
315, 1.65848e+11
316, 1.65848e+11
317, 1.65848e+11
318, 1.65848e+11
319, 1.65848e+11
320, 1.65848e+11
321, 1.65848e+11
322, 1.65848e+11
323, 1.65848e+11
324, 1.59716e+11
325, 1.46554e+11
326, 1.46554e+11
327, 1.46554e+11
328, 1.46554e+11
329, 1.46554e+11
330, 1.46554e+11
331, 1.46554e+11
