Iteration, BestFitness
0, 1.61481e+16
1, 1.61481e+16
2, 1.61481e+16
3, 6.37099e+15
4, 6.37099e+15
5, 6.37099e+15
6, 6.37099e+15
7, 2.04567e+14
8, 1.48796e+14
9, 1.48796e+14
10, 1.48796e+14
11, 1.24481e+14
12, 1.06975e+14
13, 1.06975e+14
14, 1.06975e+14
15, 8.47516e+13
16, 8.47516e+13
17, 8.47516e+13
18, 6.92318e+13
19, 6.92318e+13
20, 6.92318e+13
21, 3.34341e+13
22, 3.34341e+13
23, 3.34341e+13
24, 3.34341e+13
25, 2.77869e+13
26, 1.101e+13
27, 1.101e+13
28, 1.0747e+13
29, 1.0747e+13
30, 1.0747e+13
31, 1.0747e+13
32, 1.0747e+13
33, 1.0747e+13
34, 1.0747e+13
35, 6.74969e+12
36, 6.74969e+12
37, 6.74391e+12
38, 6.74391e+12
39, 6.74391e+12
40, 6.74391e+12
41, 6.74391e+12
42, 6.74391e+12
43, 6.74391e+12
44, 6.25101e+12
45, 6.25101e+12
46, 6.25101e+12
47, 6.25101e+12
48, 5.57326e+12
49, 5.57326e+12
50, 5.57326e+12
51, 5.57326e+12
52, 5.57326e+12
53, 5.57326e+12
54, 4.96322e+12
55, 4.69801e+12
56, 4.69801e+12
57, 4.69801e+12
58, 4.69801e+12
59, 4.69801e+12
60, 4.69801e+12
61, 3.13747e+12
62, 3.076e+12
63, 2.93906e+12
64, 2.88281e+12
65, 2.88281e+12
66, 2.88281e+12
67, 2.88281e+12
68, 2.86732e+12
69, 2.86732e+12
70, 2.86732e+12
71, 2.86732e+12
72, 2.86732e+12
73, 2.86732e+12
74, 2.86732e+12
75, 2.53607e+12
76, 2.32045e+12
77, 2.27003e+12
78, 2.26802e+12
79, 2.26046e+12
80, 2.26046e+12
81, 2.26046e+12
82, 2.26046e+12
83, 2.26046e+12
84, 2.26046e+12
85, 2.26046e+12
86, 2.26046e+12
87, 2.26046e+12
88, 2.0356e+12
89, 2.0356e+12
90, 2.0356e+12
91, 2.0356e+12
92, 2.0356e+12
93, 2.0356e+12
94, 2.0356e+12
95, 2.0356e+12
96, 2.0356e+12
97, 1.93362e+12
98, 1.93362e+12
99, 1.93362e+12
100, 1.93362e+12
101, 1.93362e+12
102, 1.93362e+12
103, 1.93362e+12
104, 1.93362e+12
105, 1.93362e+12
106, 1.93362e+12
107, 1.93362e+12
108, 1.93362e+12
109, 1.93362e+12
110, 1.93362e+12
111, 1.86131e+12
112, 1.67662e+12
113, 1.67662e+12
114, 1.67662e+12
115, 1.67662e+12
116, 1.67662e+12
117, 1.67662e+12
118, 1.67662e+12
119, 1.67204e+12
120, 1.54497e+12
121, 1.47383e+12
122, 1.33241e+12
123, 1.33241e+12
124, 1.33241e+12
125, 1.24562e+12
126, 1.24279e+12
127, 1.24279e+12
128, 1.24279e+12
129, 1.24279e+12
130, 1.2415e+12
131, 1.2415e+12
132, 1.2415e+12
133, 1.2415e+12
134, 1.2415e+12
135, 1.2415e+12
136, 1.19083e+12
137, 1.19083e+12
138, 1.19083e+12
139, 9.29866e+11
140, 9.29866e+11
141, 9.29866e+11
142, 9.29866e+11
143, 9.29866e+11
144, 9.29866e+11
145, 7.782e+11
146, 7.782e+11
147, 7.782e+11
148, 7.782e+11
149, 7.782e+11
150, 7.782e+11
151, 7.782e+11
152, 7.782e+11
153, 7.782e+11
154, 7.782e+11
155, 7.782e+11
156, 7.782e+11
157, 7.54305e+11
158, 7.29663e+11
159, 7.29663e+11
160, 7.11755e+11
161, 7.11755e+11
162, 7.11755e+11
163, 7.11644e+11
164, 7.11644e+11
165, 6.72614e+11
166, 6.72614e+11
167, 6.72614e+11
168, 6.72614e+11
169, 6.72614e+11
170, 6.72614e+11
171, 6.72614e+11
172, 6.72614e+11
173, 6.72614e+11
174, 6.72614e+11
175, 6.72614e+11
176, 6.64778e+11
177, 6.01476e+11
178, 6.01476e+11
179, 6.01476e+11
180, 6.01476e+11
181, 6.01476e+11
182, 6.01476e+11
183, 6.01476e+11
184, 6.01476e+11
185, 6.01476e+11
186, 6.01476e+11
187, 6.01476e+11
188, 6.01476e+11
189, 6.01476e+11
190, 6.01476e+11
191, 6.01476e+11
192, 6.01476e+11
193, 4.92551e+11
194, 4.89401e+11
195, 4.89401e+11
196, 4.87965e+11
197, 4.87965e+11
198, 4.87965e+11
199, 4.87965e+11
200, 4.72245e+11
201, 4.72245e+11
202, 4.72245e+11
203, 4.72245e+11
204, 4.72245e+11
205, 4.72245e+11
206, 4.72245e+11
207, 4.72245e+11
208, 4.72245e+11
209, 4.72245e+11
210, 4.72245e+11
211, 4.72245e+11
212, 4.72245e+11
213, 4.72245e+11
214, 4.72245e+11
215, 4.72245e+11
216, 4.72245e+11
217, 4.72245e+11
218, 4.72245e+11
219, 4.72245e+11
220, 4.72245e+11
221, 4.72245e+11
222, 4.72245e+11
223, 4.72245e+11
224, 4.72245e+11
225, 4.72245e+11
226, 4.72245e+11
227, 4.72245e+11
228, 4.72245e+11
229, 4.72245e+11
230, 4.72245e+11
231, 4.72245e+11
232, 4.72245e+11
233, 4.72245e+11
234, 4.72245e+11
235, 4.72245e+11
236, 4.72245e+11
237, 4.66025e+11
238, 4.53941e+11
239, 4.53726e+11
240, 4.51393e+11
241, 4.51393e+11
242, 4.15165e+11
243, 3.47863e+11
244, 3.45496e+11
245, 3.44965e+11
246, 3.44965e+11
247, 3.44965e+11
248, 3.44965e+11
249, 3.44965e+11
250, 3.44965e+11
251, 3.44965e+11
252, 3.44965e+11
253, 3.44965e+11
254, 3.44965e+11
255, 3.44965e+11
256, 3.19041e+11
257, 3.14035e+11
258, 3.10823e+11
259, 3.10823e+11
260, 3.10823e+11
261, 3.10823e+11
262, 3.10823e+11
263, 3.10823e+11
264, 3.10823e+11
265, 3.10823e+11
266, 3.10823e+11
267, 3.10823e+11
268, 3.10823e+11
269, 3.10823e+11
270, 2.86797e+11
271, 2.86797e+11
272, 2.86797e+11
273, 2.86797e+11
274, 2.86797e+11
275, 2.86797e+11
276, 2.86797e+11
277, 2.86797e+11
278, 2.86797e+11
279, 2.86797e+11
280, 2.86797e+11
281, 2.86797e+11
282, 2.86797e+11
283, 2.86797e+11
284, 2.86797e+11
285, 2.86797e+11
286, 2.86797e+11
287, 2.86797e+11
288, 2.69427e+11
289, 2.68101e+11
290, 2.68101e+11
291, 2.68101e+11
292, 2.67386e+11
293, 2.60046e+11
294, 2.60046e+11
295, 2.60046e+11
296, 2.60046e+11
297, 2.60046e+11
298, 2.60046e+11
299, 2.60046e+11
300, 2.60046e+11
301, 2.55441e+11
302, 2.55441e+11
303, 2.55441e+11
304, 2.55441e+11
305, 2.55441e+11
306, 2.55441e+11
307, 2.55441e+11
308, 2.55441e+11
309, 2.55441e+11
310, 2.55441e+11
311, 2.55441e+11
312, 2.53709e+11
313, 2.34378e+11
314, 2.32536e+11
315, 2.32536e+11
316, 2.23101e+11
317, 2.23101e+11
318, 2.23101e+11
319, 2.02573e+11
320, 2.01465e+11
321, 2.01465e+11
322, 1.98288e+11
323, 1.98288e+11
324, 1.98288e+11
325, 1.98288e+11
326, 1.98288e+11
327, 1.98288e+11
328, 1.98288e+11
329, 1.98288e+11
330, 1.98001e+11
331, 1.88391e+11
