Iteration, BestFitness
0, 3.14687e+12
1, 2.68391e+12
2, 2.38828e+12
3, 2.07975e+12
4, 2.06135e+12
5, 1.86368e+12
6, 1.58081e+12
7, 1.19752e+12
8, 1.17308e+12
9, 1.17308e+12
10, 1.07405e+12
11, 1.07405e+12
12, 9.56554e+11
13, 8.34934e+11
14, 7.6084e+11
15, 7.6084e+11
16, 7.06901e+11
17, 6.14734e+11
18, 5.97905e+11
19, 5.00179e+11
20, 5.00179e+11
21, 4.36672e+11
22, 4.19718e+11
23, 4.19718e+11
24, 3.94977e+11
25, 3.19516e+11
26, 3.19516e+11
27, 3.04103e+11
28, 3.04103e+11
29, 2.807e+11
30, 2.77027e+11
31, 2.72182e+11
32, 2.72182e+11
33, 2.71617e+11
34, 2.71617e+11
35, 2.6805e+11
36, 2.55677e+11
37, 2.55677e+11
38, 2.55677e+11
39, 2.21342e+11
40, 1.93783e+11
41, 1.93783e+11
42, 1.78492e+11
43, 1.78492e+11
44, 1.70164e+11
45, 1.70164e+11
46, 1.70164e+11
47, 1.62364e+11
48, 1.62364e+11
49, 1.62364e+11
50, 1.52995e+11
51, 1.36655e+11
52, 1.27769e+11
53, 1.27769e+11
54, 1.22448e+11
55, 1.22448e+11
56, 1.21697e+11
57, 1.21064e+11
58, 1.07917e+11
59, 1.07917e+11
60, 1.07917e+11
61, 1.07917e+11
62, 1.05876e+11
63, 9.93604e+10
64, 9.93604e+10
65, 9.76335e+10
66, 9.76335e+10
67, 9.68661e+10
68, 9.45942e+10
69, 9.42592e+10
70, 9.13709e+10
71, 9.13709e+10
72, 9.13709e+10
73, 9.13709e+10
74, 9.13709e+10
75, 9.13709e+10
76, 8.1784e+10
77, 8.06507e+10
78, 8.00653e+10
79, 8.00653e+10
80, 8.00653e+10
81, 8.00653e+10
82, 8.00653e+10
83, 8.00653e+10
84, 8.00653e+10
85, 8.00653e+10
86, 8.00653e+10
87, 7.41824e+10
88, 7.41824e+10
89, 7.41824e+10
90, 7.41824e+10
91, 7.41824e+10
92, 7.02543e+10
93, 7.02543e+10
94, 7.02543e+10
95, 6.65107e+10
96, 6.65107e+10
97, 6.65107e+10
98, 6.32622e+10
99, 6.23912e+10
100, 6.23912e+10
101, 6.23912e+10
102, 6.23912e+10
103, 6.23912e+10
104, 6.23912e+10
105, 6.23912e+10
106, 6.23912e+10
107, 6.23912e+10
108, 6.23912e+10
109, 6.23912e+10
110, 6.23912e+10
111, 6.23912e+10
112, 5.95366e+10
113, 5.87259e+10
114, 5.87259e+10
115, 5.62946e+10
116, 5.62946e+10
117, 5.62946e+10
118, 5.62946e+10
119, 5.62946e+10
120, 5.62946e+10
121, 5.43312e+10
122, 5.43312e+10
123, 5.32304e+10
124, 5.32304e+10
125, 4.85464e+10
126, 4.85464e+10
127, 4.85464e+10
128, 4.85464e+10
129, 4.85464e+10
130, 4.85464e+10
131, 4.85464e+10
132, 4.69767e+10
133, 4.69767e+10
134, 4.69767e+10
135, 4.69767e+10
136, 4.69767e+10
137, 4.69767e+10
138, 4.69767e+10
139, 4.69767e+10
140, 4.42775e+10
141, 4.36936e+10
142, 4.36936e+10
143, 4.36936e+10
144, 4.36936e+10
145, 4.36936e+10
146, 4.36936e+10
147, 4.36936e+10
148, 4.36936e+10
149, 4.26336e+10
150, 4.26336e+10
151, 4.26336e+10
152, 4.26336e+10
153, 4.26336e+10
154, 4.26336e+10
155, 4.26336e+10
156, 4.26336e+10
157, 4.26336e+10
158, 4.25585e+10
159, 4.15994e+10
160, 3.93172e+10
161, 3.92828e+10
162, 3.92828e+10
163, 3.92828e+10
164, 3.92828e+10
165, 3.92828e+10
166, 3.92828e+10
167, 3.92828e+10
168, 3.92272e+10
169, 3.73671e+10
170, 3.73472e+10
171, 3.73472e+10
172, 3.73472e+10
173, 3.73472e+10
174, 3.73472e+10
175, 3.73472e+10
176, 3.73472e+10
177, 3.73472e+10
178, 3.73472e+10
179, 3.73472e+10
180, 3.73472e+10
181, 3.71812e+10
182, 3.71812e+10
183, 3.71812e+10
184, 3.71812e+10
185, 3.71812e+10
186, 3.71812e+10
187, 3.68008e+10
188, 3.68008e+10
189, 3.68008e+10
190, 3.67232e+10
191, 3.57211e+10
192, 3.46431e+10
193, 3.39246e+10
194, 3.39246e+10
195, 3.39246e+10
196, 3.39246e+10
197, 3.39246e+10
198, 3.39246e+10
199, 3.39246e+10
200, 3.39246e+10
201, 3.39246e+10
202, 3.35526e+10
203, 3.35526e+10
204, 3.27569e+10
205, 3.2732e+10
206, 3.2732e+10
207, 3.2732e+10
208, 3.2732e+10
209, 3.2732e+10
210, 3.2732e+10
211, 3.24766e+10
212, 3.2327e+10
213, 3.2327e+10
214, 3.2327e+10
215, 3.14199e+10
216, 3.11275e+10
217, 3.10353e+10
218, 3.05441e+10
219, 3.05441e+10
220, 3.05441e+10
221, 3.04649e+10
222, 3.04649e+10
223, 3.04649e+10
224, 3.04649e+10
225, 3.04649e+10
226, 3.04649e+10
227, 3.04649e+10
228, 3.04649e+10
229, 3.04649e+10
230, 3.04649e+10
231, 3.04649e+10
232, 3.04649e+10
233, 2.95284e+10
234, 2.94303e+10
235, 2.94303e+10
236, 2.93459e+10
237, 2.87488e+10
238, 2.86028e+10
239, 2.86028e+10
240, 2.80569e+10
241, 2.73607e+10
242, 2.73607e+10
243, 2.73607e+10
244, 2.73607e+10
245, 2.72884e+10
246, 2.72485e+10
247, 2.70962e+10
248, 2.70962e+10
249, 2.70962e+10
250, 2.70886e+10
251, 2.70886e+10
252, 2.70886e+10
253, 2.70886e+10
254, 2.70886e+10
255, 2.70886e+10
256, 2.70886e+10
257, 2.70886e+10
258, 2.64988e+10
259, 2.64988e+10
260, 2.64988e+10
261, 2.64988e+10
262, 2.64988e+10
263, 2.64988e+10
264, 2.64988e+10
265, 2.64988e+10
266, 2.64988e+10
267, 2.64988e+10
268, 2.64988e+10
269, 2.64059e+10
270, 2.60165e+10
271, 2.60165e+10
272, 2.60165e+10
273, 2.60165e+10
274, 2.60165e+10
275, 2.56934e+10
276, 2.56934e+10
277, 2.56934e+10
278, 2.56934e+10
279, 2.56934e+10
280, 2.56934e+10
281, 2.54931e+10
282, 2.53313e+10
283, 2.53313e+10
284, 2.53313e+10
285, 2.53313e+10
286, 2.512e+10
287, 2.45159e+10
288, 2.45159e+10
289, 2.45159e+10
290, 2.45159e+10
291, 2.45159e+10
292, 2.45159e+10
293, 2.45159e+10
294, 2.45159e+10
295, 2.45159e+10
296, 2.45159e+10
297, 2.45159e+10
298, 2.45159e+10
299, 2.45159e+10
300, 2.45159e+10
301, 2.45159e+10
302, 2.44892e+10
303, 2.44892e+10
304, 2.44892e+10
305, 2.44892e+10
306, 2.44892e+10
307, 2.44892e+10
308, 2.44892e+10
309, 2.44892e+10
310, 2.44892e+10
311, 2.4425e+10
312, 2.43992e+10
313, 2.43338e+10
314, 2.43338e+10
315, 2.38759e+10
316, 2.38759e+10
317, 2.38759e+10
318, 2.38759e+10
319, 2.38759e+10
320, 2.38759e+10
321, 2.38298e+10
322, 2.3163e+10
323, 2.3163e+10
324, 2.3163e+10
325, 2.3163e+10
326, 2.3163e+10
327, 2.3163e+10
328, 2.3163e+10
329, 2.3163e+10
330, 2.3163e+10
331, 2.31277e+10
332, 2.31277e+10
333, 2.31277e+10
334, 2.31277e+10
335, 2.31277e+10
336, 2.31277e+10
337, 2.30839e+10
338, 2.30839e+10
339, 2.30839e+10
340, 2.30839e+10
341, 2.30839e+10
342, 2.29485e+10
343, 2.29485e+10
344, 2.29485e+10
345, 2.29485e+10
346, 2.28431e+10
347, 2.28431e+10
348, 2.28431e+10
349, 2.28431e+10
350, 2.27694e+10
351, 2.27694e+10
352, 2.26129e+10
353, 2.24861e+10
354, 2.24249e+10
355, 2.24128e+10
356, 2.24128e+10
357, 2.24128e+10
358, 2.24128e+10
359, 2.24128e+10
360, 2.24128e+10
361, 2.24128e+10
362, 2.24128e+10
363, 2.23072e+10
364, 2.23072e+10
365, 2.23072e+10
366, 2.23072e+10
367, 2.21821e+10
368, 2.21036e+10
369, 2.21036e+10
370, 2.21036e+10
371, 2.21036e+10
372, 2.21036e+10
373, 2.21036e+10
374, 2.21036e+10
375, 2.21036e+10
376, 2.21036e+10
377, 2.21036e+10
378, 2.21036e+10
379, 2.21036e+10
380, 2.19563e+10
381, 2.18467e+10
382, 2.18467e+10
383, 2.18467e+10
384, 2.18467e+10
385, 2.1802e+10
386, 2.16673e+10
387, 2.16535e+10
388, 2.16535e+10
389, 2.16535e+10
390, 2.16535e+10
391, 2.16535e+10
392, 2.16535e+10
393, 2.16535e+10
394, 2.16535e+10
395, 2.16535e+10
396, 2.16535e+10
397, 2.16535e+10
398, 2.16535e+10
399, 2.16535e+10
400, 2.16535e+10
401, 2.16195e+10
402, 2.15831e+10
403, 2.15831e+10
404, 2.14737e+10
405, 2.14737e+10
406, 2.14737e+10
407, 2.14737e+10
408, 2.14737e+10
409, 2.14737e+10
410, 2.14737e+10
411, 2.14737e+10
412, 2.14737e+10
413, 2.14737e+10
414, 2.14737e+10
415, 2.1385e+10
416, 2.12656e+10
417, 2.12552e+10
418, 2.12552e+10
419, 2.12034e+10
420, 2.12034e+10
421, 2.12034e+10
422, 2.12034e+10
423, 2.12034e+10
424, 2.12034e+10
425, 2.12034e+10
426, 2.12034e+10
427, 2.12034e+10
428, 2.12034e+10
429, 2.12034e+10
430, 2.12034e+10
431, 2.12034e+10
432, 2.10643e+10
433, 2.09085e+10
434, 2.09085e+10
435, 2.09085e+10
436, 2.09085e+10
437, 2.09085e+10
438, 2.09085e+10
439, 2.09085e+10
440, 2.09085e+10
441, 2.09085e+10
442, 2.09085e+10
443, 2.09085e+10
444, 2.08547e+10
445, 2.08547e+10
446, 2.08477e+10
447, 2.07709e+10
448, 2.07709e+10
449, 2.07709e+10
450, 2.07709e+10
451, 2.07709e+10
452, 2.07709e+10
453, 2.06789e+10
454, 2.06789e+10
455, 2.06789e+10
456, 2.06789e+10
457, 2.06789e+10
458, 2.06789e+10
459, 2.06365e+10
460, 2.05745e+10
461, 2.05562e+10
462, 2.05562e+10
463, 2.05369e+10
464, 2.05369e+10
465, 2.05369e+10
466, 2.05369e+10
467, 2.05369e+10
468, 2.05369e+10
469, 2.05369e+10
470, 2.0437e+10
471, 2.0437e+10
472, 2.04087e+10
473, 2.04087e+10
474, 2.04087e+10
475, 2.04087e+10
476, 2.04087e+10
477, 2.04087e+10
478, 2.03713e+10
479, 2.03612e+10
480, 2.03307e+10
481, 2.03307e+10
482, 2.03307e+10
483, 2.03307e+10
484, 2.03128e+10
485, 2.03128e+10
486, 2.03128e+10
487, 2.03128e+10
488, 2.03128e+10
489, 2.03042e+10
490, 2.03042e+10
491, 2.02553e+10
492, 2.02553e+10
493, 2.02553e+10
494, 2.02553e+10
495, 2.02553e+10
496, 2.02553e+10
497, 2.02553e+10
