Iteration, BestFitness
0, 8.04674e+14
1, 8.70596e+13
2, 8.70596e+13
3, 8.70596e+13
4, 8.70596e+13
5, 3.8994e+13
6, 3.32313e+13
7, 6.28957e+12
8, 1.79181e+12
9, 1.12291e+12
10, 1.12291e+12
11, 1.12291e+12
12, 1.10709e+12
13, 1.10709e+12
14, 3.42754e+11
15, 3.42754e+11
16, 3.42754e+11
17, 2.33291e+11
18, 2.33291e+11
19, 2.30078e+11
20, 2.26772e+11
21, 1.71816e+11
22, 1.52799e+11
23, 1.52799e+11
24, 1.52799e+11
25, 1.45125e+11
26, 1.45125e+11
27, 1.44377e+11
28, 1.44377e+11
29, 1.0897e+11
30, 7.86649e+10
31, 7.86649e+10
32, 7.86649e+10
33, 7.86649e+10
34, 7.86649e+10
35, 6.78978e+10
36, 6.13877e+10
37, 6.13877e+10
38, 6.13877e+10
39, 5.02229e+10
40, 5.02229e+10
41, 5.02229e+10
42, 5.02229e+10
43, 5.02229e+10
44, 5.02229e+10
45, 4.06992e+10
46, 4.06992e+10
47, 4.06992e+10
48, 4.06992e+10
49, 4.06992e+10
50, 3.51833e+10
51, 3.51833e+10
52, 3.51833e+10
53, 3.51833e+10
54, 3.15285e+10
55, 3.15285e+10
56, 3.15285e+10
57, 3.07377e+10
58, 3.04153e+10
59, 3.04153e+10
60, 2.97315e+10
61, 2.58582e+10
62, 2.58582e+10
63, 2.58582e+10
64, 2.51912e+10
65, 2.51912e+10
66, 2.47806e+10
67, 2.47806e+10
68, 2.46561e+10
69, 2.46561e+10
70, 2.38439e+10
71, 2.38439e+10
72, 2.38439e+10
73, 2.15226e+10
74, 2.15226e+10
75, 2.15226e+10
76, 2.15226e+10
77, 2.15226e+10
78, 2.15226e+10
79, 2.15226e+10
80, 2.15226e+10
81, 2.01332e+10
82, 1.63313e+10
83, 1.63313e+10
84, 1.59076e+10
85, 1.43733e+10
86, 1.43733e+10
87, 1.43733e+10
88, 1.43733e+10
89, 1.43733e+10
90, 1.43733e+10
91, 1.43733e+10
92, 1.43733e+10
93, 1.43733e+10
94, 1.43733e+10
95, 1.36188e+10
96, 1.36188e+10
97, 1.3479e+10
98, 1.33962e+10
99, 1.22426e+10
100, 1.22426e+10
101, 1.22426e+10
102, 1.20966e+10
103, 1.20966e+10
104, 1.11074e+10
105, 1.09743e+10
106, 1.09743e+10
107, 1.09743e+10
108, 1.09743e+10
109, 1.09743e+10
110, 1.09743e+10
111, 1.09743e+10
112, 1.09743e+10
113, 1.09743e+10
114, 1.09743e+10
115, 1.09743e+10
116, 1.07073e+10
117, 8.90398e+09
118, 8.35064e+09
119, 8.35064e+09
120, 8.35064e+09
121, 8.14407e+09
122, 7.99268e+09
123, 7.39562e+09
124, 7.39562e+09
125, 7.39331e+09
126, 7.39331e+09
127, 7.39331e+09
128, 7.39331e+09
129, 7.39331e+09
130, 7.39331e+09
131, 7.39331e+09
132, 7.39331e+09
133, 7.39331e+09
134, 7.39331e+09
135, 7.39331e+09
136, 7.39331e+09
137, 7.39331e+09
138, 7.39331e+09
139, 6.88922e+09
140, 6.88922e+09
141, 6.88922e+09
142, 6.88922e+09
143, 6.88922e+09
144, 6.88922e+09
145, 6.88922e+09
146, 6.88922e+09
147, 6.88922e+09
148, 6.88922e+09
149, 6.3147e+09
150, 6.3147e+09
151, 6.3147e+09
152, 6.3147e+09
153, 5.90726e+09
154, 5.90726e+09
155, 5.90726e+09
156, 5.90726e+09
157, 5.90726e+09
158, 5.90726e+09
159, 5.61029e+09
160, 5.19158e+09
161, 4.71975e+09
162, 4.71975e+09
163, 4.71975e+09
164, 4.71975e+09
165, 4.71975e+09
166, 4.71975e+09
167, 4.71975e+09
168, 4.71975e+09
169, 4.71975e+09
170, 4.71975e+09
171, 4.71975e+09
172, 4.71975e+09
173, 4.71975e+09
174, 4.71975e+09
175, 4.71975e+09
176, 4.62748e+09
177, 4.55149e+09
178, 4.55149e+09
179, 4.55149e+09
180, 4.55149e+09
181, 4.55149e+09
182, 4.55149e+09
183, 4.55149e+09
184, 4.55149e+09
185, 4.55149e+09
186, 4.55149e+09
187, 4.55149e+09
188, 4.55149e+09
189, 4.55149e+09
190, 4.3117e+09
191, 3.94028e+09
192, 3.91428e+09
193, 3.91428e+09
194, 3.91428e+09
195, 3.91428e+09
196, 3.91428e+09
197, 3.91428e+09
198, 3.91428e+09
199, 3.91428e+09
200, 3.91428e+09
201, 3.91428e+09
202, 3.91428e+09
203, 3.91428e+09
204, 3.79374e+09
205, 3.79374e+09
206, 3.79374e+09
207, 3.79374e+09
208, 3.79374e+09
209, 3.79374e+09
210, 3.69942e+09
211, 3.69942e+09
212, 3.64133e+09
213, 3.25838e+09
214, 3.20737e+09
215, 3.20737e+09
216, 3.20737e+09
217, 3.20737e+09
218, 3.20737e+09
219, 3.20737e+09
220, 3.20737e+09
221, 3.15677e+09
222, 3.15677e+09
223, 3.15677e+09
224, 3.15677e+09
225, 3.15677e+09
226, 3.15677e+09
227, 3.15677e+09
228, 3.15677e+09
229, 3.04203e+09
230, 3.04203e+09
231, 3.01759e+09
232, 3.01759e+09
233, 3.01759e+09
234, 2.71399e+09
235, 2.71399e+09
236, 2.71399e+09
237, 2.71399e+09
238, 2.71399e+09
239, 2.71399e+09
240, 2.71399e+09
241, 2.71399e+09
242, 2.71399e+09
243, 2.71399e+09
244, 2.70013e+09
245, 2.67379e+09
246, 2.34655e+09
247, 2.34655e+09
248, 2.34655e+09
249, 2.34655e+09
250, 2.34655e+09
251, 2.34655e+09
252, 2.34655e+09
253, 2.34655e+09
254, 2.34655e+09
255, 2.34655e+09
256, 2.34655e+09
257, 2.34655e+09
258, 2.34655e+09
259, 2.34655e+09
260, 2.34655e+09
261, 2.34655e+09
262, 2.34655e+09
263, 2.34655e+09
264, 2.34655e+09
265, 2.29116e+09
266, 2.24146e+09
267, 2.24146e+09
268, 2.24146e+09
269, 2.24146e+09
270, 2.24146e+09
271, 2.21499e+09
272, 2.2088e+09
273, 2.18505e+09
274, 2.06141e+09
275, 2.06141e+09
276, 2.05591e+09
277, 2.05591e+09
278, 2.05591e+09
279, 2.05591e+09
280, 2.03965e+09
281, 1.99419e+09
282, 1.99419e+09
283, 1.99419e+09
284, 1.99419e+09
285, 1.99419e+09
286, 1.99419e+09
287, 1.95813e+09
288, 1.9578e+09
289, 1.9578e+09
290, 1.9578e+09
291, 1.9578e+09
292, 1.9578e+09
293, 1.89261e+09
294, 1.73e+09
295, 1.73e+09
296, 1.73e+09
297, 1.73e+09
298, 1.73e+09
299, 1.73e+09
300, 1.73e+09
301, 1.73e+09
302, 1.73e+09
303, 1.73e+09
304, 1.73e+09
305, 1.73e+09
306, 1.73e+09
307, 1.69874e+09
308, 1.66706e+09
309, 1.66706e+09
310, 1.66706e+09
311, 1.65643e+09
312, 1.65643e+09
313, 1.65643e+09
314, 1.65643e+09
315, 1.65643e+09
316, 1.65643e+09
317, 1.65643e+09
318, 1.62844e+09
319, 1.53282e+09
320, 1.53282e+09
321, 1.53282e+09
322, 1.53282e+09
323, 1.53282e+09
324, 1.53282e+09
325, 1.53282e+09
326, 1.53282e+09
327, 1.52576e+09
328, 1.52576e+09
329, 1.48654e+09
330, 1.48654e+09
331, 1.48654e+09
332, 1.48654e+09
333, 1.48654e+09
334, 1.48654e+09
335, 1.44054e+09
336, 1.44054e+09
337, 1.44054e+09
338, 1.44054e+09
339, 1.44054e+09
340, 1.44015e+09
341, 1.44015e+09
342, 1.44015e+09
343, 1.44015e+09
344, 1.44015e+09
345, 1.44015e+09
346, 1.44015e+09
347, 1.44015e+09
348, 1.40302e+09
349, 1.40302e+09
350, 1.40302e+09
351, 1.40302e+09
352, 1.40302e+09
353, 1.40302e+09
354, 1.40302e+09
355, 1.36874e+09
356, 1.36874e+09
357, 1.36874e+09
358, 1.36874e+09
359, 1.36874e+09
360, 1.36874e+09
361, 1.29579e+09
362, 1.29579e+09
363, 1.29579e+09
364, 1.29579e+09
365, 1.29579e+09
366, 1.28027e+09
367, 1.28027e+09
368, 1.28027e+09
369, 1.28027e+09
370, 1.28027e+09
371, 1.28027e+09
372, 1.28027e+09
373, 1.28027e+09
374, 1.28027e+09
375, 1.28027e+09
376, 1.26889e+09
377, 1.26889e+09
378, 1.26889e+09
379, 1.26889e+09
380, 1.26889e+09
381, 1.24478e+09
382, 1.21341e+09
383, 1.19961e+09
384, 1.19961e+09
385, 1.19961e+09
386, 1.19961e+09
387, 1.19961e+09
388, 1.19961e+09
389, 1.19961e+09
390, 1.19961e+09
391, 1.19961e+09
392, 1.19961e+09
393, 1.19172e+09
394, 1.19172e+09
395, 1.13889e+09
396, 1.13889e+09
397, 1.13889e+09
398, 1.13889e+09
399, 1.13889e+09
400, 1.13889e+09
401, 1.13889e+09
402, 1.13889e+09
403, 1.13889e+09
404, 1.13889e+09
405, 1.13889e+09
406, 1.13889e+09
407, 1.13213e+09
408, 1.13213e+09
409, 1.13213e+09
410, 1.13213e+09
411, 1.13213e+09
412, 1.08723e+09
413, 1.08723e+09
414, 1.08723e+09
415, 1.08723e+09
416, 1.07206e+09
417, 1.04605e+09
418, 1.04605e+09
419, 1.04605e+09
420, 1.04605e+09
421, 1.04605e+09
422, 1.04605e+09
423, 1.04605e+09
424, 1.04605e+09
425, 1.04605e+09
426, 1.04605e+09
427, 1.04605e+09
428, 1.04605e+09
429, 1.04605e+09
430, 1.04605e+09
431, 1.04605e+09
432, 1.04605e+09
433, 1.04605e+09
434, 1.04605e+09
435, 1.03053e+09
436, 1.03053e+09
437, 1.03053e+09
438, 1.02842e+09
439, 1.00738e+09
440, 1.00738e+09
441, 1.00738e+09
442, 1.00738e+09
443, 1.00738e+09
444, 1.00738e+09
445, 1.00738e+09
446, 1.00503e+09
447, 1.00503e+09
448, 9.88634e+08
449, 9.6655e+08
450, 9.6655e+08
451, 9.6655e+08
452, 9.6655e+08
453, 9.6655e+08
454, 9.6655e+08
455, 9.6655e+08
456, 9.6655e+08
457, 9.6655e+08
458, 9.6655e+08
459, 9.61263e+08
460, 9.48116e+08
461, 9.37828e+08
462, 9.27233e+08
463, 9.20208e+08
464, 9.03716e+08
465, 9.03716e+08
466, 9.03716e+08
467, 9.03716e+08
468, 9.03716e+08
469, 9.03716e+08
470, 9.03716e+08
471, 9.03199e+08
472, 9.02394e+08
473, 9.02394e+08
474, 9.02394e+08
475, 9.02394e+08
476, 8.95741e+08
477, 8.95741e+08
478, 8.95741e+08
479, 8.95741e+08
480, 8.95741e+08
481, 8.95741e+08
482, 8.95741e+08
483, 8.95741e+08
484, 8.95741e+08
485, 8.95741e+08
486, 8.69062e+08
487, 8.69062e+08
488, 8.69062e+08
489, 8.69062e+08
490, 8.69062e+08
491, 8.69062e+08
492, 8.67287e+08
493, 8.60396e+08
494, 8.60396e+08
495, 8.60396e+08
496, 8.60396e+08
497, 8.60396e+08
