Iteration, BestFitness
0, 6.93729e+14
1, 2.77759e+13
2, 2.77759e+13
3, 2.77759e+13
4, 2.77759e+13
5, 2.77759e+13
6, 9.26443e+12
7, 9.26443e+12
8, 5.2183e+12
9, 4.10083e+12
10, 4.10083e+12
11, 3.58131e+12
12, 3.58131e+12
13, 3.21503e+12
14, 2.28219e+12
15, 1.62379e+12
16, 1.62379e+12
17, 1.62379e+12
18, 1.62379e+12
19, 1.4315e+12
20, 1.40766e+12
21, 1.40766e+12
22, 1.40766e+12
23, 1.40766e+12
24, 1.3066e+12
25, 1.3066e+12
26, 1.3066e+12
27, 1.04858e+12
28, 9.55258e+11
29, 9.55258e+11
30, 9.55258e+11
31, 9.55258e+11
32, 8.9052e+11
33, 6.38204e+11
34, 6.14209e+11
35, 6.04656e+11
36, 6.04656e+11
37, 6.04656e+11
38, 6.04656e+11
39, 5.64752e+11
40, 5.64752e+11
41, 5.64752e+11
42, 5.43714e+11
43, 4.63035e+11
44, 4.63035e+11
45, 4.34124e+11
46, 4.34124e+11
47, 4.34124e+11
48, 3.61059e+11
49, 3.61059e+11
50, 3.61059e+11
51, 3.39191e+11
52, 3.08955e+11
53, 2.93636e+11
54, 2.33166e+11
55, 2.33166e+11
56, 2.33166e+11
57, 2.33166e+11
58, 2.33166e+11
59, 2.33166e+11
60, 2.33166e+11
61, 2.33166e+11
62, 1.95416e+11
63, 1.72541e+11
64, 1.71422e+11
65, 1.71422e+11
66, 1.71422e+11
67, 1.71422e+11
68, 1.71422e+11
69, 1.45941e+11
70, 1.31523e+11
71, 1.31023e+11
72, 1.31023e+11
73, 1.31023e+11
74, 1.31023e+11
75, 1.292e+11
76, 1.26349e+11
77, 1.12353e+11
78, 1.12353e+11
79, 1.12353e+11
80, 1.12353e+11
81, 1.12353e+11
82, 1.12353e+11
83, 1.12353e+11
84, 1.03813e+11
85, 1.03813e+11
86, 1.03813e+11
87, 1.03813e+11
88, 1.0184e+11
89, 9.9369e+10
90, 9.9369e+10
91, 9.28394e+10
92, 9.26315e+10
93, 9.26315e+10
94, 8.35484e+10
95, 8.35484e+10
96, 8.35484e+10
97, 8.35484e+10
98, 7.69221e+10
99, 7.69221e+10
100, 7.69221e+10
101, 7.48089e+10
102, 7.48089e+10
103, 7.08807e+10
104, 7.01382e+10
105, 7.01382e+10
106, 6.89533e+10
107, 6.74469e+10
108, 6.39401e+10
109, 6.11043e+10
110, 6.05774e+10
111, 6.05774e+10
112, 5.97032e+10
113, 5.97032e+10
114, 5.89545e+10
115, 5.8362e+10
116, 5.8362e+10
117, 5.82239e+10
118, 5.68118e+10
119, 5.68118e+10
120, 5.68118e+10
121, 5.68118e+10
122, 5.68118e+10
123, 5.68118e+10
124, 5.44309e+10
125, 5.44309e+10
126, 5.44309e+10
127, 5.16073e+10
128, 5.16073e+10
129, 5.05195e+10
130, 5.05195e+10
131, 5.05195e+10
132, 5.05195e+10
133, 4.90308e+10
134, 4.90308e+10
135, 4.90308e+10
136, 4.90308e+10
137, 4.90308e+10
138, 4.90308e+10
139, 4.5895e+10
140, 4.5895e+10
141, 4.5895e+10
142, 4.5895e+10
143, 4.56569e+10
144, 4.56569e+10
145, 4.55326e+10
146, 4.39963e+10
147, 4.27442e+10
148, 4.27442e+10
149, 4.27442e+10
150, 4.27442e+10
151, 4.27442e+10
152, 4.25609e+10
153, 4.25609e+10
154, 4.22827e+10
155, 4.22827e+10
156, 4.22827e+10
157, 4.21828e+10
158, 4.17537e+10
159, 4.17537e+10
160, 4.14857e+10
161, 4.14857e+10
162, 4.14857e+10
163, 3.98381e+10
164, 3.98333e+10
165, 3.89951e+10
166, 3.89951e+10
167, 3.89951e+10
168, 3.89951e+10
169, 3.8551e+10
170, 3.8551e+10
171, 3.8551e+10
172, 3.8551e+10
173, 3.8551e+10
174, 3.83577e+10
175, 3.83577e+10
176, 3.83577e+10
177, 3.79593e+10
178, 3.69341e+10
179, 3.69341e+10
180, 3.68735e+10
181, 3.68735e+10
182, 3.68735e+10
183, 3.68735e+10
184, 3.68735e+10
185, 3.68735e+10
186, 3.68673e+10
187, 3.68028e+10
188, 3.68028e+10
189, 3.56153e+10
190, 3.56153e+10
191, 3.56153e+10
192, 3.56153e+10
193, 3.56153e+10
194, 3.56153e+10
195, 3.56153e+10
196, 3.56153e+10
197, 3.56153e+10
198, 3.56153e+10
199, 3.53653e+10
200, 3.53653e+10
201, 3.53653e+10
202, 3.53653e+10
203, 3.50876e+10
204, 3.50876e+10
205, 3.49e+10
206, 3.48863e+10
207, 3.48863e+10
208, 3.43059e+10
209, 3.42024e+10
210, 3.39837e+10
211, 3.36645e+10
212, 3.35889e+10
213, 3.35889e+10
214, 3.35889e+10
215, 3.35202e+10
216, 3.35202e+10
217, 3.31868e+10
218, 3.28131e+10
219, 3.28131e+10
220, 3.28131e+10
221, 3.2718e+10
222, 3.2718e+10
223, 3.2718e+10
224, 3.26167e+10
225, 3.25298e+10
226, 3.24905e+10
227, 3.23781e+10
228, 3.23781e+10
229, 3.23781e+10
230, 3.23781e+10
231, 3.23781e+10
232, 3.23781e+10
233, 3.23781e+10
234, 3.23298e+10
235, 3.20589e+10
236, 3.17285e+10
237, 3.17285e+10
238, 3.17285e+10
239, 3.17175e+10
240, 3.15806e+10
241, 3.15806e+10
242, 3.15806e+10
243, 3.15806e+10
244, 3.15806e+10
245, 3.15806e+10
246, 3.15806e+10
247, 3.15806e+10
248, 3.15806e+10
249, 3.15806e+10
250, 3.14599e+10
251, 3.1389e+10
252, 3.1389e+10
253, 3.1389e+10
254, 3.13462e+10
255, 3.1132e+10
256, 3.1132e+10
257, 3.1132e+10
258, 3.1132e+10
259, 3.1132e+10
260, 3.10953e+10
261, 3.10953e+10
262, 3.10953e+10
263, 3.09528e+10
264, 3.08195e+10
265, 3.08195e+10
266, 3.08195e+10
267, 3.08195e+10
268, 3.08195e+10
269, 3.07526e+10
270, 3.07524e+10
271, 3.06937e+10
272, 3.06937e+10
273, 3.06937e+10
274, 3.06095e+10
275, 3.05786e+10
276, 3.05786e+10
277, 3.05335e+10
278, 3.04847e+10
279, 3.04124e+10
280, 3.03962e+10
281, 3.03962e+10
282, 3.03932e+10
283, 3.03899e+10
284, 3.03899e+10
285, 3.03899e+10
286, 3.03723e+10
287, 3.02797e+10
288, 3.02797e+10
289, 3.02797e+10
290, 3.02797e+10
291, 3.02797e+10
292, 3.02797e+10
293, 3.02797e+10
294, 3.02797e+10
295, 3.0188e+10
296, 3.0188e+10
297, 3.01706e+10
298, 3.00924e+10
299, 3.00924e+10
300, 3.00924e+10
301, 3.00924e+10
302, 3.00772e+10
303, 2.9972e+10
304, 2.9972e+10
305, 2.9972e+10
306, 2.9972e+10
307, 2.9972e+10
308, 2.9972e+10
309, 2.9972e+10
310, 2.9972e+10
311, 2.9972e+10
312, 2.9972e+10
313, 2.99036e+10
314, 2.9824e+10
315, 2.9824e+10
316, 2.9824e+10
317, 2.9824e+10
318, 2.9824e+10
319, 2.9824e+10
320, 2.9824e+10
321, 2.9824e+10
322, 2.9824e+10
323, 2.9824e+10
324, 2.9824e+10
325, 2.98223e+10
326, 2.98223e+10
327, 2.98023e+10
328, 2.98023e+10
329, 2.98023e+10
330, 2.98023e+10
331, 2.98023e+10
332, 2.97452e+10
333, 2.97447e+10
334, 2.9732e+10
335, 2.9732e+10
336, 2.9732e+10
337, 2.96525e+10
338, 2.96525e+10
339, 2.96525e+10
340, 2.96223e+10
341, 2.96223e+10
342, 2.96223e+10
343, 2.96223e+10
344, 2.962e+10
345, 2.962e+10
346, 2.96101e+10
347, 2.95906e+10
348, 2.95906e+10
349, 2.95906e+10
350, 2.95906e+10
351, 2.95906e+10
352, 2.95906e+10
353, 2.95906e+10
354, 2.95906e+10
355, 2.95836e+10
356, 2.95299e+10
357, 2.95299e+10
358, 2.95299e+10
359, 2.95097e+10
360, 2.95087e+10
361, 2.95087e+10
362, 2.95087e+10
363, 2.95087e+10
364, 2.95087e+10
365, 2.95087e+10
366, 2.95087e+10
367, 2.95011e+10
368, 2.94844e+10
369, 2.9484e+10
370, 2.9484e+10
371, 2.9484e+10
372, 2.9484e+10
373, 2.9484e+10
374, 2.9484e+10
375, 2.94673e+10
376, 2.94673e+10
377, 2.94673e+10
378, 2.94673e+10
379, 2.94673e+10
380, 2.94645e+10
381, 2.94496e+10
382, 2.94403e+10
383, 2.94403e+10
384, 2.94231e+10
385, 2.94231e+10
386, 2.94183e+10
387, 2.94183e+10
388, 2.94183e+10
389, 2.93992e+10
390, 2.93992e+10
391, 2.93984e+10
392, 2.93863e+10
393, 2.93863e+10
394, 2.93863e+10
395, 2.93614e+10
396, 2.93614e+10
397, 2.93614e+10
398, 2.93614e+10
399, 2.93614e+10
400, 2.93614e+10
401, 2.93525e+10
402, 2.93509e+10
403, 2.93434e+10
404, 2.93434e+10
405, 2.93434e+10
406, 2.93434e+10
407, 2.93434e+10
408, 2.93386e+10
409, 2.93386e+10
410, 2.93386e+10
411, 2.93386e+10
412, 2.93386e+10
413, 2.93386e+10
414, 2.93364e+10
415, 2.93351e+10
416, 2.93259e+10
417, 2.93259e+10
418, 2.93259e+10
419, 2.93259e+10
420, 2.93259e+10
421, 2.93259e+10
422, 2.93259e+10
423, 2.93045e+10
424, 2.93045e+10
425, 2.93045e+10
426, 2.93045e+10
427, 2.93001e+10
428, 2.92981e+10
429, 2.92981e+10
430, 2.92907e+10
431, 2.92907e+10
432, 2.92907e+10
433, 2.92907e+10
434, 2.92907e+10
435, 2.92907e+10
436, 2.92907e+10
437, 2.92907e+10
438, 2.92907e+10
439, 2.92907e+10
440, 2.92907e+10
441, 2.92907e+10
442, 2.92782e+10
443, 2.92734e+10
444, 2.92734e+10
445, 2.92734e+10
446, 2.92734e+10
447, 2.92711e+10
448, 2.92711e+10
449, 2.92711e+10
450, 2.92711e+10
451, 2.92711e+10
452, 2.92711e+10
453, 2.92632e+10
454, 2.92587e+10
455, 2.92587e+10
456, 2.92587e+10
457, 2.92511e+10
458, 2.92511e+10
459, 2.92511e+10
460, 2.92511e+10
461, 2.92511e+10
462, 2.92458e+10
463, 2.92458e+10
464, 2.92458e+10
465, 2.92458e+10
466, 2.92458e+10
467, 2.92458e+10
468, 2.92382e+10
469, 2.92382e+10
470, 2.92382e+10
471, 2.92221e+10
472, 2.92221e+10
473, 2.92221e+10
474, 2.92221e+10
475, 2.92221e+10
476, 2.92221e+10
477, 2.92221e+10
478, 2.92221e+10
479, 2.92221e+10
480, 2.92221e+10
481, 2.92221e+10
482, 2.92221e+10
483, 2.92221e+10
484, 2.92221e+10
485, 2.92221e+10
486, 2.92221e+10
487, 2.92221e+10
488, 2.92221e+10
489, 2.92221e+10
490, 2.92221e+10
491, 2.92221e+10
492, 2.92197e+10
493, 2.92197e+10
494, 2.92197e+10
495, 2.92197e+10
496, 2.92197e+10
497, 2.92197e+10
