Iteration, BestFitness
0, 3.2121e+11
1, 2.57314e+11
2, 2.40387e+11
3, 2.164e+11
4, 2.164e+11
5, 1.96315e+11
6, 1.7545e+11
7, 1.69383e+11
8, 1.59031e+11
9, 1.52324e+11
10, 1.52324e+11
11, 1.21332e+11
12, 1.06181e+11
13, 1.06181e+11
14, 9.99171e+10
15, 9.92786e+10
16, 9.39602e+10
17, 9.39602e+10
18, 9.39602e+10
19, 9.39602e+10
20, 9.39602e+10
21, 9.39602e+10
22, 8.73414e+10
23, 7.71426e+10
24, 6.82914e+10
25, 6.59866e+10
26, 6.59866e+10
27, 6.59866e+10
28, 6.59866e+10
29, 6.59866e+10
30, 6.27884e+10
31, 6.15952e+10
32, 6.15952e+10
33, 6.1543e+10
34, 5.99826e+10
35, 5.99826e+10
36, 5.37318e+10
37, 5.37318e+10
38, 5.37318e+10
39, 5.37318e+10
40, 4.91333e+10
41, 4.90932e+10
42, 4.90932e+10
43, 4.90932e+10
44, 4.90932e+10
45, 4.45038e+10
46, 4.45038e+10
47, 4.18379e+10
48, 4.18379e+10
49, 4.18379e+10
50, 4.18379e+10
51, 4.18379e+10
52, 4.18379e+10
53, 4.18379e+10
54, 4.18379e+10
55, 4.18379e+10
56, 4.18379e+10
57, 4.18379e+10
58, 4.18379e+10
59, 4.18379e+10
60, 4.18379e+10
61, 4.18379e+10
62, 4.05115e+10
63, 3.77998e+10
64, 3.77998e+10
65, 3.77998e+10
66, 3.66167e+10
67, 3.66167e+10
68, 3.66167e+10
69, 3.61212e+10
70, 3.61212e+10
71, 3.61212e+10
72, 3.61212e+10
73, 3.61212e+10
74, 3.61212e+10
75, 3.61212e+10
76, 3.55573e+10
77, 3.4629e+10
78, 3.4629e+10
79, 3.4629e+10
80, 3.4629e+10
81, 3.29345e+10
82, 3.29345e+10
83, 3.05482e+10
84, 3.05482e+10
85, 3.05482e+10
86, 3.05482e+10
87, 3.05482e+10
88, 3.05482e+10
89, 3.05482e+10
90, 2.88902e+10
91, 2.88902e+10
92, 2.88902e+10
93, 2.88902e+10
94, 2.71393e+10
95, 2.71393e+10
96, 2.71393e+10
97, 2.71393e+10
98, 2.64104e+10
99, 2.64104e+10
100, 2.64104e+10
101, 2.64104e+10
102, 2.64104e+10
103, 2.37963e+10
104, 2.37963e+10
105, 2.35881e+10
106, 2.35881e+10
107, 2.35881e+10
108, 2.35881e+10
109, 2.35881e+10
110, 2.35881e+10
111, 2.35881e+10
112, 2.35881e+10
113, 2.35881e+10
114, 2.35881e+10
115, 2.35881e+10
116, 2.1927e+10
117, 2.0407e+10
118, 2.0407e+10
119, 2.0407e+10
120, 2.0407e+10
121, 2.0407e+10
122, 2.0407e+10
123, 2.0407e+10
124, 2.0407e+10
125, 2.0407e+10
126, 2.0407e+10
127, 2.0407e+10
128, 2.0407e+10
129, 2.0407e+10
130, 2.01702e+10
131, 2.01702e+10
132, 2.00612e+10
133, 2.00612e+10
134, 1.95985e+10
135, 1.93213e+10
136, 1.93213e+10
137, 1.93213e+10
138, 1.74135e+10
139, 1.74135e+10
140, 1.74135e+10
141, 1.74135e+10
142, 1.74135e+10
143, 1.73919e+10
144, 1.73919e+10
145, 1.73919e+10
146, 1.73919e+10
147, 1.73919e+10
148, 1.73919e+10
149, 1.73919e+10
150, 1.73261e+10
151, 1.73261e+10
152, 1.73261e+10
153, 1.6567e+10
154, 1.64634e+10
155, 1.64634e+10
156, 1.64634e+10
157, 1.64634e+10
158, 1.64634e+10
159, 1.64634e+10
160, 1.64634e+10
161, 1.64062e+10
162, 1.64062e+10
163, 1.47185e+10
164, 1.47185e+10
165, 1.47185e+10
166, 1.47185e+10
167, 1.47185e+10
168, 1.45534e+10
169, 1.39515e+10
170, 1.23502e+10
171, 1.23502e+10
172, 1.23502e+10
173, 1.23502e+10
174, 1.23502e+10
175, 1.23502e+10
176, 1.23502e+10
177, 1.23502e+10
178, 1.23502e+10
179, 1.23502e+10
180, 1.23502e+10
181, 1.21043e+10
182, 1.21043e+10
183, 1.21043e+10
184, 1.21043e+10
185, 1.21043e+10
186, 1.21043e+10
187, 1.20638e+10
188, 1.20638e+10
189, 1.20638e+10
190, 1.16362e+10
191, 1.16362e+10
192, 1.16362e+10
193, 1.16362e+10
194, 1.16362e+10
195, 1.16362e+10
196, 1.16362e+10
197, 1.14371e+10
198, 1.14371e+10
199, 1.14371e+10
200, 1.14371e+10
201, 1.08653e+10
202, 1.08653e+10
203, 1.08653e+10
204, 1.08653e+10
205, 1.03876e+10
206, 1.03227e+10
207, 1.03227e+10
208, 1.02422e+10
209, 1.02422e+10
210, 1.02422e+10
211, 1.02422e+10
212, 1.02422e+10
213, 1.02422e+10
214, 1.02422e+10
215, 1.02422e+10
216, 1.02422e+10
217, 1.02422e+10
218, 9.82817e+09
219, 9.47543e+09
220, 9.47543e+09
221, 8.84207e+09
222, 8.78004e+09
223, 8.78004e+09
224, 8.78004e+09
225, 8.78004e+09
226, 8.78004e+09
227, 8.78004e+09
228, 8.78004e+09
229, 8.76274e+09
230, 8.76274e+09
231, 8.55369e+09
232, 8.53898e+09
233, 8.53579e+09
234, 8.35696e+09
235, 8.2006e+09
236, 8.2006e+09
237, 8.2006e+09
238, 8.2006e+09
239, 8.2006e+09
240, 8.2006e+09
241, 8.2006e+09
242, 8.2006e+09
243, 8.2006e+09
244, 8.2006e+09
245, 8.2006e+09
246, 7.9262e+09
247, 7.39838e+09
248, 7.3027e+09
249, 7.3027e+09
250, 7.3027e+09
251, 7.3027e+09
252, 7.3027e+09
253, 7.3027e+09
254, 7.3027e+09
255, 7.3027e+09
256, 7.3027e+09
257, 7.3027e+09
258, 7.3027e+09
259, 7.3027e+09
260, 7.3027e+09
261, 7.3027e+09
262, 7.3027e+09
263, 7.3027e+09
264, 7.07816e+09
265, 7.07816e+09
266, 7.07816e+09
267, 7.07816e+09
268, 7.07816e+09
269, 7.07816e+09
270, 7.07816e+09
271, 7.07816e+09
272, 7.03672e+09
273, 7.03672e+09
274, 7.03672e+09
275, 7.03672e+09
276, 7.03672e+09
277, 6.5004e+09
278, 6.5004e+09
279, 6.5004e+09
280, 6.5004e+09
281, 6.49186e+09
282, 6.49186e+09
283, 6.49186e+09
284, 6.49186e+09
285, 6.49186e+09
286, 6.38547e+09
287, 6.38547e+09
288, 6.27947e+09
289, 6.27947e+09
290, 6.27947e+09
291, 6.27947e+09
292, 6.27947e+09
293, 6.27947e+09
294, 6.27947e+09
295, 6.27947e+09
296, 6.27947e+09
297, 6.27947e+09
298, 6.27947e+09
299, 6.27947e+09
300, 6.27947e+09
301, 6.25021e+09
302, 6.138e+09
303, 6.138e+09
304, 6.138e+09
305, 6.138e+09
306, 6.138e+09
307, 6.138e+09
308, 6.138e+09
309, 6.138e+09
310, 6.08508e+09
311, 6.08508e+09
312, 6.08508e+09
313, 6.08508e+09
314, 5.68136e+09
315, 5.68136e+09
316, 5.68136e+09
317, 5.68136e+09
318, 5.68136e+09
319, 5.68136e+09
320, 5.68136e+09
321, 5.68062e+09
322, 5.54732e+09
323, 5.54732e+09
324, 5.54732e+09
325, 5.45824e+09
326, 5.29692e+09
327, 5.20556e+09
328, 5.20556e+09
329, 5.20556e+09
330, 5.20556e+09
331, 5.13383e+09
332, 5.13383e+09
333, 5.06483e+09
334, 4.98331e+09
335, 4.98331e+09
336, 4.98331e+09
337, 4.98331e+09
338, 4.92163e+09
339, 4.92163e+09
340, 4.92163e+09
341, 4.92163e+09
342, 4.92163e+09
343, 4.92163e+09
344, 4.92163e+09
345, 4.92163e+09
346, 4.92163e+09
347, 4.92163e+09
348, 4.75886e+09
349, 4.71024e+09
350, 4.53327e+09
351, 4.53327e+09
352, 4.53327e+09
353, 4.53327e+09
354, 4.53327e+09
355, 4.52556e+09
356, 4.52556e+09
357, 4.52556e+09
358, 4.37216e+09
359, 4.28102e+09
360, 4.09441e+09
361, 4.09441e+09
362, 4.05836e+09
363, 4.05836e+09
364, 4.05836e+09
365, 4.05836e+09
366, 4.05836e+09
367, 4.05836e+09
368, 4.05836e+09
369, 4.05836e+09
370, 4.05836e+09
371, 4.05836e+09
372, 4.05836e+09
373, 4.05836e+09
374, 4.05836e+09
375, 4.05836e+09
376, 4.05836e+09
377, 4.05836e+09
378, 4.05836e+09
379, 4.05836e+09
380, 4.05836e+09
381, 4.05836e+09
382, 4.05836e+09
383, 4.05836e+09
384, 4.05836e+09
385, 4.05836e+09
386, 3.9169e+09
387, 3.88092e+09
388, 3.88092e+09
389, 3.88092e+09
390, 3.88092e+09
391, 3.88092e+09
392, 3.88092e+09
393, 3.88092e+09
394, 3.88092e+09
395, 3.88092e+09
396, 3.88092e+09
397, 3.88092e+09
398, 3.84255e+09
399, 3.84255e+09
400, 3.79381e+09
401, 3.79381e+09
402, 3.75395e+09
403, 3.72223e+09
404, 3.72223e+09
405, 3.6876e+09
406, 3.6876e+09
407, 3.6876e+09
408, 3.6876e+09
409, 3.6876e+09
410, 3.6876e+09
411, 3.61035e+09
412, 3.61035e+09
413, 3.60952e+09
414, 3.56778e+09
415, 3.56778e+09
416, 3.56778e+09
417, 3.49506e+09
418, 3.49506e+09
419, 3.49506e+09
420, 3.49506e+09
421, 3.49506e+09
422, 3.49506e+09
423, 3.489e+09
424, 3.489e+09
425, 3.489e+09
426, 3.489e+09
427, 3.489e+09
428, 3.489e+09
429, 3.42196e+09
430, 3.36989e+09
431, 3.36989e+09
432, 3.33065e+09
433, 3.33065e+09
434, 3.33065e+09
435, 3.33065e+09
436, 3.33065e+09
437, 3.33065e+09
438, 3.33065e+09
439, 3.33065e+09
440, 3.33065e+09
441, 3.33065e+09
442, 3.33065e+09
443, 3.33065e+09
444, 3.33065e+09
445, 3.29518e+09
446, 3.2145e+09
447, 3.20029e+09
448, 3.20029e+09
449, 3.20029e+09
450, 3.20029e+09
451, 3.20029e+09
452, 3.20029e+09
453, 3.20029e+09
454, 3.04447e+09
455, 3.04447e+09
456, 3.04447e+09
457, 3.00599e+09
458, 3.00599e+09
459, 2.97571e+09
460, 2.9695e+09
461, 2.9695e+09
462, 2.9695e+09
463, 2.9695e+09
464, 2.9695e+09
465, 2.9695e+09
466, 2.9695e+09
467, 2.9695e+09
468, 2.9695e+09
469, 2.9695e+09
470, 2.9695e+09
471, 2.9695e+09
472, 2.9695e+09
473, 2.9695e+09
474, 2.96224e+09
475, 2.87881e+09
476, 2.87285e+09
477, 2.87285e+09
478, 2.87285e+09
479, 2.87285e+09
480, 2.87285e+09
481, 2.87285e+09
482, 2.87285e+09
483, 2.87285e+09
484, 2.87285e+09
485, 2.87285e+09
486, 2.87285e+09
487, 2.87285e+09
488, 2.87285e+09
489, 2.81988e+09
490, 2.81004e+09
491, 2.80486e+09
492, 2.80486e+09
493, 2.80486e+09
494, 2.80486e+09
495, 2.80486e+09
496, 2.80486e+09
497, 2.80486e+09
