Iteration, BestFitness
0, 9.2894e+15
1, 7.62292e+15
2, 7.62292e+15
3, 5.36165e+15
4, 1.96789e+15
5, 1.66848e+15
6, 8.24823e+14
7, 8.18923e+14
8, 8.18923e+14
9, 7.08519e+14
10, 7.08519e+14
11, 7.08519e+14
12, 4.78922e+14
13, 4.40679e+14
14, 4.40679e+14
15, 3.95735e+14
16, 3.95735e+14
17, 3.95735e+14
18, 3.95735e+14
19, 3.95735e+14
20, 3.95735e+14
21, 1.77611e+14
22, 1.77611e+14
23, 1.77611e+14
24, 1.77611e+14
25, 1.30138e+14
26, 1.29065e+14
27, 1.23724e+14
28, 1.05563e+14
29, 1.02013e+14
30, 8.75147e+13
31, 8.75147e+13
32, 7.70357e+13
33, 4.12646e+13
34, 4.11942e+13
35, 4.11942e+13
36, 4.0832e+13
37, 3.29144e+13
38, 3.29144e+13
39, 3.29144e+13
40, 3.29144e+13
41, 3.29144e+13
42, 2.43107e+13
43, 2.41412e+13
44, 2.41412e+13
45, 2.41412e+13
46, 2.41412e+13
47, 2.41412e+13
48, 2.41412e+13
49, 2.41412e+13
50, 2.41412e+13
51, 2.23121e+13
52, 2.23121e+13
53, 2.17877e+13
54, 2.17877e+13
55, 2.17877e+13
56, 2.17877e+13
57, 2.17877e+13
58, 2.17877e+13
59, 2.17877e+13
60, 2.17877e+13
61, 2.17877e+13
62, 2.17877e+13
63, 2.17877e+13
64, 2.17877e+13
65, 2.17877e+13
66, 7.5174e+12
67, 6.99957e+12
68, 6.99957e+12
69, 6.99957e+12
70, 6.99957e+12
71, 6.99957e+12
72, 6.99957e+12
73, 6.99957e+12
74, 6.99957e+12
75, 3.65854e+12
76, 2.4121e+12
77, 2.4121e+12
78, 2.4121e+12
79, 2.4121e+12
80, 2.4121e+12
81, 2.4121e+12
82, 2.4121e+12
83, 2.4121e+12
84, 2.4121e+12
85, 2.4121e+12
86, 2.4121e+12
87, 2.4121e+12
88, 2.40429e+12
89, 2.40429e+12
90, 2.40429e+12
91, 2.40429e+12
92, 2.40429e+12
93, 2.40429e+12
94, 2.40429e+12
95, 2.40429e+12
96, 2.40429e+12
97, 2.40429e+12
98, 2.40429e+12
99, 2.40429e+12
100, 2.40429e+12
101, 2.40429e+12
102, 2.40429e+12
103, 2.40429e+12
104, 2.40429e+12
105, 1.89313e+12
106, 1.89313e+12
107, 1.89313e+12
108, 1.89313e+12
109, 1.89313e+12
110, 1.89313e+12
111, 1.65646e+12
112, 1.65646e+12
113, 1.65646e+12
114, 1.65646e+12
115, 1.65646e+12
116, 1.65646e+12
117, 1.53891e+12
118, 1.53891e+12
119, 1.53891e+12
120, 1.53891e+12
121, 1.53891e+12
122, 1.53891e+12
123, 1.53891e+12
124, 1.53891e+12
125, 1.53891e+12
126, 1.53891e+12
127, 9.12271e+11
128, 8.9827e+11
129, 8.9827e+11
130, 8.73689e+11
131, 7.43385e+11
132, 6.02577e+11
133, 6.02577e+11
134, 4.74746e+11
135, 4.74746e+11
136, 4.74746e+11
137, 4.63547e+11
138, 4.5935e+11
139, 4.45591e+11
140, 4.45591e+11
141, 4.45591e+11
142, 4.45591e+11
143, 4.45591e+11
144, 4.45591e+11
145, 4.45591e+11
146, 4.45591e+11
147, 4.45591e+11
148, 4.45591e+11
149, 4.45591e+11
150, 4.45591e+11
151, 4.45591e+11
152, 4.45591e+11
153, 4.45591e+11
154, 4.45591e+11
155, 4.45591e+11
156, 4.45591e+11
157, 4.45591e+11
158, 4.45591e+11
159, 4.45591e+11
160, 4.45591e+11
161, 4.36575e+11
162, 3.84772e+11
163, 3.84772e+11
164, 3.84772e+11
165, 3.84772e+11
166, 3.84772e+11
167, 3.84772e+11
168, 3.84772e+11
169, 3.84772e+11
170, 3.84772e+11
171, 3.64167e+11
172, 3.64167e+11
173, 3.64167e+11
174, 3.64167e+11
175, 3.64167e+11
176, 3.64167e+11
177, 3.64167e+11
178, 3.64167e+11
179, 3.64167e+11
180, 3.64167e+11
181, 3.64167e+11
182, 3.64167e+11
183, 3.64167e+11
184, 3.64167e+11
185, 3.64167e+11
186, 1.72139e+11
187, 1.72139e+11
188, 1.71146e+11
189, 1.31534e+11
190, 1.31534e+11
191, 1.31534e+11
192, 1.31534e+11
193, 1.31534e+11
194, 1.31534e+11
195, 1.31534e+11
196, 1.31534e+11
197, 1.31534e+11
198, 1.18412e+11
199, 1.17325e+11
200, 1.17325e+11
201, 1.17325e+11
202, 1.17325e+11
203, 1.17325e+11
204, 1.17325e+11
205, 1.17325e+11
206, 1.17325e+11
207, 1.17325e+11
208, 1.17325e+11
209, 1.17325e+11
210, 1.17325e+11
211, 1.17325e+11
212, 1.17325e+11
213, 1.17325e+11
214, 1.17325e+11
215, 1.17325e+11
216, 1.17325e+11
217, 1.17325e+11
218, 1.17325e+11
219, 1.17325e+11
220, 1.17325e+11
221, 1.17325e+11
222, 1.17325e+11
223, 1.17325e+11
224, 1.13868e+11
225, 1.10037e+11
226, 1.10037e+11
227, 1.10037e+11
228, 1.10037e+11
229, 1.10037e+11
230, 1.10037e+11
231, 1.10037e+11
232, 1.10037e+11
233, 1.10037e+11
234, 1.10037e+11
235, 9.61744e+10
236, 7.14754e+10
237, 7.14754e+10
238, 7.14754e+10
239, 7.14754e+10
240, 7.14754e+10
241, 7.14754e+10
242, 6.8563e+10
243, 5.76628e+10
244, 5.76628e+10
245, 5.47571e+10
246, 5.47571e+10
247, 5.47571e+10
248, 5.47571e+10
249, 5.47571e+10
250, 5.47571e+10
251, 5.47571e+10
252, 5.47571e+10
253, 5.47571e+10
254, 5.47571e+10
255, 5.47571e+10
256, 5.47571e+10
257, 5.47571e+10
258, 5.47571e+10
259, 5.47571e+10
260, 5.47571e+10
261, 5.47571e+10
262, 5.47571e+10
263, 5.47571e+10
264, 5.47571e+10
265, 5.47571e+10
266, 5.07885e+10
267, 5.07885e+10
268, 5.07885e+10
269, 5.07885e+10
270, 4.22516e+10
271, 4.22516e+10
272, 4.22516e+10
273, 4.22516e+10
274, 4.22516e+10
275, 4.22516e+10
276, 4.22516e+10
277, 4.22516e+10
278, 4.22516e+10
279, 3.52908e+10
280, 3.52908e+10
281, 3.52908e+10
282, 3.52908e+10
283, 3.52908e+10
284, 3.49024e+10
285, 3.49024e+10
286, 3.47884e+10
287, 3.38974e+10
288, 3.10444e+10
289, 3.10444e+10
290, 3.10444e+10
291, 3.10444e+10
292, 3.10444e+10
293, 3.10444e+10
294, 3.10444e+10
295, 3.10444e+10
296, 3.10444e+10
297, 3.10444e+10
298, 3.10444e+10
299, 3.10444e+10
300, 3.10444e+10
301, 3.10444e+10
302, 3.10444e+10
303, 3.10444e+10
304, 3.10444e+10
305, 3.10444e+10
306, 1.99824e+10
307, 1.96879e+10
308, 1.96879e+10
309, 1.96879e+10
310, 1.96879e+10
311, 1.96879e+10
312, 1.96879e+10
313, 1.96879e+10
314, 1.96879e+10
315, 1.96879e+10
316, 1.96879e+10
317, 1.96879e+10
318, 1.96879e+10
319, 1.96879e+10
320, 1.92389e+10
321, 1.92389e+10
322, 1.92389e+10
323, 1.92389e+10
324, 1.92389e+10
325, 1.92389e+10
326, 1.92389e+10
327, 1.92389e+10
328, 1.92389e+10
329, 1.92389e+10
330, 1.92389e+10
331, 1.92389e+10
