Iteration, BestFitness
0, 3.76823e+12
1, 2.9737e+12
2, 2.9737e+12
3, 2.35167e+12
4, 2.05884e+12
5, 1.84961e+12
6, 1.41165e+12
7, 1.32991e+12
8, 1.23425e+12
9, 1.23425e+12
10, 1.19882e+12
11, 1.05682e+12
12, 9.91877e+11
13, 8.41903e+11
14, 7.94739e+11
15, 7.14093e+11
16, 5.67496e+11
17, 5.67496e+11
18, 5.65677e+11
19, 5.65677e+11
20, 5.4992e+11
21, 5.34318e+11
22, 5.17841e+11
23, 3.78789e+11
24, 3.78789e+11
25, 3.58759e+11
26, 3.498e+11
27, 3.0505e+11
28, 3.0505e+11
29, 3.0505e+11
30, 2.76051e+11
31, 2.76051e+11
32, 2.54602e+11
33, 2.54602e+11
34, 2.49247e+11
35, 2.49247e+11
36, 2.49247e+11
37, 2.42864e+11
38, 2.37731e+11
39, 2.37731e+11
40, 2.37731e+11
41, 2.37731e+11
42, 2.32846e+11
43, 1.85791e+11
44, 1.60854e+11
45, 1.58851e+11
46, 1.58851e+11
47, 1.58851e+11
48, 1.58851e+11
49, 1.58851e+11
50, 1.58851e+11
51, 1.43503e+11
52, 1.35786e+11
53, 1.35786e+11
54, 1.35786e+11
55, 1.35786e+11
56, 1.35786e+11
57, 1.25694e+11
58, 1.16371e+11
59, 1.16371e+11
60, 1.16371e+11
61, 1.16371e+11
62, 1.16371e+11
63, 1.11978e+11
64, 1.11978e+11
65, 1.11978e+11
66, 1.11044e+11
67, 1.00312e+11
68, 1.00312e+11
69, 1.00312e+11
70, 1.00312e+11
71, 1.00312e+11
72, 1.00312e+11
73, 9.81975e+10
74, 9.66784e+10
75, 9.64026e+10
76, 8.43653e+10
77, 8.43653e+10
78, 8.43653e+10
79, 8.43653e+10
80, 8.43653e+10
81, 8.28444e+10
82, 8.28444e+10
83, 7.84264e+10
84, 7.84264e+10
85, 7.83473e+10
86, 7.81697e+10
87, 7.81697e+10
88, 7.81697e+10
89, 7.6691e+10
90, 7.6691e+10
91, 7.6691e+10
92, 7.6691e+10
93, 7.6691e+10
94, 7.6691e+10
95, 7.29241e+10
96, 7.18357e+10
97, 7.18357e+10
98, 6.55978e+10
99, 6.51253e+10
100, 6.01094e+10
101, 6.01094e+10
102, 6.01094e+10
103, 6.01094e+10
104, 6.01094e+10
105, 5.99079e+10
106, 5.99079e+10
107, 5.99079e+10
108, 5.99079e+10
109, 5.99079e+10
110, 5.99079e+10
111, 5.99079e+10
112, 5.99079e+10
113, 5.93714e+10
114, 5.93714e+10
115, 5.93714e+10
116, 5.93714e+10
117, 5.93714e+10
118, 5.93714e+10
119, 5.93714e+10
120, 5.57014e+10
121, 5.57014e+10
122, 5.42163e+10
123, 5.42163e+10
124, 5.42163e+10
125, 5.42163e+10
126, 5.42163e+10
127, 5.42163e+10
128, 5.17246e+10
129, 5.17246e+10
130, 5.17246e+10
131, 5.17246e+10
132, 5.17246e+10
133, 5.14852e+10
134, 5.05697e+10
135, 5.05697e+10
136, 4.91372e+10
137, 4.77402e+10
138, 4.77402e+10
139, 4.77402e+10
140, 4.59967e+10
141, 4.59967e+10
142, 4.59967e+10
143, 4.59967e+10
144, 4.59967e+10
145, 4.43978e+10
146, 4.33799e+10
147, 4.33799e+10
148, 4.33799e+10
149, 4.33799e+10
150, 4.33799e+10
151, 4.33799e+10
152, 4.33799e+10
153, 4.33799e+10
154, 4.33799e+10
155, 4.33799e+10
156, 4.28263e+10
157, 4.24131e+10
158, 4.24131e+10
159, 4.24131e+10
160, 4.24131e+10
161, 4.096e+10
162, 4.096e+10
163, 4.096e+10
164, 4.096e+10
165, 4.096e+10
166, 4.05132e+10
167, 4.05132e+10
168, 4.05132e+10
169, 4.02959e+10
170, 3.8339e+10
171, 3.77825e+10
172, 3.77825e+10
173, 3.77825e+10
174, 3.77825e+10
175, 3.77825e+10
176, 3.77825e+10
177, 3.77825e+10
178, 3.77825e+10
179, 3.77825e+10
180, 3.77825e+10
181, 3.75628e+10
182, 3.72163e+10
183, 3.62209e+10
184, 3.62209e+10
185, 3.62209e+10
186, 3.62209e+10
187, 3.62209e+10
188, 3.62209e+10
189, 3.62209e+10
190, 3.62209e+10
191, 3.62209e+10
192, 3.62209e+10
193, 3.62209e+10
194, 3.62209e+10
195, 3.62209e+10
196, 3.62209e+10
197, 3.62209e+10
198, 3.62209e+10
199, 3.62209e+10
200, 3.62209e+10
201, 3.44142e+10
202, 3.44142e+10
203, 3.44142e+10
204, 3.38563e+10
205, 3.38563e+10
206, 3.38563e+10
207, 3.338e+10
208, 3.338e+10
209, 3.338e+10
210, 3.338e+10
211, 3.338e+10
212, 3.338e+10
213, 3.338e+10
214, 3.30864e+10
215, 3.28339e+10
216, 3.26932e+10
217, 3.26258e+10
218, 3.2218e+10
219, 3.20259e+10
220, 3.20259e+10
221, 3.20259e+10
222, 3.20259e+10
223, 3.20259e+10
224, 3.20259e+10
225, 3.20259e+10
226, 3.20259e+10
227, 3.20259e+10
228, 3.20259e+10
229, 3.20259e+10
230, 3.20259e+10
231, 3.20259e+10
232, 3.20259e+10
233, 3.20259e+10
234, 3.18951e+10
235, 3.18472e+10
236, 3.18472e+10
237, 3.18472e+10
238, 3.18472e+10
239, 3.18472e+10
240, 3.18472e+10
241, 3.09968e+10
242, 3.09968e+10
243, 3.09968e+10
244, 3.09968e+10
245, 3.09968e+10
246, 3.09968e+10
247, 3.09968e+10
248, 3.08309e+10
249, 3.08309e+10
250, 3.08309e+10
251, 3.08309e+10
252, 3.08309e+10
253, 3.07167e+10
254, 3.07167e+10
255, 3.03767e+10
256, 3.03767e+10
257, 3.03767e+10
258, 3.03767e+10
259, 3.03767e+10
260, 2.93184e+10
261, 2.93184e+10
262, 2.93184e+10
263, 2.93184e+10
264, 2.93184e+10
265, 2.93184e+10
266, 2.93184e+10
267, 2.93184e+10
268, 2.9153e+10
269, 2.9153e+10
270, 2.9153e+10
271, 2.9153e+10
272, 2.9153e+10
273, 2.9153e+10
274, 2.88082e+10
275, 2.81737e+10
276, 2.81737e+10
277, 2.81737e+10
278, 2.81737e+10
279, 2.81737e+10
280, 2.81737e+10
281, 2.81737e+10
282, 2.78737e+10
283, 2.78737e+10
284, 2.78737e+10
285, 2.78737e+10
286, 2.78737e+10
287, 2.78737e+10
288, 2.78737e+10
289, 2.78737e+10
290, 2.7836e+10
291, 2.7836e+10
292, 2.7836e+10
293, 2.7836e+10
294, 2.7836e+10
295, 2.73881e+10
296, 2.7088e+10
297, 2.7088e+10
298, 2.7088e+10
299, 2.7088e+10
300, 2.7088e+10
301, 2.7088e+10
302, 2.68645e+10
303, 2.68645e+10
304, 2.68645e+10
305, 2.6862e+10
306, 2.6862e+10
307, 2.64905e+10
308, 2.64905e+10
309, 2.64905e+10
310, 2.64905e+10
311, 2.64905e+10
312, 2.64905e+10
313, 2.64298e+10
314, 2.64298e+10
315, 2.64298e+10
316, 2.64191e+10
317, 2.64191e+10
318, 2.64191e+10
319, 2.64191e+10
320, 2.64191e+10
321, 2.64191e+10
322, 2.63581e+10
323, 2.63581e+10
324, 2.63581e+10
325, 2.63581e+10
326, 2.63521e+10
327, 2.63521e+10
328, 2.63417e+10
329, 2.60313e+10
330, 2.58469e+10
331, 2.58469e+10
332, 2.58469e+10
333, 2.58469e+10
334, 2.57824e+10
335, 2.57824e+10
336, 2.56315e+10
337, 2.53757e+10
338, 2.53757e+10
339, 2.53015e+10
340, 2.53015e+10
341, 2.53015e+10
342, 2.53015e+10
343, 2.53015e+10
344, 2.53015e+10
345, 2.53015e+10
346, 2.53015e+10
347, 2.53015e+10
348, 2.53015e+10
349, 2.53015e+10
350, 2.53015e+10
351, 2.50155e+10
352, 2.49417e+10
353, 2.49417e+10
354, 2.49417e+10
355, 2.49417e+10
356, 2.49417e+10
357, 2.47008e+10
358, 2.46397e+10
359, 2.46397e+10
360, 2.46397e+10
361, 2.46397e+10
362, 2.45871e+10
363, 2.45871e+10
364, 2.45506e+10
365, 2.45487e+10
366, 2.44991e+10
367, 2.44941e+10
368, 2.44941e+10
369, 2.44869e+10
370, 2.44869e+10
371, 2.44356e+10
372, 2.43712e+10
373, 2.43712e+10
374, 2.43542e+10
375, 2.43542e+10
376, 2.43542e+10
377, 2.43542e+10
378, 2.43542e+10
379, 2.43542e+10
380, 2.4351e+10
381, 2.4351e+10
382, 2.4351e+10
383, 2.4351e+10
384, 2.4351e+10
385, 2.4351e+10
386, 2.43448e+10
387, 2.42913e+10
388, 2.42913e+10
389, 2.42913e+10
390, 2.42614e+10
391, 2.40891e+10
392, 2.40891e+10
393, 2.40891e+10
394, 2.40891e+10
395, 2.40891e+10
396, 2.40232e+10
397, 2.40232e+10
398, 2.40078e+10
399, 2.39367e+10
400, 2.39367e+10
401, 2.39367e+10
402, 2.39367e+10
403, 2.39367e+10
404, 2.39143e+10
405, 2.38025e+10
406, 2.37395e+10
407, 2.37395e+10
408, 2.37395e+10
409, 2.37395e+10
410, 2.37302e+10
411, 2.37302e+10
412, 2.37302e+10
413, 2.37302e+10
414, 2.36817e+10
415, 2.35578e+10
416, 2.35578e+10
417, 2.35578e+10
418, 2.35578e+10
419, 2.35578e+10
420, 2.35578e+10
421, 2.35578e+10
422, 2.35578e+10
423, 2.35578e+10
424, 2.35578e+10
425, 2.35578e+10
426, 2.349e+10
427, 2.33863e+10
428, 2.33515e+10
429, 2.33515e+10
430, 2.33515e+10
431, 2.33515e+10
432, 2.33515e+10
433, 2.33515e+10
434, 2.32511e+10
435, 2.32511e+10
436, 2.32511e+10
437, 2.32511e+10
438, 2.3247e+10
439, 2.3247e+10
440, 2.32233e+10
441, 2.32233e+10
442, 2.32233e+10
443, 2.32233e+10
444, 2.32233e+10
445, 2.32233e+10
446, 2.32233e+10
447, 2.32233e+10
448, 2.32233e+10
449, 2.32056e+10
450, 2.32056e+10
451, 2.32056e+10
452, 2.32056e+10
453, 2.32056e+10
454, 2.32056e+10
455, 2.31798e+10
456, 2.31235e+10
457, 2.31235e+10
458, 2.31235e+10
459, 2.31235e+10
460, 2.31235e+10
461, 2.30348e+10
462, 2.30348e+10
463, 2.30144e+10
464, 2.30144e+10
465, 2.29474e+10
466, 2.29094e+10
467, 2.29094e+10
468, 2.29094e+10
469, 2.29094e+10
470, 2.29094e+10
471, 2.28988e+10
472, 2.28988e+10
473, 2.28898e+10
474, 2.28898e+10
475, 2.28898e+10
476, 2.28898e+10
477, 2.28898e+10
478, 2.28655e+10
479, 2.28525e+10
480, 2.28525e+10
481, 2.28525e+10
482, 2.28391e+10
483, 2.28391e+10
484, 2.28391e+10
485, 2.28391e+10
486, 2.28338e+10
487, 2.28338e+10
488, 2.28338e+10
489, 2.28338e+10
490, 2.28338e+10
491, 2.27626e+10
492, 2.27626e+10
493, 2.27202e+10
494, 2.27202e+10
495, 2.2672e+10
496, 2.2672e+10
497, 2.26353e+10
