Iteration, BestFitness
0, 1.0975e+15
1, 2.86933e+14
2, 2.86933e+14
3, 2.86933e+14
4, 2.86933e+14
5, 2.86933e+14
6, 2.86933e+14
7, 5.62064e+13
8, 3.29782e+13
9, 3.29782e+13
10, 1.26232e+13
11, 1.26232e+13
12, 1.26232e+13
13, 9.04834e+12
14, 3.5228e+12
15, 3.5228e+12
16, 3.5228e+12
17, 3.5228e+12
18, 3.5228e+12
19, 3.5228e+12
20, 3.5228e+12
21, 2.39927e+12
22, 2.00629e+12
23, 2.00629e+12
24, 1.30487e+12
25, 1.30487e+12
26, 9.55789e+11
27, 5.81771e+11
28, 3.57589e+11
29, 2.61098e+11
30, 2.61098e+11
31, 2.61098e+11
32, 2.0386e+11
33, 2.0386e+11
34, 2.0386e+11
35, 2.0386e+11
36, 2.01449e+11
37, 7.59746e+10
38, 7.59746e+10
39, 7.59746e+10
40, 7.59746e+10
41, 7.59746e+10
42, 7.59746e+10
43, 7.59746e+10
44, 5.42238e+10
45, 5.42238e+10
46, 5.42238e+10
47, 5.42238e+10
48, 3.0447e+10
49, 3.0447e+10
50, 3.0447e+10
51, 2.79436e+10
52, 2.28117e+10
53, 1.55845e+10
54, 1.55845e+10
55, 1.55845e+10
56, 1.55845e+10
57, 1.1678e+10
58, 1.1678e+10
59, 9.92248e+09
60, 9.68415e+09
61, 9.68415e+09
62, 9.68415e+09
63, 9.68415e+09
64, 9.68415e+09
65, 7.79483e+09
66, 7.46122e+09
67, 7.46122e+09
68, 7.46122e+09
69, 4.65854e+09
70, 4.65854e+09
71, 3.80161e+09
72, 3.80161e+09
73, 3.80161e+09
74, 3.80161e+09
75, 3.80161e+09
76, 3.80161e+09
77, 3.80161e+09
78, 3.80161e+09
79, 3.80161e+09
80, 3.80161e+09
81, 2.50169e+09
82, 1.93684e+09
83, 1.62413e+09
84, 1.62413e+09
85, 1.51272e+09
86, 1.51272e+09
87, 1.37337e+09
88, 1.01888e+09
89, 1.01888e+09
90, 7.14389e+08
91, 7.14389e+08
92, 7.14389e+08
93, 7.14389e+08
94, 7.14389e+08
95, 4.7153e+08
96, 4.7153e+08
97, 4.7153e+08
98, 4.7153e+08
99, 4.7153e+08
100, 4.1086e+08
101, 4.1086e+08
102, 4.1086e+08
103, 4.1086e+08
104, 4.1086e+08
105, 4.1086e+08
106, 4.1086e+08
107, 4.1086e+08
108, 4.1086e+08
109, 4.1086e+08
110, 1.44932e+08
111, 1.44932e+08
112, 1.44932e+08
113, 1.44932e+08
114, 1.44932e+08
115, 1.44932e+08
116, 1.44932e+08
117, 1.44932e+08
118, 1.44932e+08
119, 1.44932e+08
120, 1.44932e+08
121, 1.23144e+08
122, 1.23144e+08
123, 1.23144e+08
124, 1.22578e+08
125, 1.22578e+08
126, 1.22578e+08
127, 1.18422e+08
128, 1.18422e+08
129, 1.18422e+08
130, 1.18422e+08
131, 9.66204e+07
132, 9.66204e+07
133, 9.42825e+07
134, 9.42825e+07
135, 9.42825e+07
136, 9.42825e+07
137, 9.42825e+07
138, 9.42825e+07
139, 9.42825e+07
140, 9.42825e+07
141, 9.42825e+07
142, 9.42825e+07
143, 8.53985e+07
144, 8.53985e+07
145, 8.53985e+07
146, 8.53985e+07
147, 8.53985e+07
148, 8.53985e+07
149, 6.83193e+07
150, 6.37812e+07
151, 6.133e+07
152, 6.133e+07
153, 6.133e+07
154, 6.133e+07
155, 6.133e+07
156, 6.133e+07
157, 6.133e+07
158, 6.133e+07
159, 6.133e+07
160, 6.133e+07
161, 6.133e+07
162, 6.133e+07
163, 6.133e+07
164, 6.133e+07
165, 6.133e+07
166, 6.133e+07
167, 6.133e+07
168, 6.133e+07
169, 6.133e+07
170, 6.133e+07
171, 6.133e+07
172, 5.41685e+07
173, 5.41685e+07
174, 5.41685e+07
175, 5.41685e+07
176, 5.41685e+07
177, 5.41685e+07
178, 5.41685e+07
179, 5.41685e+07
180, 5.41685e+07
181, 5.41685e+07
182, 5.41685e+07
183, 5.41685e+07
184, 5.41685e+07
185, 5.41685e+07
186, 5.41685e+07
187, 5.41685e+07
188, 5.41685e+07
189, 5.41685e+07
190, 5.41685e+07
191, 5.41685e+07
192, 5.41685e+07
193, 5.41685e+07
194, 5.41685e+07
195, 5.41685e+07
196, 5.41685e+07
197, 5.41685e+07
198, 5.41685e+07
199, 5.41685e+07
200, 5.41685e+07
201, 5.41685e+07
202, 5.41685e+07
203, 5.41685e+07
204, 5.41685e+07
205, 5.41685e+07
206, 4.50909e+07
207, 4.50909e+07
208, 4.50909e+07
209, 4.50909e+07
210, 4.50909e+07
211, 4.50909e+07
212, 4.50909e+07
213, 4.50909e+07
214, 4.50909e+07
215, 4.50909e+07
216, 4.50909e+07
217, 4.50909e+07
218, 4.50909e+07
219, 4.50909e+07
220, 4.50909e+07
221, 4.50909e+07
222, 4.50909e+07
223, 4.50909e+07
224, 4.50909e+07
225, 4.50909e+07
226, 4.50909e+07
227, 4.50909e+07
228, 4.50909e+07
229, 4.50909e+07
230, 4.50909e+07
231, 4.50909e+07
232, 4.50909e+07
233, 4.50909e+07
234, 4.50909e+07
235, 4.50909e+07
236, 4.50909e+07
237, 4.50909e+07
238, 4.50909e+07
239, 4.50909e+07
240, 4.50909e+07
241, 4.50909e+07
242, 4.50909e+07
243, 4.50909e+07
244, 4.50909e+07
245, 4.50909e+07
246, 4.50909e+07
247, 4.50909e+07
248, 4.50909e+07
249, 4.50909e+07
250, 4.50909e+07
251, 4.50909e+07
252, 4.50909e+07
253, 4.50909e+07
254, 4.50909e+07
255, 4.50909e+07
256, 4.50909e+07
257, 4.50909e+07
258, 4.50909e+07
259, 4.50909e+07
260, 4.50909e+07
261, 4.50909e+07
262, 4.50909e+07
263, 4.50909e+07
264, 4.50909e+07
265, 4.50909e+07
266, 4.50909e+07
267, 4.50909e+07
268, 4.50909e+07
269, 4.50909e+07
270, 4.50909e+07
271, 4.50909e+07
272, 4.50909e+07
273, 4.03295e+07
274, 4.03295e+07
275, 4.03295e+07
276, 4.03295e+07
277, 4.03295e+07
278, 4.03295e+07
279, 4.03295e+07
280, 3.96107e+07
281, 3.96107e+07
282, 3.96107e+07
283, 3.96107e+07
284, 3.74773e+07
285, 3.74773e+07
286, 3.74773e+07
287, 3.74773e+07
288, 3.74773e+07
289, 3.74773e+07
290, 3.74773e+07
291, 3.74773e+07
292, 3.74773e+07
293, 3.74773e+07
294, 3.74773e+07
295, 3.74773e+07
296, 3.74773e+07
297, 3.74773e+07
298, 3.74773e+07
299, 3.74773e+07
300, 3.30624e+07
301, 3.30624e+07
302, 3.30624e+07
303, 3.30624e+07
304, 3.30624e+07
305, 3.30624e+07
306, 3.30624e+07
307, 3.30624e+07
308, 3.30624e+07
309, 3.30624e+07
310, 3.30624e+07
311, 3.30624e+07
312, 3.30624e+07
313, 3.30624e+07
314, 3.30624e+07
315, 3.30624e+07
316, 3.30624e+07
317, 3.30624e+07
318, 3.30624e+07
319, 3.30624e+07
320, 3.30624e+07
321, 3.30624e+07
322, 3.30624e+07
323, 3.30624e+07
324, 3.30624e+07
325, 3.30624e+07
326, 3.30624e+07
327, 3.30624e+07
328, 3.30624e+07
329, 3.30624e+07
330, 3.30624e+07
331, 3.30624e+07
332, 3.30624e+07
333, 3.30624e+07
334, 3.30624e+07
335, 3.30624e+07
336, 3.30624e+07
337, 3.30624e+07
338, 3.30624e+07
339, 3.30624e+07
340, 3.30624e+07
341, 3.30624e+07
342, 3.30624e+07
343, 3.30624e+07
344, 3.30624e+07
345, 3.30624e+07
346, 3.30624e+07
347, 3.30624e+07
348, 3.30624e+07
349, 3.30624e+07
350, 3.30624e+07
351, 3.30624e+07
352, 3.30624e+07
353, 3.30624e+07
354, 3.30624e+07
355, 3.30624e+07
356, 3.30624e+07
357, 3.30624e+07
358, 3.30624e+07
359, 3.30624e+07
360, 3.30624e+07
361, 3.2975e+07
362, 3.2975e+07
363, 3.2975e+07
364, 3.2975e+07
365, 3.2975e+07
366, 3.2975e+07
367, 3.2975e+07
368, 3.2975e+07
369, 3.2975e+07
370, 3.2975e+07
371, 3.2975e+07
372, 3.2975e+07
373, 3.2975e+07
374, 3.2975e+07
375, 3.2975e+07
376, 3.2975e+07
377, 3.2975e+07
378, 3.2975e+07
379, 3.2975e+07
380, 3.2975e+07
381, 3.15051e+07
382, 2.79878e+07
383, 2.79878e+07
384, 2.79878e+07
385, 2.79878e+07
386, 2.79878e+07
387, 2.56792e+07
388, 2.56792e+07
389, 2.56792e+07
390, 2.56792e+07
391, 2.56792e+07
392, 2.56792e+07
393, 2.56792e+07
394, 2.56792e+07
395, 2.56792e+07
396, 2.56792e+07
397, 2.56792e+07
398, 2.56792e+07
399, 2.56792e+07
400, 2.56792e+07
401, 2.56792e+07
402, 2.56792e+07
403, 2.56792e+07
404, 2.56792e+07
405, 2.56792e+07
406, 2.56792e+07
407, 2.56792e+07
408, 2.56792e+07
409, 2.56792e+07
410, 2.56792e+07
411, 2.56792e+07
412, 2.56792e+07
413, 2.56792e+07
414, 2.56792e+07
415, 2.56792e+07
416, 2.56792e+07
417, 2.56792e+07
418, 2.56792e+07
419, 2.56792e+07
420, 2.56792e+07
421, 2.56792e+07
422, 2.56792e+07
423, 2.56792e+07
424, 2.56792e+07
425, 2.56792e+07
426, 2.56792e+07
427, 2.56792e+07
428, 2.56792e+07
429, 2.56792e+07
430, 2.56792e+07
431, 2.56792e+07
432, 2.56792e+07
433, 2.56792e+07
434, 2.56792e+07
435, 2.56792e+07
436, 2.56792e+07
437, 2.56792e+07
438, 2.56792e+07
439, 2.56792e+07
440, 2.56792e+07
441, 2.56792e+07
442, 2.56792e+07
443, 2.56792e+07
444, 2.56792e+07
445, 2.56792e+07
446, 2.56792e+07
447, 2.56792e+07
448, 2.56792e+07
449, 2.56792e+07
450, 2.56792e+07
451, 2.56792e+07
452, 2.56792e+07
453, 2.56792e+07
454, 2.56792e+07
455, 2.56792e+07
456, 2.56792e+07
457, 2.56792e+07
458, 2.56792e+07
459, 2.56792e+07
460, 2.56792e+07
461, 2.56792e+07
462, 2.56792e+07
463, 2.56792e+07
464, 2.56792e+07
465, 2.56792e+07
466, 2.56792e+07
467, 2.56792e+07
468, 2.56792e+07
469, 2.56792e+07
470, 2.24049e+07
471, 2.24049e+07
472, 2.24049e+07
473, 2.24049e+07
474, 2.24049e+07
475, 2.24049e+07
476, 2.24049e+07
477, 2.24049e+07
478, 2.24049e+07
479, 2.24049e+07
480, 2.24049e+07
481, 2.24049e+07
482, 2.24049e+07
483, 2.24049e+07
484, 2.0416e+07
485, 2.0416e+07
486, 2.0416e+07
487, 2.0416e+07
488, 2.0416e+07
489, 2.0416e+07
490, 2.0416e+07
491, 2.0416e+07
492, 2.0416e+07
493, 2.0416e+07
494, 2.0416e+07
495, 1.99002e+07
496, 1.97262e+07
497, 1.97262e+07
