Iteration, BestFitness
0, 1.03704e+13
1, 7.24668e+12
2, 7.21677e+12
3, 7.21677e+12
4, 6.11762e+12
5, 6.11762e+12
6, 6.01864e+12
7, 6.01864e+12
8, 5.72144e+12
9, 5.72144e+12
10, 5.63522e+12
11, 5.63522e+12
12, 5.53286e+12
13, 5.3081e+12
14, 5.3081e+12
15, 5.3081e+12
16, 5.27689e+12
17, 5.27689e+12
18, 5.12264e+12
19, 4.92021e+12
20, 4.80763e+12
21, 4.72097e+12
22, 4.34296e+12
23, 4.34296e+12
24, 4.34296e+12
25, 3.97656e+12
26, 3.97656e+12
27, 3.95564e+12
28, 3.95564e+12
29, 3.95564e+12
30, 3.95564e+12
31, 3.95564e+12
32, 3.95564e+12
33, 3.56663e+12
34, 3.29051e+12
35, 3.29051e+12
36, 3.29051e+12
37, 3.29051e+12
38, 3.29051e+12
39, 3.29051e+12
40, 3.2736e+12
41, 3.21729e+12
42, 3.21729e+12
43, 3.02282e+12
44, 3.00222e+12
45, 2.7837e+12
46, 2.71478e+12
47, 2.71478e+12
48, 2.63316e+12
49, 2.58059e+12
50, 2.54651e+12
51, 2.51467e+12
52, 2.47069e+12
53, 2.47069e+12
54, 2.47069e+12
55, 2.46895e+12
56, 2.46895e+12
57, 2.46895e+12
58, 2.46058e+12
59, 2.46058e+12
60, 2.46058e+12
61, 2.30034e+12
62, 2.14604e+12
63, 2.08346e+12
64, 2.08346e+12
65, 2.05313e+12
66, 2.05313e+12
67, 2.05313e+12
68, 2.05313e+12
69, 2.05313e+12
70, 2.05313e+12
71, 1.96046e+12
72, 1.79594e+12
73, 1.79594e+12
74, 1.79594e+12
75, 1.79594e+12
76, 1.79594e+12
77, 1.79594e+12
78, 1.79594e+12
79, 1.79594e+12
80, 1.79594e+12
81, 1.79594e+12
82, 1.79594e+12
83, 1.79594e+12
84, 1.67565e+12
85, 1.67565e+12
86, 1.67565e+12
87, 1.57057e+12
88, 1.57057e+12
89, 1.57057e+12
90, 1.57057e+12
91, 1.55878e+12
92, 1.54924e+12
93, 1.54924e+12
94, 1.44694e+12
95, 1.4273e+12
96, 1.4273e+12
97, 1.4273e+12
98, 1.4273e+12
99, 1.4273e+12
100, 1.4273e+12
101, 1.4273e+12
102, 1.42264e+12
103, 1.42264e+12
104, 1.42264e+12
105, 1.42264e+12
106, 1.42264e+12
107, 1.42264e+12
108, 1.42264e+12
109, 1.42264e+12
110, 1.42264e+12
111, 1.38227e+12
112, 1.35788e+12
113, 1.35788e+12
114, 1.35788e+12
115, 1.35564e+12
116, 1.35564e+12
117, 1.35564e+12
118, 1.2464e+12
119, 1.18461e+12
120, 1.18461e+12
121, 1.18329e+12
122, 1.11008e+12
123, 1.11008e+12
124, 1.11008e+12
125, 1.11008e+12
126, 1.11008e+12
127, 1.11008e+12
128, 1.11008e+12
129, 1.11008e+12
130, 1.11008e+12
131, 1.11008e+12
132, 1.04581e+12
133, 1.03396e+12
134, 1.03396e+12
135, 1.03396e+12
136, 1.03396e+12
137, 1.02372e+12
138, 1.01802e+12
139, 1.01802e+12
140, 9.69112e+11
141, 9.69112e+11
142, 9.69112e+11
143, 9.69112e+11
144, 9.69112e+11
145, 9.69112e+11
146, 9.57676e+11
147, 9.57676e+11
148, 9.57676e+11
149, 9.37309e+11
150, 9.37309e+11
151, 9.37309e+11
152, 9.37309e+11
153, 8.89078e+11
154, 8.89078e+11
155, 8.3562e+11
156, 7.85059e+11
157, 7.85059e+11
158, 7.85059e+11
159, 7.85059e+11
160, 7.85059e+11
161, 7.69083e+11
162, 7.69083e+11
163, 7.69083e+11
164, 7.69083e+11
165, 7.69083e+11
166, 7.54569e+11
167, 7.54569e+11
168, 7.54569e+11
169, 7.54569e+11
170, 7.54569e+11
171, 7.54569e+11
172, 7.54569e+11
173, 7.54569e+11
174, 7.54569e+11
175, 7.54569e+11
176, 7.54569e+11
177, 7.54569e+11
178, 7.54569e+11
179, 7.54569e+11
180, 7.42961e+11
181, 7.42961e+11
182, 7.42961e+11
183, 7.42961e+11
184, 7.42961e+11
185, 7.42961e+11
186, 7.42961e+11
187, 7.42961e+11
188, 7.07051e+11
189, 6.74995e+11
190, 6.4886e+11
191, 6.4886e+11
192, 6.4886e+11
193, 6.4886e+11
194, 6.4886e+11
195, 6.4886e+11
196, 6.4886e+11
197, 6.4886e+11
198, 6.4886e+11
199, 6.4886e+11
200, 6.4886e+11
201, 6.4886e+11
202, 6.4886e+11
203, 6.4886e+11
204, 6.4886e+11
205, 6.4886e+11
206, 6.4886e+11
207, 6.4886e+11
208, 6.4886e+11
209, 6.4886e+11
210, 6.4886e+11
211, 6.4886e+11
212, 6.4886e+11
213, 6.4886e+11
214, 6.4886e+11
215, 6.4886e+11
216, 6.4886e+11
217, 6.24445e+11
218, 6.23664e+11
219, 5.78823e+11
220, 5.78823e+11
221, 5.67845e+11
222, 5.67845e+11
223, 5.67845e+11
224, 5.67845e+11
225, 5.67845e+11
226, 5.67845e+11
227, 5.67845e+11
228, 5.51194e+11
229, 5.51194e+11
230, 5.51194e+11
231, 5.51194e+11
232, 5.51194e+11
233, 5.51194e+11
234, 5.51194e+11
235, 5.51194e+11
236, 5.39548e+11
237, 5.12777e+11
238, 5.10066e+11
239, 5.08758e+11
240, 4.91196e+11
241, 4.88463e+11
242, 4.88463e+11
243, 4.88463e+11
244, 4.88463e+11
245, 4.88463e+11
246, 4.88463e+11
247, 4.88463e+11
248, 4.88463e+11
249, 4.88463e+11
250, 4.88463e+11
251, 4.88463e+11
252, 4.88463e+11
253, 4.83776e+11
254, 4.53281e+11
255, 4.53281e+11
256, 4.53281e+11
257, 4.53281e+11
258, 4.53281e+11
259, 4.53281e+11
260, 4.53281e+11
261, 4.53281e+11
262, 4.53281e+11
263, 4.53281e+11
264, 4.53281e+11
265, 4.53281e+11
266, 4.53281e+11
267, 4.53281e+11
268, 4.53281e+11
269, 4.53281e+11
270, 4.53281e+11
271, 4.53281e+11
272, 4.53281e+11
273, 4.53281e+11
274, 4.53281e+11
275, 4.53281e+11
276, 4.53281e+11
277, 4.53281e+11
278, 4.53281e+11
279, 4.53281e+11
280, 4.53281e+11
281, 4.53281e+11
282, 4.53281e+11
283, 4.53281e+11
284, 4.53281e+11
285, 4.53281e+11
286, 4.53281e+11
287, 4.53281e+11
288, 4.43886e+11
289, 4.43886e+11
290, 4.43886e+11
291, 4.43886e+11
292, 4.43886e+11
293, 4.43886e+11
294, 4.43886e+11
295, 4.43886e+11
296, 4.43886e+11
297, 4.43886e+11
298, 4.43886e+11
299, 4.43886e+11
300, 4.43886e+11
301, 4.43886e+11
302, 4.43886e+11
303, 4.43886e+11
304, 4.16305e+11
305, 4.16305e+11
306, 4.00378e+11
307, 4.00378e+11
308, 4.00378e+11
309, 4.00378e+11
310, 4.00378e+11
311, 3.92488e+11
312, 3.92488e+11
313, 3.92488e+11
314, 3.92488e+11
315, 3.92488e+11
316, 3.92488e+11
317, 3.92488e+11
318, 3.92488e+11
319, 3.92488e+11
320, 3.92488e+11
321, 3.92488e+11
322, 3.92488e+11
323, 3.92488e+11
324, 3.92488e+11
325, 3.92488e+11
326, 3.92488e+11
327, 3.92488e+11
328, 3.92488e+11
329, 3.92488e+11
330, 3.92488e+11
331, 3.92488e+11
