Iteration, BestFitness
0, 1.05107e+16
1, 1.05107e+16
2, 1.05107e+16
3, 1.05107e+16
4, 1.16052e+15
5, 1.16052e+15
6, 1.16052e+15
7, 2.55904e+14
8, 2.55904e+14
9, 2.55904e+14
10, 2.55904e+14
11, 2.55904e+14
12, 2.55904e+14
13, 2.55904e+14
14, 2.55904e+14
15, 1.84544e+14
16, 1.84544e+14
17, 1.40798e+14
18, 1.40798e+14
19, 4.20203e+13
20, 4.20203e+13
21, 4.20203e+13
22, 4.20203e+13
23, 3.9871e+13
24, 3.47128e+13
25, 3.47128e+13
26, 3.47128e+13
27, 1.98585e+13
28, 1.98585e+13
29, 1.98585e+13
30, 1.98585e+13
31, 1.98585e+13
32, 1.98585e+13
33, 1.35328e+13
34, 1.35328e+13
35, 9.16185e+12
36, 6.89122e+12
37, 6.89122e+12
38, 6.89122e+12
39, 6.89122e+12
40, 6.89122e+12
41, 6.89122e+12
42, 3.85897e+12
43, 3.63075e+12
44, 3.63075e+12
45, 3.63075e+12
46, 3.63075e+12
47, 2.71192e+12
48, 1.19562e+12
49, 1.19081e+12
50, 1.10264e+12
51, 1.10264e+12
52, 1.07776e+12
53, 7.88943e+11
54, 7.6645e+11
55, 7.6645e+11
56, 7.4024e+11
57, 7.4024e+11
58, 7.4024e+11
59, 7.4024e+11
60, 4.64166e+11
61, 4.63819e+11
62, 4.63819e+11
63, 4.63819e+11
64, 4.63819e+11
65, 4.46685e+11
66, 4.32919e+11
67, 4.32919e+11
68, 4.32919e+11
69, 4.32919e+11
70, 4.32919e+11
71, 4.32919e+11
72, 4.32919e+11
73, 4.32919e+11
74, 4.32919e+11
75, 4.32919e+11
76, 4.23041e+11
77, 3.07378e+11
78, 2.87501e+11
79, 2.76534e+11
80, 2.73705e+11
81, 2.73705e+11
82, 2.73705e+11
83, 2.61172e+11
84, 2.61172e+11
85, 2.1843e+11
86, 2.02621e+11
87, 2.02621e+11
88, 2.02621e+11
89, 2.02621e+11
90, 2.02621e+11
91, 2.02621e+11
92, 2.02621e+11
93, 2.02621e+11
94, 2.02621e+11
95, 2.02621e+11
96, 2.02621e+11
97, 2.02621e+11
98, 2.02621e+11
99, 2.02621e+11
100, 2.02621e+11
101, 2.02621e+11
102, 2.02621e+11
103, 2.02621e+11
104, 2.02621e+11
105, 2.02621e+11
106, 1.82644e+11
107, 1.64365e+11
108, 1.64365e+11
109, 1.64365e+11
110, 1.59601e+11
111, 1.59601e+11
112, 1.59601e+11
113, 1.58689e+11
114, 1.55953e+11
115, 1.55953e+11
116, 1.55953e+11
117, 1.55953e+11
118, 1.55953e+11
119, 1.55953e+11
120, 1.55953e+11
121, 1.55953e+11
122, 1.55953e+11
123, 1.55953e+11
124, 1.55953e+11
125, 1.55953e+11
126, 1.55953e+11
127, 1.55953e+11
128, 1.55953e+11
129, 1.55953e+11
130, 1.55953e+11
131, 1.55953e+11
132, 1.55953e+11
133, 1.45134e+11
134, 1.45134e+11
135, 1.45134e+11
136, 1.44622e+11
137, 1.37044e+11
138, 1.29466e+11
139, 1.06593e+11
140, 1.06515e+11
141, 1.03658e+11
142, 1.03658e+11
143, 1.03658e+11
144, 1.03658e+11
145, 9.80323e+10
146, 9.80323e+10
147, 9.80323e+10
148, 9.10189e+10
149, 9.10189e+10
150, 9.08025e+10
151, 9.08025e+10
152, 8.74714e+10
153, 8.74714e+10
154, 8.74714e+10
155, 8.74714e+10
156, 8.74714e+10
157, 8.74714e+10
158, 8.74714e+10
159, 8.74714e+10
160, 8.74714e+10
161, 8.74714e+10
162, 8.74714e+10
163, 8.74714e+10
164, 8.74714e+10
165, 8.74714e+10
166, 8.74714e+10
167, 8.74714e+10
168, 8.74714e+10
169, 8.74714e+10
170, 8.74714e+10
171, 8.74714e+10
172, 8.74714e+10
173, 8.74714e+10
174, 8.74551e+10
175, 6.94921e+10
176, 6.74475e+10
177, 6.74475e+10
178, 6.74475e+10
179, 6.63068e+10
180, 6.63068e+10
181, 6.63068e+10
182, 6.63068e+10
183, 6.63068e+10
184, 6.63068e+10
185, 6.63068e+10
186, 6.63068e+10
187, 6.63068e+10
188, 6.63068e+10
189, 6.30758e+10
190, 6.11482e+10
191, 6.11482e+10
192, 6.11482e+10
193, 6.11482e+10
194, 6.11482e+10
195, 6.11482e+10
196, 6.11482e+10
197, 6.11482e+10
198, 6.11482e+10
199, 6.11482e+10
200, 6.11482e+10
201, 5.57725e+10
202, 5.37816e+10
203, 5.37816e+10
204, 5.37816e+10
205, 5.37816e+10
206, 5.33119e+10
207, 5.17602e+10
208, 5.17602e+10
209, 5.17602e+10
210, 5.13191e+10
211, 5.0738e+10
212, 4.69512e+10
213, 4.68638e+10
214, 4.68638e+10
215, 4.68638e+10
216, 4.68638e+10
217, 4.68638e+10
218, 4.68638e+10
219, 4.68638e+10
220, 4.68638e+10
221, 4.68638e+10
222, 4.68638e+10
223, 4.68638e+10
224, 4.68638e+10
225, 4.68638e+10
226, 4.68638e+10
227, 4.68638e+10
228, 4.68638e+10
229, 4.68638e+10
230, 4.68638e+10
231, 4.68638e+10
232, 4.68638e+10
233, 4.68638e+10
234, 4.68638e+10
235, 4.68638e+10
236, 4.43838e+10
237, 4.41261e+10
238, 4.41261e+10
239, 4.41261e+10
240, 4.27005e+10
241, 4.27005e+10
242, 4.27005e+10
243, 4.23114e+10
244, 4.23114e+10
245, 4.23114e+10
246, 4.23114e+10
247, 4.23114e+10
248, 4.23114e+10
249, 4.23114e+10
250, 4.23114e+10
251, 4.23114e+10
252, 4.23114e+10
253, 4.23114e+10
254, 4.23114e+10
255, 4.23114e+10
256, 4.23114e+10
257, 4.23114e+10
258, 4.23114e+10
259, 4.23114e+10
260, 4.23114e+10
261, 4.23114e+10
262, 4.23114e+10
263, 3.71317e+10
264, 3.62069e+10
265, 3.57551e+10
266, 3.50055e+10
267, 3.50055e+10
268, 3.50055e+10
269, 3.50055e+10
270, 3.50055e+10
271, 3.50055e+10
272, 3.50055e+10
273, 3.50055e+10
274, 3.50055e+10
275, 3.50055e+10
276, 3.50055e+10
277, 3.50055e+10
278, 3.50055e+10
279, 3.50055e+10
280, 3.50055e+10
281, 3.50055e+10
282, 3.50055e+10
283, 3.50055e+10
284, 3.50055e+10
285, 3.50055e+10
286, 3.50055e+10
287, 3.50055e+10
288, 3.50055e+10
289, 3.50055e+10
290, 3.50055e+10
291, 3.50055e+10
292, 3.50055e+10
293, 3.50055e+10
294, 3.50055e+10
295, 3.50055e+10
296, 3.50055e+10
297, 3.29751e+10
298, 3.07823e+10
299, 3.07401e+10
300, 3.07401e+10
301, 3.07401e+10
302, 3.07401e+10
303, 3.07401e+10
304, 3.07401e+10
305, 3.07401e+10
306, 3.07401e+10
307, 3.07401e+10
308, 3.07401e+10
309, 3.07401e+10
310, 3.07401e+10
311, 3.07401e+10
312, 3.07401e+10
313, 3.07401e+10
314, 3.07401e+10
315, 3.07401e+10
316, 3.07401e+10
317, 3.07401e+10
318, 3.07401e+10
319, 3.07401e+10
320, 3.07401e+10
321, 3.07401e+10
322, 3.07401e+10
323, 3.07401e+10
324, 3.07401e+10
325, 3.07401e+10
326, 3.07401e+10
327, 3.07401e+10
328, 3.07401e+10
329, 3.07401e+10
330, 3.07401e+10
331, 3.07401e+10
