Iteration, BestFitness
0, 9.31425e+16
1, 9.31425e+16
2, 1.54018e+16
3, 6.16449e+15
4, 6.16449e+15
5, 9.97629e+14
6, 9.97629e+14
7, 5.08596e+14
8, 5.08596e+14
9, 5.08596e+14
10, 5.08596e+14
11, 5.08596e+14
12, 5.08596e+14
13, 5.08596e+14
14, 5.08596e+14
15, 3.34989e+14
16, 2.08554e+14
17, 2.07565e+14
18, 2.07565e+14
19, 2.07565e+14
20, 2.07565e+14
21, 2.07565e+14
22, 2.07565e+14
23, 2.07565e+14
24, 2.07565e+14
25, 2.07565e+14
26, 2.07565e+14
27, 2.07565e+14
28, 2.07565e+14
29, 2.07565e+14
30, 1.20213e+14
31, 1.20213e+14
32, 1.20213e+14
33, 1.20213e+14
34, 8.76308e+13
35, 8.76308e+13
36, 8.76308e+13
37, 8.76308e+13
38, 8.76308e+13
39, 8.76308e+13
40, 8.76308e+13
41, 8.76308e+13
42, 5.56844e+13
43, 5.56844e+13
44, 5.56844e+13
45, 5.56844e+13
46, 5.16027e+13
47, 4.12768e+13
48, 2.51254e+13
49, 1.76445e+13
50, 1.70639e+13
51, 1.48686e+13
52, 1.46153e+13
53, 1.46153e+13
54, 1.46153e+13
55, 1.46153e+13
56, 1.46153e+13
57, 1.46153e+13
58, 1.46153e+13
59, 1.46153e+13
60, 1.46153e+13
61, 1.46153e+13
62, 1.46153e+13
63, 1.46153e+13
64, 1.25487e+13
65, 1.25487e+13
66, 1.15437e+13
67, 1.15437e+13
68, 1.15437e+13
69, 1.15437e+13
70, 1.15437e+13
71, 1.15437e+13
72, 1.15437e+13
73, 1.15437e+13
74, 1.15437e+13
75, 1.15437e+13
76, 1.15437e+13
77, 1.04402e+13
78, 8.77342e+12
79, 8.77342e+12
80, 5.15929e+12
81, 5.15929e+12
82, 5.15929e+12
83, 5.15929e+12
84, 5.15929e+12
85, 5.15929e+12
86, 5.15929e+12
87, 4.16445e+12
88, 4.16445e+12
89, 2.35744e+12
90, 2.35744e+12
91, 2.35744e+12
92, 2.35744e+12
93, 2.26767e+12
94, 2.26767e+12
95, 2.20472e+12
96, 2.18697e+12
97, 2.18697e+12
98, 2.18697e+12
99, 2.18697e+12
100, 2.18697e+12
101, 1.3606e+12
102, 1.3606e+12
103, 1.3606e+12
104, 1.3606e+12
105, 1.3606e+12
106, 1.3606e+12
107, 1.3606e+12
108, 1.3606e+12
109, 1.3606e+12
110, 1.3606e+12
111, 1.3606e+12
112, 1.3606e+12
113, 1.3606e+12
114, 1.25457e+12
115, 1.04984e+12
116, 1.00252e+12
117, 8.9234e+11
118, 8.9234e+11
119, 8.79147e+11
120, 8.5286e+11
121, 8.24056e+11
122, 8.24056e+11
123, 8.24056e+11
124, 8.24056e+11
125, 8.24056e+11
126, 8.24056e+11
127, 8.24056e+11
128, 8.24056e+11
129, 8.0571e+11
130, 8.0571e+11
131, 7.79242e+11
132, 7.79242e+11
133, 7.79242e+11
134, 7.79242e+11
135, 6.26815e+11
136, 6.13207e+11
137, 6.13207e+11
138, 6.13207e+11
139, 6.13207e+11
140, 6.13207e+11
141, 6.13207e+11
142, 6.13207e+11
143, 6.13207e+11
144, 6.13207e+11
145, 6.13207e+11
146, 6.13207e+11
147, 6.13207e+11
148, 6.13207e+11
149, 6.13207e+11
150, 6.13207e+11
151, 6.13207e+11
152, 6.13207e+11
153, 6.13207e+11
154, 6.13207e+11
155, 6.13207e+11
156, 6.13207e+11
157, 6.13207e+11
158, 6.13207e+11
159, 6.13207e+11
160, 6.13207e+11
161, 6.13207e+11
162, 6.13207e+11
163, 6.13207e+11
164, 5.13748e+11
165, 4.81882e+11
166, 3.545e+11
167, 3.545e+11
168, 3.545e+11
169, 3.545e+11
170, 3.545e+11
171, 3.545e+11
172, 3.545e+11
173, 3.545e+11
174, 3.545e+11
175, 3.545e+11
176, 3.38066e+11
177, 3.31995e+11
178, 3.31995e+11
179, 3.31995e+11
180, 3.31995e+11
181, 3.2413e+11
182, 2.34452e+11
183, 1.98443e+11
184, 1.98443e+11
185, 1.98443e+11
186, 1.98443e+11
187, 1.98443e+11
188, 1.98443e+11
189, 1.98443e+11
190, 1.98443e+11
191, 1.98443e+11
192, 1.98443e+11
193, 1.98443e+11
194, 1.98443e+11
195, 1.98443e+11
196, 1.98443e+11
197, 1.98443e+11
198, 1.98443e+11
199, 1.98443e+11
200, 1.98443e+11
201, 1.98443e+11
202, 1.98443e+11
203, 1.98443e+11
204, 1.98443e+11
205, 1.98443e+11
206, 1.98443e+11
207, 1.98443e+11
208, 1.98443e+11
209, 1.98443e+11
210, 1.98443e+11
211, 1.98443e+11
212, 1.98443e+11
213, 1.69066e+11
214, 1.69066e+11
215, 1.69066e+11
216, 1.69066e+11
217, 1.69066e+11
218, 1.69066e+11
219, 1.69066e+11
220, 1.69066e+11
221, 1.69066e+11
222, 1.69066e+11
223, 1.27393e+11
224, 1.11598e+11
225, 1.06103e+11
226, 1.06103e+11
227, 1.06103e+11
228, 1.06103e+11
229, 1.06103e+11
230, 1.06103e+11
231, 1.06103e+11
232, 1.06103e+11
233, 1.06103e+11
234, 1.06103e+11
235, 1.06103e+11
236, 1.06103e+11
237, 1.06103e+11
238, 1.06103e+11
239, 1.06103e+11
240, 1.06103e+11
241, 7.1487e+10
242, 7.1487e+10
243, 7.1487e+10
244, 7.1487e+10
245, 5.96585e+10
246, 5.96585e+10
247, 5.96585e+10
248, 5.96585e+10
249, 5.96585e+10
250, 5.96585e+10
251, 5.96585e+10
252, 5.96585e+10
253, 5.29613e+10
254, 5.29613e+10
255, 5.29613e+10
256, 5.29613e+10
257, 5.29613e+10
258, 5.29613e+10
259, 5.29613e+10
260, 5.29613e+10
261, 5.29613e+10
262, 5.18435e+10
263, 4.36301e+10
264, 3.86535e+10
265, 3.86535e+10
266, 3.86535e+10
267, 3.86535e+10
268, 3.86535e+10
269, 3.86535e+10
270, 3.86535e+10
271, 3.86535e+10
272, 3.86535e+10
273, 3.86535e+10
274, 3.86535e+10
275, 3.86535e+10
276, 3.86535e+10
277, 3.86535e+10
278, 3.86535e+10
279, 3.86535e+10
280, 3.86535e+10
281, 2.4856e+10
282, 2.4856e+10
283, 2.4856e+10
284, 2.4856e+10
285, 2.4856e+10
286, 2.4856e+10
287, 2.4856e+10
288, 2.4856e+10
289, 2.4856e+10
290, 2.4856e+10
291, 2.4856e+10
292, 2.4856e+10
293, 2.4856e+10
294, 2.4856e+10
295, 2.4856e+10
296, 2.4856e+10
297, 2.4856e+10
298, 2.4856e+10
299, 2.4856e+10
300, 2.4856e+10
301, 2.4856e+10
302, 2.4856e+10
303, 2.4856e+10
304, 2.4856e+10
305, 2.4856e+10
306, 2.4856e+10
307, 1.95906e+10
308, 1.95906e+10
309, 1.95906e+10
310, 1.95906e+10
311, 1.95906e+10
312, 1.95906e+10
313, 1.95906e+10
314, 1.95906e+10
315, 1.95906e+10
316, 1.95906e+10
317, 1.61271e+10
318, 1.61271e+10
319, 1.61271e+10
320, 1.61271e+10
321, 1.61271e+10
322, 1.61271e+10
323, 1.61271e+10
324, 1.61271e+10
325, 1.61271e+10
326, 1.61271e+10
327, 1.61271e+10
328, 1.61271e+10
329, 1.61271e+10
330, 1.61271e+10
331, 1.61271e+10
