Iteration, BestFitness
0, 9.49943e+12
1, 7.82605e+12
2, 7.80276e+12
3, 7.00048e+12
4, 7.00048e+12
5, 7.00048e+12
6, 7.00048e+12
7, 6.65614e+12
8, 6.65614e+12
9, 6.44045e+12
10, 6.13321e+12
11, 5.89544e+12
12, 5.89544e+12
13, 5.18238e+12
14, 5.02624e+12
15, 5.02624e+12
16, 5.02624e+12
17, 5.02624e+12
18, 5.02624e+12
19, 4.79775e+12
20, 4.23069e+12
21, 4.23069e+12
22, 4.23069e+12
23, 4.23069e+12
24, 4.09873e+12
25, 4.05968e+12
26, 3.96053e+12
27, 3.96053e+12
28, 3.96053e+12
29, 3.96053e+12
30, 3.72738e+12
31, 3.72738e+12
32, 3.54559e+12
33, 3.54559e+12
34, 3.38036e+12
35, 3.37046e+12
36, 3.37046e+12
37, 3.37046e+12
38, 3.35186e+12
39, 3.35186e+12
40, 3.35186e+12
41, 3.13408e+12
42, 2.9745e+12
43, 2.86879e+12
44, 2.86879e+12
45, 2.86879e+12
46, 2.86879e+12
47, 2.86879e+12
48, 2.86879e+12
49, 2.86879e+12
50, 2.86879e+12
51, 2.86879e+12
52, 2.65771e+12
53, 2.59552e+12
54, 2.59552e+12
55, 2.49717e+12
56, 2.49717e+12
57, 2.49717e+12
58, 2.49717e+12
59, 2.33135e+12
60, 2.33135e+12
61, 2.33135e+12
62, 2.32255e+12
63, 2.27708e+12
64, 2.15125e+12
65, 2.1349e+12
66, 2.1349e+12
67, 2.1349e+12
68, 2.04726e+12
69, 2.04726e+12
70, 1.91361e+12
71, 1.91361e+12
72, 1.91361e+12
73, 1.91361e+12
74, 1.91361e+12
75, 1.91361e+12
76, 1.91361e+12
77, 1.85217e+12
78, 1.85217e+12
79, 1.85217e+12
80, 1.85217e+12
81, 1.85217e+12
82, 1.85217e+12
83, 1.85217e+12
84, 1.82394e+12
85, 1.81931e+12
86, 1.81931e+12
87, 1.77613e+12
88, 1.77613e+12
89, 1.68087e+12
90, 1.68087e+12
91, 1.68087e+12
92, 1.68087e+12
93, 1.68087e+12
94, 1.68087e+12
95, 1.68087e+12
96, 1.68087e+12
97, 1.54701e+12
98, 1.50589e+12
99, 1.50589e+12
100, 1.50589e+12
101, 1.50589e+12
102, 1.45506e+12
103, 1.343e+12
104, 1.343e+12
105, 1.3096e+12
106, 1.3096e+12
107, 1.3096e+12
108, 1.3096e+12
109, 1.3096e+12
110, 1.26167e+12
111, 1.23767e+12
112, 1.23767e+12
113, 1.23767e+12
114, 1.21739e+12
115, 1.10552e+12
116, 1.10552e+12
117, 1.10552e+12
118, 1.10552e+12
119, 1.10552e+12
120, 1.10552e+12
121, 1.10552e+12
122, 1.10552e+12
123, 1.10552e+12
124, 1.05146e+12
125, 1.05146e+12
126, 1.02004e+12
127, 1.02004e+12
128, 1.02004e+12
129, 1.02004e+12
130, 1.02004e+12
131, 9.79392e+11
132, 9.79392e+11
133, 9.79392e+11
134, 9.72432e+11
135, 9.5079e+11
136, 9.25573e+11
137, 9.25573e+11
138, 9.25573e+11
139, 9.25573e+11
140, 9.25573e+11
141, 9.25573e+11
142, 9.25573e+11
143, 9.25573e+11
144, 9.25573e+11
145, 9.25573e+11
146, 9.25573e+11
147, 9.25573e+11
148, 9.25573e+11
149, 9.25573e+11
150, 9.25573e+11
151, 9.25573e+11
152, 9.25573e+11
153, 9.16063e+11
154, 8.35745e+11
155, 8.35745e+11
156, 8.18908e+11
157, 8.18908e+11
158, 8.18908e+11
159, 8.18908e+11
160, 8.18908e+11
161, 8.18908e+11
162, 8.18908e+11
163, 8.18908e+11
164, 8.18908e+11
165, 8.18908e+11
166, 8.18908e+11
167, 8.18908e+11
168, 8.18908e+11
169, 8.18908e+11
170, 8.18908e+11
171, 8.18908e+11
172, 8.18908e+11
173, 7.9658e+11
174, 7.9658e+11
175, 7.53309e+11
176, 7.53309e+11
177, 7.53309e+11
178, 7.53309e+11
179, 7.53309e+11
180, 7.53309e+11
181, 7.25244e+11
182, 6.93633e+11
183, 6.67376e+11
184, 6.34507e+11
185, 6.34507e+11
186, 6.32083e+11
187, 6.32083e+11
188, 6.30254e+11
189, 6.30254e+11
190, 6.30254e+11
191, 6.30254e+11
192, 6.30254e+11
193, 6.30254e+11
194, 6.30254e+11
195, 6.28499e+11
196, 6.01973e+11
197, 5.83482e+11
198, 5.66616e+11
199, 5.61861e+11
200, 5.61861e+11
201, 5.61861e+11
202, 5.61861e+11
203, 5.61861e+11
204, 5.37548e+11
205, 5.37548e+11
206, 5.37548e+11
207, 5.37548e+11
208, 5.37548e+11
209, 5.37548e+11
210, 5.37548e+11
211, 5.37548e+11
212, 5.2832e+11
213, 5.2832e+11
214, 5.24213e+11
215, 5.24213e+11
216, 5.24213e+11
217, 5.24213e+11
218, 5.24213e+11
219, 5.24213e+11
220, 5.24213e+11
221, 5.24213e+11
222, 5.24213e+11
223, 5.24213e+11
224, 5.24213e+11
225, 5.24213e+11
226, 5.24213e+11
227, 5.24213e+11
228, 5.24213e+11
229, 5.24213e+11
230, 5.24213e+11
231, 5.24213e+11
232, 5.24213e+11
233, 5.24213e+11
234, 5.24213e+11
235, 5.24213e+11
236, 5.24213e+11
237, 5.24213e+11
238, 5.24213e+11
239, 5.24213e+11
240, 5.24213e+11
241, 5.24213e+11
242, 5.24213e+11
243, 5.24213e+11
244, 5.24213e+11
245, 5.24213e+11
246, 5.24213e+11
247, 5.24213e+11
248, 5.24213e+11
249, 5.10679e+11
250, 4.97521e+11
251, 4.63915e+11
252, 4.63915e+11
253, 4.63915e+11
254, 4.63915e+11
255, 4.63915e+11
256, 4.63915e+11
257, 4.63915e+11
258, 4.63915e+11
259, 4.63915e+11
260, 4.63915e+11
261, 4.63915e+11
262, 4.63915e+11
263, 4.63915e+11
264, 4.63915e+11
265, 4.63915e+11
266, 4.49339e+11
267, 4.48185e+11
268, 4.27307e+11
269, 4.21106e+11
270, 4.14006e+11
271, 4.06708e+11
272, 4.06708e+11
273, 4.06708e+11
274, 4.06708e+11
275, 4.06708e+11
276, 4.06708e+11
277, 4.06708e+11
278, 3.86877e+11
279, 3.86877e+11
280, 3.86877e+11
281, 3.7697e+11
282, 3.7697e+11
283, 3.7697e+11
284, 3.7697e+11
285, 3.7697e+11
286, 3.7697e+11
287, 3.7697e+11
288, 3.7697e+11
289, 3.7697e+11
290, 3.7697e+11
291, 3.7697e+11
292, 3.7697e+11
293, 3.7697e+11
294, 3.7697e+11
295, 3.7697e+11
296, 3.7697e+11
297, 3.7697e+11
298, 3.59448e+11
299, 3.52856e+11
300, 3.52856e+11
301, 3.52856e+11
302, 3.52856e+11
303, 3.52856e+11
304, 3.52856e+11
305, 3.52856e+11
306, 3.52856e+11
307, 3.52856e+11
308, 3.52856e+11
309, 3.52856e+11
310, 3.52856e+11
311, 3.52856e+11
312, 3.52856e+11
313, 3.52856e+11
314, 3.52856e+11
315, 3.50295e+11
316, 3.47133e+11
317, 3.36187e+11
318, 3.36187e+11
319, 3.33073e+11
320, 3.33073e+11
321, 3.32796e+11
322, 3.32796e+11
323, 3.32796e+11
324, 3.32796e+11
325, 3.32796e+11
326, 3.32796e+11
327, 3.32796e+11
328, 3.32796e+11
329, 3.32796e+11
330, 3.32796e+11
331, 3.32796e+11
