Iteration, BestFitness
0, 1.86221e+16
1, 2.13807e+14
2, 1.54407e+14
3, 1.54407e+14
4, 1.54407e+14
5, 1.45696e+14
6, 1.45696e+14
7, 1.45696e+14
8, 1.45696e+14
9, 1.45696e+14
10, 1.45696e+14
11, 9.80157e+12
12, 9.80157e+12
13, 9.80157e+12
14, 9.80157e+12
15, 3.22411e+12
16, 3.22411e+12
17, 1.99047e+12
18, 1.99047e+12
19, 1.99047e+12
20, 1.66735e+12
21, 1.66735e+12
22, 1.66735e+12
23, 1.21411e+12
24, 1.21411e+12
25, 1.21411e+12
26, 1.21411e+12
27, 1.21411e+12
28, 9.76332e+11
29, 9.76332e+11
30, 6.71807e+11
31, 6.43505e+11
32, 3.32616e+11
33, 3.32616e+11
34, 3.32616e+11
35, 3.32616e+11
36, 3.31671e+11
37, 2.34575e+11
38, 2.22966e+11
39, 1.98839e+11
40, 1.98839e+11
41, 1.6515e+11
42, 1.6515e+11
43, 1.6515e+11
44, 9.17443e+10
45, 9.17443e+10
46, 9.17443e+10
47, 9.17443e+10
48, 9.17443e+10
49, 9.17443e+10
50, 6.14165e+10
51, 3.98858e+10
52, 2.85649e+10
53, 2.67331e+10
54, 2.67331e+10
55, 2.67331e+10
56, 2.49461e+10
57, 2.10833e+10
58, 2.10833e+10
59, 2.10833e+10
60, 2.10833e+10
61, 2.10833e+10
62, 2.10833e+10
63, 2.10833e+10
64, 2.10833e+10
65, 1.24426e+10
66, 1.24426e+10
67, 1.16695e+10
68, 9.88656e+09
69, 6.58743e+09
70, 4.66202e+09
71, 4.3957e+09
72, 4.3957e+09
73, 4.3957e+09
74, 4.3957e+09
75, 4.3957e+09
76, 4.3957e+09
77, 4.3957e+09
78, 3.92231e+09
79, 3.92231e+09
80, 3.92231e+09
81, 3.92231e+09
82, 3.92231e+09
83, 3.92231e+09
84, 3.92231e+09
85, 1.61261e+09
86, 1.61261e+09
87, 1.61261e+09
88, 1.61261e+09
89, 1.61261e+09
90, 1.61261e+09
91, 1.29979e+09
92, 1.29979e+09
93, 1.29979e+09
94, 1.29979e+09
95, 1.29979e+09
96, 1.29979e+09
97, 1.29979e+09
98, 1.29979e+09
99, 1.29979e+09
100, 6.99104e+08
101, 6.99104e+08
102, 6.99104e+08
103, 5.66713e+08
104, 5.66713e+08
105, 5.66713e+08
106, 5.66713e+08
107, 5.66713e+08
108, 5.66713e+08
109, 3.59154e+08
110, 2.63067e+08
111, 2.55531e+08
112, 2.55531e+08
113, 1.9314e+08
114, 1.11095e+08
115, 1.11095e+08
116, 1.11095e+08
117, 8.43281e+07
118, 8.43281e+07
119, 8.43281e+07
120, 8.43281e+07
121, 8.43281e+07
122, 8.43281e+07
123, 8.43281e+07
124, 8.43281e+07
125, 8.43281e+07
126, 8.43281e+07
127, 8.43281e+07
128, 8.43281e+07
129, 8.43281e+07
130, 8.43281e+07
131, 8.43281e+07
132, 8.43281e+07
133, 8.43281e+07
134, 8.43281e+07
135, 8.43281e+07
136, 8.43281e+07
137, 8.43281e+07
138, 8.43281e+07
139, 8.43281e+07
140, 8.43281e+07
141, 8.43281e+07
142, 8.43281e+07
143, 8.43281e+07
144, 8.43281e+07
145, 8.43281e+07
146, 8.43281e+07
147, 8.43281e+07
148, 8.43281e+07
149, 8.43281e+07
150, 8.43281e+07
151, 7.32633e+07
152, 7.32633e+07
153, 7.32633e+07
154, 7.32633e+07
155, 7.32633e+07
156, 7.32633e+07
157, 7.32633e+07
158, 7.32633e+07
159, 7.32633e+07
160, 7.32633e+07
161, 7.32633e+07
162, 7.32633e+07
163, 7.32633e+07
164, 7.32633e+07
165, 7.32633e+07
166, 6.96052e+07
167, 6.96052e+07
168, 6.96052e+07
169, 6.96052e+07
170, 6.96052e+07
171, 6.30893e+07
172, 6.30893e+07
173, 6.30893e+07
174, 6.30893e+07
175, 6.30893e+07
176, 6.30893e+07
177, 6.30893e+07
178, 6.30893e+07
179, 6.30893e+07
180, 6.30893e+07
181, 6.30893e+07
182, 6.30893e+07
183, 6.30893e+07
184, 6.30893e+07
185, 6.30893e+07
186, 6.30893e+07
187, 6.30893e+07
188, 6.30893e+07
189, 6.30893e+07
190, 6.30893e+07
191, 6.30893e+07
192, 6.30893e+07
193, 6.30893e+07
194, 6.30893e+07
195, 6.30893e+07
196, 6.30893e+07
197, 5.85449e+07
198, 5.85449e+07
199, 5.85449e+07
200, 5.85449e+07
201, 5.85449e+07
202, 5.85449e+07
203, 5.85449e+07
204, 5.85449e+07
205, 5.85449e+07
206, 5.85449e+07
207, 5.85449e+07
208, 5.73588e+07
209, 5.04333e+07
210, 5.04333e+07
211, 5.04333e+07
212, 5.04333e+07
213, 5.04333e+07
214, 5.04333e+07
215, 5.04333e+07
216, 5.04333e+07
217, 5.04333e+07
218, 5.04333e+07
219, 5.04333e+07
220, 5.04333e+07
221, 5.04333e+07
222, 4.93151e+07
223, 4.93151e+07
224, 4.93151e+07
225, 4.93151e+07
226, 4.93151e+07
227, 4.93151e+07
228, 4.93151e+07
229, 4.93151e+07
230, 4.93151e+07
231, 4.93151e+07
232, 4.93151e+07
233, 4.93151e+07
234, 4.93151e+07
235, 4.93151e+07
236, 4.93151e+07
237, 4.93151e+07
238, 4.93151e+07
239, 4.93151e+07
240, 4.23085e+07
241, 4.23085e+07
242, 4.23085e+07
243, 4.23085e+07
244, 4.23085e+07
245, 4.23085e+07
246, 4.23085e+07
247, 4.23085e+07
248, 4.23085e+07
249, 4.23085e+07
250, 4.23085e+07
251, 4.23085e+07
252, 4.23085e+07
253, 4.23085e+07
254, 4.23085e+07
255, 4.23085e+07
256, 4.23085e+07
257, 4.23085e+07
258, 4.23085e+07
259, 4.23085e+07
260, 4.23085e+07
261, 4.23085e+07
262, 4.17151e+07
263, 4.17151e+07
264, 4.17151e+07
265, 4.17151e+07
266, 4.17151e+07
267, 4.17151e+07
268, 4.17151e+07
269, 4.17151e+07
270, 4.17151e+07
271, 4.17151e+07
272, 4.17151e+07
273, 4.17151e+07
274, 4.17151e+07
275, 4.17151e+07
276, 4.17151e+07
277, 4.17151e+07
278, 4.17151e+07
279, 4.17151e+07
280, 4.17151e+07
281, 4.17151e+07
282, 4.17151e+07
283, 4.17151e+07
284, 4.17151e+07
285, 4.17151e+07
286, 4.17151e+07
287, 4.17151e+07
288, 4.17151e+07
289, 4.17151e+07
290, 4.17151e+07
291, 4.17151e+07
292, 4.17151e+07
293, 4.17151e+07
294, 4.17151e+07
295, 4.11306e+07
296, 4.11306e+07
297, 4.11306e+07
298, 4.11306e+07
299, 4.11306e+07
300, 4.11306e+07
301, 4.11306e+07
302, 4.11306e+07
303, 4.11306e+07
304, 4.11306e+07
305, 4.11306e+07
306, 3.92473e+07
307, 3.92473e+07
308, 3.92473e+07
309, 3.92473e+07
310, 3.92473e+07
311, 3.92473e+07
312, 3.92473e+07
313, 3.92473e+07
314, 3.92473e+07
315, 3.92473e+07
316, 3.92473e+07
317, 3.92473e+07
318, 3.92473e+07
319, 3.92473e+07
320, 3.92473e+07
321, 3.92473e+07
322, 3.92473e+07
323, 3.92473e+07
324, 3.92473e+07
325, 3.92473e+07
326, 3.92473e+07
327, 3.92473e+07
328, 3.92473e+07
329, 3.92473e+07
330, 3.92473e+07
331, 3.92473e+07
332, 3.92473e+07
333, 3.92473e+07
334, 3.40477e+07
335, 3.40477e+07
336, 3.40477e+07
337, 3.40477e+07
338, 3.40477e+07
339, 3.40477e+07
340, 3.40477e+07
341, 3.40477e+07
342, 3.40477e+07
343, 3.40477e+07
344, 3.40477e+07
345, 3.40477e+07
346, 3.40477e+07
347, 3.40477e+07
348, 3.40477e+07
349, 3.40477e+07
350, 3.40477e+07
351, 3.40477e+07
352, 3.40477e+07
353, 3.40477e+07
354, 3.40477e+07
355, 3.40477e+07
356, 3.40477e+07
357, 3.40477e+07
358, 3.40477e+07
359, 3.40477e+07
360, 3.40477e+07
361, 3.40477e+07
362, 3.40477e+07
363, 3.40477e+07
364, 3.40477e+07
365, 3.40477e+07
366, 3.40477e+07
367, 3.40477e+07
368, 3.40477e+07
369, 3.40477e+07
370, 3.40477e+07
371, 3.40477e+07
372, 3.40477e+07
373, 3.40477e+07
374, 3.40477e+07
375, 3.40477e+07
376, 2.77037e+07
377, 2.77037e+07
378, 2.77037e+07
379, 2.77037e+07
380, 2.77037e+07
381, 2.77037e+07
382, 2.77037e+07
383, 2.77037e+07
384, 2.77037e+07
385, 2.77037e+07
386, 2.77037e+07
387, 2.77037e+07
388, 2.77037e+07
389, 2.77037e+07
390, 2.77037e+07
391, 2.77037e+07
392, 2.77037e+07
393, 2.77037e+07
394, 2.77037e+07
395, 2.77037e+07
396, 2.77037e+07
397, 2.77037e+07
398, 2.77037e+07
399, 2.77037e+07
400, 2.77037e+07
401, 2.77037e+07
402, 2.77037e+07
403, 2.77037e+07
404, 2.77037e+07
405, 2.77037e+07
406, 2.77037e+07
407, 2.77037e+07
408, 2.77037e+07
409, 2.77037e+07
410, 2.77037e+07
411, 2.77037e+07
412, 2.77037e+07
413, 2.77037e+07
414, 2.77037e+07
415, 2.77037e+07
416, 2.77037e+07
417, 2.64062e+07
418, 2.64062e+07
419, 2.64062e+07
420, 2.64062e+07
421, 2.64062e+07
422, 2.64062e+07
423, 2.64062e+07
424, 2.64062e+07
425, 2.64062e+07
426, 2.64062e+07
427, 2.64062e+07
428, 2.64062e+07
429, 2.64062e+07
430, 2.64062e+07
431, 2.64062e+07
432, 2.64062e+07
433, 2.64062e+07
434, 2.64062e+07
435, 2.64062e+07
436, 2.64062e+07
437, 2.64062e+07
438, 2.64062e+07
439, 2.64062e+07
440, 2.64062e+07
441, 2.64062e+07
442, 2.64062e+07
443, 2.64062e+07
444, 2.64062e+07
445, 2.64062e+07
446, 2.64062e+07
447, 2.64062e+07
448, 2.64062e+07
449, 2.43511e+07
450, 2.43511e+07
451, 2.43511e+07
452, 2.43511e+07
453, 2.43511e+07
454, 2.43511e+07
455, 2.43511e+07
456, 2.43511e+07
457, 2.43511e+07
458, 2.43511e+07
459, 2.43511e+07
460, 2.43511e+07
461, 2.43511e+07
462, 2.43511e+07
463, 2.43511e+07
464, 2.43511e+07
465, 2.43511e+07
466, 2.43511e+07
467, 2.43511e+07
468, 2.43511e+07
469, 2.43511e+07
470, 2.43511e+07
471, 2.43511e+07
472, 2.43511e+07
473, 2.43511e+07
474, 2.43511e+07
475, 2.43511e+07
476, 2.43511e+07
477, 2.43511e+07
478, 2.43511e+07
479, 2.43511e+07
480, 2.43511e+07
481, 2.43511e+07
482, 2.43511e+07
483, 2.43511e+07
484, 2.43511e+07
485, 2.43511e+07
486, 2.43511e+07
487, 2.43511e+07
488, 2.43511e+07
489, 2.43511e+07
490, 2.43511e+07
491, 2.43511e+07
492, 2.43511e+07
493, 2.43511e+07
494, 2.43511e+07
495, 2.43511e+07
496, 2.43511e+07
497, 2.43511e+07
