Iteration, BestFitness
0, 6.71358e+17
1, 1.19232e+16
2, 6.00596e+15
3, 1.41861e+14
4, 4.43691e+13
5, 4.13617e+13
6, 4.03167e+13
7, 4.03167e+13
8, 1.87303e+13
9, 1.87303e+13
10, 1.87303e+13
11, 7.32943e+12
12, 7.32943e+12
13, 7.32943e+12
14, 7.32943e+12
15, 7.32943e+12
16, 6.04756e+12
17, 3.9283e+12
18, 2.13479e+12
19, 2.13479e+12
20, 1.32391e+12
21, 1.32391e+12
22, 8.31604e+11
23, 6.27087e+11
24, 6.27087e+11
25, 6.27087e+11
26, 5.06117e+11
27, 3.51969e+11
28, 2.84009e+11
29, 2.28569e+11
30, 2.28569e+11
31, 2.28569e+11
32, 2.28569e+11
33, 2.28569e+11
34, 2.28569e+11
35, 2.24411e+11
36, 1.23544e+11
37, 1.23544e+11
38, 1.23544e+11
39, 8.73077e+10
40, 7.44177e+10
41, 6.98812e+10
42, 6.98812e+10
43, 6.98812e+10
44, 5.7409e+10
45, 5.29745e+10
46, 4.19177e+10
47, 2.90093e+10
48, 2.24559e+10
49, 2.24559e+10
50, 2.24559e+10
51, 2.24559e+10
52, 2.02728e+10
53, 2.02728e+10
54, 2.02728e+10
55, 2.02728e+10
56, 1.61991e+10
57, 1.54009e+10
58, 1.16499e+10
59, 1.16499e+10
60, 1.12706e+10
61, 1.12706e+10
62, 1.12706e+10
63, 1.04976e+10
64, 1.04976e+10
65, 7.03972e+09
66, 7.03972e+09
67, 6.25758e+09
68, 6.25758e+09
69, 6.25758e+09
70, 4.75116e+09
71, 4.75116e+09
72, 3.41234e+09
73, 3.41234e+09
74, 3.41234e+09
75, 3.41234e+09
76, 3.41234e+09
77, 3.41234e+09
78, 3.41234e+09
79, 2.16438e+09
80, 2.16438e+09
81, 2.16438e+09
82, 2.16438e+09
83, 2.16438e+09
84, 2.16438e+09
85, 2.08559e+09
86, 2.08559e+09
87, 2.08559e+09
88, 2.08559e+09
89, 1.70215e+09
90, 1.2409e+09
91, 1.06559e+09
92, 1.06559e+09
93, 8.21153e+08
94, 8.21153e+08
95, 8.21153e+08
96, 8.15234e+08
97, 8.15234e+08
98, 8.15234e+08
99, 8.15234e+08
100, 8.15234e+08
101, 8.15234e+08
102, 8.15234e+08
103, 4.99914e+08
104, 4.99914e+08
105, 4.99914e+08
106, 4.99914e+08
107, 4.99914e+08
108, 4.99914e+08
109, 3.52006e+08
110, 3.52006e+08
111, 3.52006e+08
112, 3.52006e+08
113, 3.1508e+08
114, 1.60254e+08
115, 1.60254e+08
116, 1.60254e+08
117, 1.60254e+08
118, 1.60254e+08
119, 1.60254e+08
120, 1.60254e+08
121, 1.60254e+08
122, 1.60254e+08
123, 1.60254e+08
124, 1.19458e+08
125, 1.19458e+08
126, 1.19458e+08
127, 1.06246e+08
128, 1.06246e+08
129, 8.10608e+07
130, 8.10608e+07
131, 7.7042e+07
132, 7.7042e+07
133, 7.7042e+07
134, 7.7042e+07
135, 7.7042e+07
136, 7.7042e+07
137, 7.7042e+07
138, 7.7042e+07
139, 7.7042e+07
140, 7.7042e+07
141, 7.7042e+07
142, 7.7042e+07
143, 7.7042e+07
144, 7.7042e+07
145, 7.7042e+07
146, 7.7042e+07
147, 7.7042e+07
148, 7.7042e+07
149, 7.7042e+07
150, 7.7042e+07
151, 7.7042e+07
152, 7.7042e+07
153, 6.33777e+07
154, 6.33777e+07
155, 6.33777e+07
156, 6.33777e+07
157, 6.33777e+07
158, 6.33777e+07
159, 6.33777e+07
160, 6.33777e+07
161, 6.33777e+07
162, 6.33777e+07
163, 6.33777e+07
164, 6.33777e+07
165, 6.33777e+07
166, 6.33777e+07
167, 6.33777e+07
168, 6.33777e+07
169, 6.33777e+07
170, 6.33777e+07
171, 6.33777e+07
172, 6.33777e+07
173, 6.33777e+07
174, 6.33777e+07
175, 6.33777e+07
176, 6.33777e+07
177, 6.33777e+07
178, 6.33777e+07
179, 6.33777e+07
180, 6.33777e+07
181, 6.33777e+07
182, 6.33777e+07
183, 6.33777e+07
184, 6.15743e+07
185, 6.15743e+07
186, 6.15743e+07
187, 6.15743e+07
188, 6.15743e+07
189, 6.15743e+07
190, 6.15743e+07
191, 6.15743e+07
192, 6.15743e+07
193, 6.15743e+07
194, 6.15743e+07
195, 6.15743e+07
196, 6.15743e+07
197, 6.15743e+07
198, 6.15743e+07
199, 6.15743e+07
200, 6.15743e+07
201, 6.15743e+07
202, 6.15743e+07
203, 6.15743e+07
204, 6.15743e+07
205, 6.15743e+07
206, 6.15743e+07
207, 6.15743e+07
208, 6.15743e+07
209, 6.15743e+07
210, 6.15743e+07
211, 6.15743e+07
212, 6.15743e+07
213, 6.15743e+07
214, 6.15743e+07
215, 6.15743e+07
216, 6.15743e+07
217, 6.15743e+07
218, 6.15743e+07
219, 6.15743e+07
220, 5.2739e+07
221, 5.2739e+07
222, 5.2739e+07
223, 5.2739e+07
224, 5.2739e+07
225, 5.2739e+07
226, 5.2739e+07
227, 5.2739e+07
228, 5.2739e+07
229, 5.2739e+07
230, 5.2739e+07
231, 5.2739e+07
232, 5.2739e+07
233, 5.2739e+07
234, 5.2739e+07
235, 5.2739e+07
236, 5.2739e+07
237, 5.2739e+07
238, 5.2739e+07
239, 5.2739e+07
240, 5.2739e+07
241, 5.2739e+07
242, 5.2739e+07
243, 5.2739e+07
244, 5.2739e+07
245, 5.2739e+07
246, 5.2739e+07
247, 5.2739e+07
248, 5.2739e+07
249, 5.2739e+07
250, 5.2739e+07
251, 5.2739e+07
252, 5.2739e+07
253, 5.2739e+07
254, 5.2739e+07
255, 5.2739e+07
256, 5.2739e+07
257, 5.2739e+07
258, 5.2739e+07
259, 5.2739e+07
260, 5.2739e+07
261, 5.2739e+07
262, 5.2739e+07
263, 5.2739e+07
264, 5.2739e+07
265, 5.2739e+07
266, 5.2739e+07
267, 5.2739e+07
268, 5.2739e+07
269, 5.2739e+07
270, 5.2739e+07
271, 5.2739e+07
272, 5.2739e+07
273, 5.2739e+07
274, 5.2739e+07
275, 5.2739e+07
276, 5.2739e+07
277, 5.2739e+07
278, 4.65786e+07
279, 4.65786e+07
280, 4.65786e+07
281, 4.65786e+07
282, 4.65786e+07
283, 4.65786e+07
284, 4.65786e+07
285, 4.65786e+07
286, 4.65786e+07
287, 4.57875e+07
288, 4.57875e+07
289, 4.57875e+07
290, 4.57875e+07
291, 4.57875e+07
292, 4.57875e+07
293, 4.57875e+07
294, 4.57875e+07
295, 4.57875e+07
296, 4.57875e+07
297, 4.57875e+07
298, 3.57373e+07
299, 3.57373e+07
300, 3.57373e+07
301, 3.57373e+07
302, 3.57373e+07
303, 3.57373e+07
304, 3.57373e+07
305, 3.57373e+07
306, 3.57373e+07
307, 3.57373e+07
308, 3.57373e+07
309, 3.57373e+07
310, 3.57373e+07
311, 3.57373e+07
312, 3.57373e+07
313, 3.57373e+07
314, 3.57373e+07
315, 3.57373e+07
316, 3.57373e+07
317, 3.57373e+07
318, 3.57373e+07
319, 3.57373e+07
320, 3.57373e+07
321, 3.57373e+07
322, 3.57373e+07
323, 3.57373e+07
324, 3.57373e+07
325, 3.57373e+07
326, 3.57373e+07
327, 3.57373e+07
328, 3.57373e+07
329, 3.57373e+07
330, 3.57373e+07
331, 3.57373e+07
332, 3.57373e+07
333, 3.57373e+07
334, 3.57373e+07
335, 3.57373e+07
336, 3.57373e+07
337, 3.57373e+07
338, 3.57373e+07
339, 3.57373e+07
340, 3.57373e+07
341, 3.57373e+07
342, 3.57373e+07
343, 3.57373e+07
344, 3.57373e+07
345, 3.57373e+07
346, 3.57373e+07
347, 3.57373e+07
348, 3.57373e+07
349, 3.57373e+07
350, 3.57373e+07
351, 3.57373e+07
352, 3.57373e+07
353, 3.57373e+07
354, 3.57373e+07
355, 3.49918e+07
356, 3.49918e+07
357, 3.49918e+07
358, 3.49918e+07
359, 3.49918e+07
360, 3.49918e+07
361, 3.49918e+07
362, 3.23327e+07
363, 3.23327e+07
364, 3.23327e+07
365, 3.23327e+07
366, 3.23327e+07
367, 2.78293e+07
368, 2.78293e+07
369, 2.78293e+07
370, 2.78293e+07
371, 2.78293e+07
372, 2.78293e+07
373, 2.78293e+07
374, 2.78293e+07
375, 2.78293e+07
376, 2.78293e+07
377, 2.78293e+07
378, 2.78293e+07
379, 2.78293e+07
380, 2.78293e+07
381, 2.78293e+07
382, 2.78293e+07
383, 2.78293e+07
384, 2.78293e+07
385, 2.78293e+07
386, 2.78293e+07
387, 2.78293e+07
388, 2.78293e+07
389, 2.78293e+07
390, 2.78293e+07
391, 2.78293e+07
392, 2.78293e+07
393, 2.78293e+07
394, 2.78293e+07
395, 2.78293e+07
396, 2.78293e+07
397, 2.78293e+07
398, 2.78293e+07
399, 2.78293e+07
400, 2.78293e+07
401, 2.78293e+07
402, 2.78293e+07
403, 2.78293e+07
404, 2.78293e+07
405, 2.78293e+07
406, 2.78293e+07
407, 2.78293e+07
408, 2.78293e+07
409, 2.78293e+07
410, 2.78293e+07
411, 2.78293e+07
412, 2.78293e+07
413, 2.78293e+07
414, 2.78293e+07
415, 2.78293e+07
416, 2.78293e+07
417, 2.78293e+07
418, 2.78293e+07
419, 2.78293e+07
420, 2.78293e+07
421, 2.59537e+07
422, 2.59537e+07
423, 2.59537e+07
424, 2.59537e+07
425, 2.59537e+07
426, 2.59537e+07
427, 2.59537e+07
428, 2.59537e+07
429, 2.59537e+07
430, 2.59537e+07
431, 2.59537e+07
432, 2.59537e+07
433, 2.59537e+07
434, 2.59537e+07
435, 2.59537e+07
436, 2.59537e+07
437, 2.59537e+07
438, 2.59537e+07
439, 2.59537e+07
440, 2.59537e+07
441, 2.59537e+07
442, 2.59537e+07
443, 2.59537e+07
444, 2.59537e+07
445, 2.47535e+07
446, 2.47535e+07
447, 2.40404e+07
448, 2.40404e+07
449, 2.40404e+07
450, 2.32898e+07
451, 2.32898e+07
452, 2.32898e+07
453, 2.14279e+07
454, 2.14279e+07
455, 2.14279e+07
456, 2.14279e+07
457, 2.14279e+07
458, 2.14279e+07
459, 2.14279e+07
460, 2.14279e+07
461, 2.14279e+07
462, 2.14279e+07
463, 2.14279e+07
464, 2.14279e+07
465, 2.14279e+07
466, 2.14279e+07
467, 2.14279e+07
468, 2.14279e+07
469, 2.14279e+07
470, 2.14279e+07
471, 2.14279e+07
472, 2.14279e+07
473, 2.14279e+07
474, 2.14279e+07
475, 2.14279e+07
476, 2.13882e+07
477, 2.10078e+07
478, 2.10078e+07
479, 2.10078e+07
480, 2.10078e+07
481, 1.94212e+07
482, 1.94212e+07
483, 1.94212e+07
484, 1.94212e+07
485, 1.94212e+07
486, 1.94212e+07
487, 1.94212e+07
488, 1.94212e+07
489, 1.94212e+07
490, 1.94212e+07
491, 1.94212e+07
492, 1.94212e+07
493, 1.94212e+07
494, 1.94212e+07
495, 1.94212e+07
496, 1.94212e+07
497, 1.94212e+07
