Iteration, BestFitness
0, 2.54822e+15
1, 2.54822e+15
2, 1.56442e+14
3, 1.56442e+14
4, 1.56442e+14
5, 3.01584e+13
6, 4.08299e+12
7, 4.08299e+12
8, 4.08299e+12
9, 4.08299e+12
10, 4.08299e+12
11, 4.08299e+12
12, 4.08299e+12
13, 4.08299e+12
14, 2.94606e+12
15, 2.52735e+12
16, 1.90585e+12
17, 1.77686e+12
18, 1.77686e+12
19, 1.67133e+12
20, 1.3622e+12
21, 1.3622e+12
22, 1.3622e+12
23, 1.3622e+12
24, 1.3337e+12
25, 1.09448e+12
26, 9.23323e+11
27, 9.14896e+11
28, 9.14896e+11
29, 8.64639e+11
30, 7.29524e+11
31, 6.07426e+11
32, 6.07426e+11
33, 6.07426e+11
34, 4.97392e+11
35, 4.76501e+11
36, 4.75596e+11
37, 4.75596e+11
38, 4.75596e+11
39, 4.45356e+11
40, 3.66049e+11
41, 3.66049e+11
42, 3.66049e+11
43, 3.62239e+11
44, 3.62239e+11
45, 3.31854e+11
46, 3.31854e+11
47, 3.19738e+11
48, 3.19738e+11
49, 3.19738e+11
50, 2.56404e+11
51, 2.50988e+11
52, 2.10291e+11
53, 1.88217e+11
54, 1.83304e+11
55, 1.82372e+11
56, 1.71821e+11
57, 1.71821e+11
58, 1.59749e+11
59, 1.59749e+11
60, 1.50643e+11
61, 1.50643e+11
62, 1.50643e+11
63, 1.50643e+11
64, 1.50225e+11
65, 1.44692e+11
66, 1.44692e+11
67, 1.44692e+11
68, 1.44692e+11
69, 1.379e+11
70, 1.379e+11
71, 1.28983e+11
72, 1.06212e+11
73, 1.06212e+11
74, 1.06212e+11
75, 1.05533e+11
76, 1.05533e+11
77, 1.05533e+11
78, 1.05533e+11
79, 1.03615e+11
80, 9.65292e+10
81, 9.53266e+10
82, 9.53266e+10
83, 9.03906e+10
84, 8.57083e+10
85, 8.57083e+10
86, 8.57083e+10
87, 8.57083e+10
88, 8.57083e+10
89, 8.57083e+10
90, 8.57083e+10
91, 8.48991e+10
92, 8.48991e+10
93, 8.48991e+10
94, 7.92844e+10
95, 7.92844e+10
96, 7.74637e+10
97, 6.63953e+10
98, 6.53158e+10
99, 6.53158e+10
100, 6.53158e+10
101, 6.53158e+10
102, 6.53158e+10
103, 6.24041e+10
104, 6.24041e+10
105, 5.91793e+10
106, 5.91793e+10
107, 5.91793e+10
108, 5.91793e+10
109, 5.91793e+10
110, 5.91793e+10
111, 5.91793e+10
112, 5.91793e+10
113, 5.91793e+10
114, 5.81499e+10
115, 5.81499e+10
116, 5.4142e+10
117, 5.4142e+10
118, 5.4142e+10
119, 5.4142e+10
120, 5.35066e+10
121, 4.87712e+10
122, 4.75914e+10
123, 4.75914e+10
124, 4.75914e+10
125, 4.75914e+10
126, 4.61073e+10
127, 4.59702e+10
128, 4.59702e+10
129, 4.59702e+10
130, 4.59702e+10
131, 4.47753e+10
132, 4.47753e+10
133, 4.47753e+10
134, 4.47753e+10
135, 4.4364e+10
136, 4.42073e+10
137, 4.42073e+10
138, 4.42073e+10
139, 4.42073e+10
140, 4.40399e+10
141, 4.40399e+10
142, 4.40399e+10
143, 4.03162e+10
144, 4.03162e+10
145, 4.03162e+10
146, 4.03162e+10
147, 4.03162e+10
148, 4.03162e+10
149, 3.98257e+10
150, 3.91539e+10
151, 3.91539e+10
152, 3.89129e+10
153, 3.7577e+10
154, 3.7577e+10
155, 3.73189e+10
156, 3.73189e+10
157, 3.68089e+10
158, 3.68089e+10
159, 3.68089e+10
160, 3.68089e+10
161, 3.68089e+10
162, 3.64522e+10
163, 3.52702e+10
164, 3.52702e+10
165, 3.52702e+10
166, 3.52702e+10
167, 3.52702e+10
168, 3.52702e+10
169, 3.52702e+10
170, 3.52702e+10
171, 3.50467e+10
172, 3.50467e+10
173, 3.50467e+10
174, 3.50467e+10
175, 3.4487e+10
176, 3.42779e+10
177, 3.4249e+10
178, 3.39062e+10
179, 3.34424e+10
180, 3.34424e+10
181, 3.34424e+10
182, 3.34424e+10
183, 3.3344e+10
184, 3.26132e+10
185, 3.26132e+10
186, 3.26132e+10
187, 3.24897e+10
188, 3.24897e+10
189, 3.24897e+10
190, 3.20238e+10
191, 3.20238e+10
192, 3.20238e+10
193, 3.20238e+10
194, 3.19137e+10
195, 3.18031e+10
196, 3.16182e+10
197, 3.15721e+10
198, 3.15721e+10
199, 3.15721e+10
200, 3.151e+10
201, 3.10939e+10
202, 3.10221e+10
203, 3.06761e+10
204, 3.0361e+10
205, 3.01713e+10
206, 3.01713e+10
207, 3.01713e+10
208, 2.98632e+10
209, 2.98632e+10
210, 2.98632e+10
211, 2.98342e+10
212, 2.96787e+10
213, 2.96787e+10
214, 2.96787e+10
215, 2.96787e+10
216, 2.96787e+10
217, 2.95353e+10
218, 2.95353e+10
219, 2.95353e+10
220, 2.95353e+10
221, 2.94923e+10
222, 2.91972e+10
223, 2.91972e+10
224, 2.91972e+10
225, 2.91972e+10
226, 2.91972e+10
227, 2.91972e+10
228, 2.91128e+10
229, 2.91128e+10
230, 2.91128e+10
231, 2.91128e+10
232, 2.90984e+10
233, 2.89272e+10
234, 2.87904e+10
235, 2.87904e+10
236, 2.87904e+10
237, 2.87904e+10
238, 2.87904e+10
239, 2.85551e+10
240, 2.85551e+10
241, 2.85551e+10
242, 2.85551e+10
243, 2.85463e+10
244, 2.85463e+10
245, 2.85463e+10
246, 2.85463e+10
247, 2.85463e+10
248, 2.85288e+10
249, 2.85288e+10
250, 2.85288e+10
251, 2.84318e+10
252, 2.83713e+10
253, 2.81947e+10
254, 2.81947e+10
255, 2.81947e+10
256, 2.81947e+10
257, 2.81947e+10
258, 2.81947e+10
259, 2.79668e+10
260, 2.79668e+10
261, 2.79016e+10
262, 2.7857e+10
263, 2.7857e+10
264, 2.77321e+10
265, 2.77321e+10
266, 2.76433e+10
267, 2.76233e+10
268, 2.76233e+10
269, 2.76233e+10
270, 2.76233e+10
271, 2.76233e+10
272, 2.75882e+10
273, 2.75882e+10
274, 2.74467e+10
275, 2.74467e+10
276, 2.74467e+10
277, 2.74467e+10
278, 2.74352e+10
279, 2.73673e+10
280, 2.73673e+10
281, 2.73673e+10
282, 2.72789e+10
283, 2.72789e+10
284, 2.72789e+10
285, 2.72543e+10
286, 2.72543e+10
287, 2.72543e+10
288, 2.72543e+10
289, 2.72543e+10
290, 2.72543e+10
291, 2.72298e+10
292, 2.72282e+10
293, 2.71249e+10
294, 2.70994e+10
295, 2.70994e+10
296, 2.70994e+10
297, 2.70994e+10
298, 2.70994e+10
299, 2.70994e+10
300, 2.70959e+10
301, 2.70959e+10
302, 2.69894e+10
303, 2.69124e+10
304, 2.69124e+10
305, 2.68926e+10
306, 2.68926e+10
307, 2.68839e+10
308, 2.68218e+10
309, 2.67921e+10
310, 2.67921e+10
311, 2.67443e+10
312, 2.67443e+10
313, 2.67443e+10
314, 2.67443e+10
315, 2.67443e+10
316, 2.67443e+10
317, 2.67443e+10
318, 2.67407e+10
319, 2.67173e+10
320, 2.67173e+10
321, 2.66866e+10
322, 2.66745e+10
323, 2.66254e+10
324, 2.65923e+10
325, 2.65923e+10
326, 2.65923e+10
327, 2.65923e+10
328, 2.65923e+10
329, 2.65923e+10
330, 2.65923e+10
331, 2.65923e+10
332, 2.65923e+10
333, 2.65923e+10
334, 2.65923e+10
335, 2.65923e+10
336, 2.65923e+10
337, 2.65923e+10
338, 2.65923e+10
339, 2.65923e+10
340, 2.65923e+10
341, 2.65923e+10
342, 2.65923e+10
343, 2.65671e+10
344, 2.65348e+10
345, 2.65348e+10
346, 2.65348e+10
347, 2.65348e+10
348, 2.65037e+10
349, 2.65037e+10
350, 2.64889e+10
351, 2.64889e+10
352, 2.64889e+10
353, 2.64889e+10
354, 2.64689e+10
355, 2.64689e+10
356, 2.64689e+10
357, 2.64185e+10
358, 2.64185e+10
359, 2.64185e+10
360, 2.64185e+10
361, 2.64185e+10
362, 2.64185e+10
363, 2.64185e+10
364, 2.64155e+10
365, 2.64155e+10
366, 2.64155e+10
367, 2.64095e+10
368, 2.63972e+10
369, 2.63972e+10
370, 2.63972e+10
371, 2.63972e+10
372, 2.63769e+10
373, 2.63564e+10
374, 2.63564e+10
375, 2.63564e+10
376, 2.63564e+10
377, 2.63564e+10
378, 2.63425e+10
379, 2.63425e+10
380, 2.63341e+10
381, 2.63341e+10
382, 2.63341e+10
383, 2.63341e+10
384, 2.63341e+10
385, 2.63341e+10
386, 2.63275e+10
387, 2.62937e+10
388, 2.62937e+10
389, 2.62937e+10
390, 2.62937e+10
391, 2.62937e+10
392, 2.62937e+10
393, 2.62937e+10
394, 2.62937e+10
395, 2.62937e+10
396, 2.62937e+10
397, 2.62937e+10
398, 2.62937e+10
399, 2.62869e+10
400, 2.62662e+10
401, 2.62662e+10
402, 2.62662e+10
403, 2.62554e+10
404, 2.62513e+10
405, 2.62485e+10
406, 2.62392e+10
407, 2.62392e+10
408, 2.62392e+10
409, 2.62392e+10
410, 2.62392e+10
411, 2.62392e+10
412, 2.62392e+10
413, 2.62392e+10
414, 2.62388e+10
415, 2.62388e+10
416, 2.62341e+10
417, 2.62341e+10
418, 2.62341e+10
419, 2.62341e+10
420, 2.62177e+10
421, 2.62177e+10
422, 2.62177e+10
423, 2.62177e+10
424, 2.62177e+10
425, 2.62177e+10
426, 2.62177e+10
427, 2.62177e+10
428, 2.62177e+10
429, 2.62156e+10
430, 2.62111e+10
431, 2.62111e+10
432, 2.62075e+10
433, 2.61977e+10
434, 2.61977e+10
435, 2.61977e+10
436, 2.61977e+10
437, 2.61839e+10
438, 2.61839e+10
439, 2.6179e+10
440, 2.61776e+10
441, 2.61776e+10
442, 2.61776e+10
443, 2.61776e+10
444, 2.61776e+10
445, 2.61776e+10
446, 2.61709e+10
447, 2.61674e+10
448, 2.61674e+10
449, 2.61674e+10
450, 2.61674e+10
451, 2.61674e+10
452, 2.61674e+10
453, 2.61674e+10
454, 2.61647e+10
455, 2.61647e+10
456, 2.61541e+10
457, 2.61541e+10
458, 2.61541e+10
459, 2.61529e+10
460, 2.61529e+10
461, 2.6142e+10
462, 2.6142e+10
463, 2.6142e+10
464, 2.6142e+10
465, 2.6142e+10
466, 2.6142e+10
467, 2.6142e+10
468, 2.6142e+10
469, 2.6142e+10
470, 2.6142e+10
471, 2.6142e+10
472, 2.6142e+10
473, 2.6142e+10
474, 2.6142e+10
475, 2.6142e+10
476, 2.6142e+10
477, 2.6142e+10
478, 2.61347e+10
479, 2.61347e+10
480, 2.61347e+10
481, 2.61347e+10
482, 2.61318e+10
483, 2.61175e+10
484, 2.61175e+10
485, 2.61175e+10
486, 2.61175e+10
487, 2.61175e+10
488, 2.61175e+10
489, 2.61175e+10
490, 2.61175e+10
491, 2.61117e+10
492, 2.61117e+10
493, 2.61117e+10
494, 2.61117e+10
495, 2.61117e+10
496, 2.61117e+10
497, 2.61117e+10
