Iteration, BestFitness
0, 6.94647e+13
1, 3.57846e+13
2, 3.57846e+13
3, 8.7207e+12
4, 8.7207e+12
5, 4.86394e+12
6, 4.86394e+12
7, 4.86394e+12
8, 4.86394e+12
9, 3.22309e+12
10, 3.22309e+12
11, 3.22309e+12
12, 3.08557e+12
13, 3.08557e+12
14, 3.08557e+12
15, 3.08557e+12
16, 3.08557e+12
17, 2.9983e+12
18, 1.90648e+12
19, 1.88956e+12
20, 1.53259e+12
21, 1.52986e+12
22, 1.52986e+12
23, 1.4539e+12
24, 1.19799e+12
25, 1.09312e+12
26, 1.09312e+12
27, 1.09312e+12
28, 1.08922e+12
29, 9.59576e+11
30, 9.59397e+11
31, 9.54863e+11
32, 8.67473e+11
33, 8.67473e+11
34, 7.21063e+11
35, 5.92296e+11
36, 5.92296e+11
37, 5.92296e+11
38, 5.92296e+11
39, 5.67505e+11
40, 4.56503e+11
41, 4.38299e+11
42, 4.12983e+11
43, 3.93487e+11
44, 3.93487e+11
45, 3.92819e+11
46, 3.54481e+11
47, 3.54481e+11
48, 3.54481e+11
49, 3.54481e+11
50, 3.54481e+11
51, 3.54481e+11
52, 3.13647e+11
53, 2.72766e+11
54, 2.59527e+11
55, 2.59527e+11
56, 2.59527e+11
57, 2.58906e+11
58, 1.96924e+11
59, 1.96924e+11
60, 1.96924e+11
61, 1.96924e+11
62, 1.96924e+11
63, 1.91597e+11
64, 1.91597e+11
65, 1.91597e+11
66, 1.8632e+11
67, 1.66915e+11
68, 1.66915e+11
69, 1.66915e+11
70, 1.66915e+11
71, 1.66915e+11
72, 1.66915e+11
73, 1.33597e+11
74, 1.33597e+11
75, 1.33597e+11
76, 1.27749e+11
77, 1.08966e+11
78, 1.08966e+11
79, 1.08966e+11
80, 1.08966e+11
81, 1.08966e+11
82, 9.68691e+10
83, 9.68691e+10
84, 9.68691e+10
85, 9.68691e+10
86, 9.68691e+10
87, 9.68691e+10
88, 9.68691e+10
89, 9.68691e+10
90, 9.68691e+10
91, 8.49339e+10
92, 8.49339e+10
93, 8.49339e+10
94, 8.49339e+10
95, 8.49339e+10
96, 8.40476e+10
97, 8.25581e+10
98, 8.25581e+10
99, 8.15135e+10
100, 8.15135e+10
101, 8.15135e+10
102, 7.89674e+10
103, 7.19057e+10
104, 7.19057e+10
105, 7.19057e+10
106, 7.19057e+10
107, 7.19057e+10
108, 7.19057e+10
109, 7.12441e+10
110, 6.6955e+10
111, 6.6955e+10
112, 6.41538e+10
113, 6.32949e+10
114, 6.32949e+10
115, 6.32949e+10
116, 6.32949e+10
117, 5.88243e+10
118, 5.88243e+10
119, 5.88243e+10
120, 5.68217e+10
121, 5.68217e+10
122, 5.49943e+10
123, 5.49943e+10
124, 5.49943e+10
125, 5.49943e+10
126, 5.49943e+10
127, 5.31074e+10
128, 5.31074e+10
129, 5.31074e+10
130, 5.31074e+10
131, 5.31074e+10
132, 5.31074e+10
133, 5.10329e+10
134, 5.10329e+10
135, 5.03697e+10
136, 5.03697e+10
137, 4.73073e+10
138, 4.73073e+10
139, 4.73073e+10
140, 4.73073e+10
141, 4.73073e+10
142, 4.73073e+10
143, 4.61927e+10
144, 4.61927e+10
145, 4.61927e+10
146, 4.61927e+10
147, 4.61927e+10
148, 4.61927e+10
149, 4.42046e+10
150, 4.42046e+10
151, 4.12219e+10
152, 4.12219e+10
153, 4.12219e+10
154, 4.12219e+10
155, 4.12219e+10
156, 4.12219e+10
157, 4.12219e+10
158, 4.12219e+10
159, 4.12219e+10
160, 4.12219e+10
161, 4.12219e+10
162, 4.12219e+10
163, 4.12219e+10
164, 4.07138e+10
165, 4.07138e+10
166, 4.07138e+10
167, 4.07138e+10
168, 3.99235e+10
169, 3.95716e+10
170, 3.83153e+10
171, 3.83153e+10
172, 3.79949e+10
173, 3.79949e+10
174, 3.79949e+10
175, 3.79949e+10
176, 3.79949e+10
177, 3.79949e+10
178, 3.79949e+10
179, 3.79949e+10
180, 3.76148e+10
181, 3.68934e+10
182, 3.68934e+10
183, 3.68934e+10
184, 3.68934e+10
185, 3.68934e+10
186, 3.68934e+10
187, 3.68934e+10
188, 3.68934e+10
189, 3.68934e+10
190, 3.68934e+10
191, 3.56438e+10
192, 3.56438e+10
193, 3.56438e+10
194, 3.56438e+10
195, 3.52759e+10
196, 3.52759e+10
197, 3.52759e+10
198, 3.52759e+10
199, 3.52759e+10
200, 3.52759e+10
201, 3.52759e+10
202, 3.44431e+10
203, 3.43656e+10
204, 3.43656e+10
205, 3.43656e+10
206, 3.43656e+10
207, 3.43448e+10
208, 3.43448e+10
209, 3.40124e+10
210, 3.40124e+10
211, 3.40124e+10
212, 3.40124e+10
213, 3.36114e+10
214, 3.35104e+10
215, 3.35104e+10
216, 3.34728e+10
217, 3.33329e+10
218, 3.33329e+10
219, 3.32558e+10
220, 3.31729e+10
221, 3.31729e+10
222, 3.31729e+10
223, 3.31159e+10
224, 3.31159e+10
225, 3.31159e+10
226, 3.30929e+10
227, 3.27595e+10
228, 3.26243e+10
229, 3.20256e+10
230, 3.20256e+10
231, 3.19209e+10
232, 3.19209e+10
233, 3.19209e+10
234, 3.19209e+10
235, 3.19209e+10
236, 3.19209e+10
237, 3.19209e+10
238, 3.19209e+10
239, 3.19209e+10
240, 3.19209e+10
241, 3.19209e+10
242, 3.19209e+10
243, 3.19209e+10
244, 3.19209e+10
245, 3.15785e+10
246, 3.15785e+10
247, 3.15785e+10
248, 3.15068e+10
249, 3.15068e+10
250, 3.12336e+10
251, 3.11093e+10
252, 3.11093e+10
253, 3.11093e+10
254, 3.11093e+10
255, 3.11093e+10
256, 3.11093e+10
257, 3.11093e+10
258, 3.11093e+10
259, 3.10247e+10
260, 3.10247e+10
261, 3.10247e+10
262, 3.09745e+10
263, 3.09572e+10
264, 3.07921e+10
265, 3.07921e+10
266, 3.07921e+10
267, 3.07921e+10
268, 3.07921e+10
269, 3.07921e+10
270, 3.07235e+10
271, 3.07235e+10
272, 3.07235e+10
273, 3.05421e+10
274, 3.04792e+10
275, 3.03738e+10
276, 3.03536e+10
277, 3.02993e+10
278, 3.02993e+10
279, 3.02993e+10
280, 3.02993e+10
281, 3.02993e+10
282, 3.02993e+10
283, 3.02367e+10
284, 3.01619e+10
285, 3.01619e+10
286, 3.01313e+10
287, 3.00522e+10
288, 3.00522e+10
289, 3.00206e+10
290, 2.99743e+10
291, 2.99468e+10
292, 2.99468e+10
293, 2.99468e+10
294, 2.99468e+10
295, 2.99298e+10
296, 2.992e+10
297, 2.992e+10
298, 2.992e+10
299, 2.992e+10
300, 2.98934e+10
301, 2.98934e+10
302, 2.98794e+10
303, 2.97801e+10
304, 2.97621e+10
305, 2.97615e+10
306, 2.97615e+10
307, 2.97615e+10
308, 2.97615e+10
309, 2.97615e+10
310, 2.97532e+10
311, 2.97532e+10
312, 2.97095e+10
313, 2.97095e+10
314, 2.96845e+10
315, 2.96845e+10
316, 2.96845e+10
317, 2.96791e+10
318, 2.96479e+10
319, 2.96039e+10
320, 2.96039e+10
321, 2.96039e+10
322, 2.96039e+10
323, 2.96039e+10
324, 2.95108e+10
325, 2.94574e+10
326, 2.94574e+10
327, 2.94574e+10
328, 2.94436e+10
329, 2.94081e+10
330, 2.94081e+10
331, 2.94081e+10
332, 2.94081e+10
333, 2.93381e+10
334, 2.93381e+10
335, 2.93381e+10
336, 2.93381e+10
337, 2.93381e+10
338, 2.93381e+10
339, 2.93381e+10
340, 2.92919e+10
341, 2.92699e+10
342, 2.92699e+10
343, 2.92699e+10
344, 2.92432e+10
345, 2.92419e+10
346, 2.92265e+10
347, 2.92242e+10
348, 2.92137e+10
349, 2.91967e+10
350, 2.91967e+10
351, 2.91967e+10
352, 2.91967e+10
353, 2.91444e+10
354, 2.91444e+10
355, 2.91444e+10
356, 2.91444e+10
357, 2.91444e+10
358, 2.91309e+10
359, 2.91207e+10
360, 2.91169e+10
361, 2.91169e+10
362, 2.91169e+10
363, 2.91169e+10
364, 2.91169e+10
365, 2.91169e+10
366, 2.91169e+10
367, 2.91169e+10
368, 2.91142e+10
369, 2.91066e+10
370, 2.91066e+10
371, 2.91066e+10
372, 2.91066e+10
373, 2.91066e+10
374, 2.90924e+10
375, 2.90409e+10
376, 2.90409e+10
377, 2.90265e+10
378, 2.90265e+10
379, 2.90265e+10
380, 2.90265e+10
381, 2.90265e+10
382, 2.90121e+10
383, 2.9004e+10
384, 2.9004e+10
385, 2.9004e+10
386, 2.9004e+10
387, 2.9004e+10
388, 2.9004e+10
389, 2.89858e+10
390, 2.89858e+10
391, 2.89858e+10
392, 2.89858e+10
393, 2.89858e+10
394, 2.89858e+10
395, 2.89858e+10
396, 2.89749e+10
397, 2.89556e+10
398, 2.89544e+10
399, 2.89544e+10
400, 2.89206e+10
401, 2.89206e+10
402, 2.89206e+10
403, 2.89161e+10
404, 2.89154e+10
405, 2.89154e+10
406, 2.89141e+10
407, 2.89111e+10
408, 2.89111e+10
409, 2.88947e+10
410, 2.88947e+10
411, 2.88947e+10
412, 2.88819e+10
413, 2.88819e+10
414, 2.88819e+10
415, 2.88819e+10
416, 2.88819e+10
417, 2.88819e+10
418, 2.88819e+10
419, 2.88819e+10
420, 2.88819e+10
421, 2.88641e+10
422, 2.88641e+10
423, 2.88641e+10
424, 2.88641e+10
425, 2.88641e+10
426, 2.88641e+10
427, 2.88336e+10
428, 2.88336e+10
429, 2.88336e+10
430, 2.88336e+10
431, 2.88336e+10
432, 2.88336e+10
433, 2.88336e+10
434, 2.88336e+10
435, 2.88316e+10
436, 2.88147e+10
437, 2.88045e+10
438, 2.8802e+10
439, 2.8802e+10
440, 2.88004e+10
441, 2.87966e+10
442, 2.87918e+10
443, 2.87918e+10
444, 2.87918e+10
445, 2.87918e+10
446, 2.87885e+10
447, 2.87821e+10
448, 2.8778e+10
449, 2.8778e+10
450, 2.8778e+10
451, 2.8778e+10
452, 2.8778e+10
453, 2.8778e+10
454, 2.8778e+10
455, 2.8778e+10
456, 2.8778e+10
457, 2.8778e+10
458, 2.87711e+10
459, 2.87711e+10
460, 2.87711e+10
461, 2.87711e+10
462, 2.87711e+10
463, 2.87711e+10
464, 2.87711e+10
465, 2.87638e+10
466, 2.87638e+10
467, 2.87638e+10
468, 2.87484e+10
469, 2.87484e+10
470, 2.87484e+10
471, 2.87484e+10
472, 2.87484e+10
473, 2.87484e+10
474, 2.87484e+10
475, 2.87484e+10
476, 2.87484e+10
477, 2.87424e+10
478, 2.87424e+10
479, 2.87424e+10
480, 2.8737e+10
481, 2.8737e+10
482, 2.8737e+10
483, 2.8737e+10
484, 2.8737e+10
485, 2.8737e+10
486, 2.87255e+10
487, 2.87225e+10
488, 2.87225e+10
489, 2.87176e+10
490, 2.8714e+10
491, 2.8714e+10
492, 2.8714e+10
493, 2.8714e+10
494, 2.8714e+10
495, 2.8714e+10
496, 2.8714e+10
497, 2.8714e+10
