Iteration, BestFitness
0, 4.62291e+12
1, 4.37848e+12
2, 3.95904e+12
3, 3.93826e+12
4, 3.93826e+12
5, 3.7148e+12
6, 3.67227e+12
7, 3.52972e+12
8, 3.4401e+12
9, 3.0343e+12
10, 2.7996e+12
11, 2.70708e+12
12, 2.66656e+12
13, 2.60635e+12
14, 2.58988e+12
15, 2.32388e+12
16, 2.32388e+12
17, 2.22549e+12
18, 1.87752e+12
19, 1.87752e+12
20, 1.87752e+12
21, 1.87752e+12
22, 1.87752e+12
23, 1.85872e+12
24, 1.85872e+12
25, 1.79483e+12
26, 1.79483e+12
27, 1.79483e+12
28, 1.6414e+12
29, 1.45557e+12
30, 1.44539e+12
31, 1.44539e+12
32, 1.44539e+12
33, 1.44539e+12
34, 1.44539e+12
35, 1.44539e+12
36, 1.44539e+12
37, 1.44539e+12
38, 1.44539e+12
39, 1.44539e+12
40, 1.44539e+12
41, 1.35592e+12
42, 1.23595e+12
43, 1.15272e+12
44, 1.14729e+12
45, 1.14729e+12
46, 1.09276e+12
47, 1.08768e+12
48, 1.08766e+12
49, 1.08766e+12
50, 1.08766e+12
51, 1.08766e+12
52, 1.05329e+12
53, 9.58353e+11
54, 9.44522e+11
55, 9.27307e+11
56, 8.70068e+11
57, 8.70068e+11
58, 8.70068e+11
59, 8.59638e+11
60, 8.59638e+11
61, 8.34415e+11
62, 8.30283e+11
63, 8.30283e+11
64, 8.30283e+11
65, 8.30283e+11
66, 7.99251e+11
67, 7.93389e+11
68, 7.5573e+11
69, 7.48789e+11
70, 7.07747e+11
71, 7.07747e+11
72, 6.94555e+11
73, 6.94555e+11
74, 6.94555e+11
75, 6.94555e+11
76, 6.94555e+11
77, 6.87812e+11
78, 6.87812e+11
79, 6.87812e+11
80, 6.87812e+11
81, 6.87812e+11
82, 6.75235e+11
83, 6.75235e+11
84, 6.75235e+11
85, 6.43931e+11
86, 6.38275e+11
87, 6.08095e+11
88, 6.08095e+11
89, 6.08095e+11
90, 5.94982e+11
91, 5.94982e+11
92, 5.94982e+11
93, 5.94982e+11
94, 5.94982e+11
95, 5.94982e+11
96, 5.70056e+11
97, 5.70056e+11
98, 5.70056e+11
99, 5.70056e+11
100, 5.43955e+11
101, 4.38934e+11
102, 4.38934e+11
103, 4.38934e+11
104, 4.38934e+11
105, 4.35944e+11
106, 4.25104e+11
107, 4.22391e+11
108, 4.22391e+11
109, 4.22391e+11
110, 4.22391e+11
111, 4.01154e+11
112, 4.01154e+11
113, 4.01154e+11
114, 4.01154e+11
115, 4.01154e+11
116, 4.01154e+11
117, 4.01154e+11
118, 4.01154e+11
119, 4.01154e+11
120, 4.01154e+11
121, 4.01154e+11
122, 4.01154e+11
123, 4.01154e+11
124, 3.86099e+11
125, 3.82816e+11
126, 3.82816e+11
127, 3.78177e+11
128, 3.75536e+11
129, 3.75536e+11
130, 3.67218e+11
131, 3.67218e+11
132, 3.67218e+11
133, 3.67218e+11
134, 3.43127e+11
135, 3.43127e+11
136, 3.43097e+11
137, 3.16093e+11
138, 3.10755e+11
139, 3.10755e+11
140, 3.09602e+11
141, 3.09602e+11
142, 3.09602e+11
143, 3.06755e+11
144, 3.06755e+11
145, 3.06755e+11
146, 3.06755e+11
147, 3.06755e+11
148, 3.06755e+11
149, 3.06755e+11
150, 3.06755e+11
151, 3.06755e+11
152, 3.06755e+11
153, 3.06755e+11
154, 3.06755e+11
155, 3.06755e+11
156, 3.06755e+11
157, 3.06755e+11
158, 2.99455e+11
159, 2.93094e+11
160, 2.73864e+11
161, 2.57657e+11
162, 2.57657e+11
163, 2.57657e+11
164, 2.57657e+11
165, 2.57657e+11
166, 2.57657e+11
167, 2.57657e+11
168, 2.57657e+11
169, 2.57657e+11
170, 2.57657e+11
171, 2.57657e+11
172, 2.57657e+11
173, 2.57657e+11
174, 2.57657e+11
175, 2.57657e+11
176, 2.57657e+11
177, 2.57657e+11
178, 2.34652e+11
179, 2.34652e+11
180, 2.32652e+11
181, 2.27309e+11
182, 2.27309e+11
183, 2.27309e+11
184, 2.19842e+11
185, 2.19842e+11
186, 2.19842e+11
187, 2.19842e+11
188, 2.19842e+11
189, 2.19842e+11
190, 2.19842e+11
191, 2.17817e+11
192, 2.17817e+11
193, 2.17817e+11
194, 2.1646e+11
195, 2.1646e+11
196, 2.1646e+11
197, 2.1646e+11
198, 2.1646e+11
199, 2.1646e+11
200, 2.1646e+11
201, 2.1646e+11
202, 2.1646e+11
203, 2.07251e+11
204, 2.07251e+11
205, 2.07251e+11
206, 2.07251e+11
207, 2.07251e+11
208, 2.07251e+11
209, 2.07251e+11
210, 2.07251e+11
211, 2.07251e+11
212, 2.07251e+11
213, 2.07251e+11
214, 2.07251e+11
215, 2.07251e+11
216, 2.07251e+11
217, 2.07251e+11
218, 2.07251e+11
219, 2.07251e+11
220, 2.07251e+11
221, 2.07251e+11
222, 1.89312e+11
223, 1.89312e+11
224, 1.89312e+11
225, 1.89312e+11
226, 1.89312e+11
227, 1.89312e+11
228, 1.88308e+11
229, 1.88308e+11
230, 1.88308e+11
231, 1.88258e+11
232, 1.88258e+11
233, 1.8661e+11
234, 1.8661e+11
235, 1.83553e+11
236, 1.83553e+11
237, 1.83553e+11
238, 1.83553e+11
239, 1.83553e+11
240, 1.83553e+11
241, 1.83553e+11
242, 1.83553e+11
243, 1.78241e+11
244, 1.78241e+11
245, 1.77336e+11
246, 1.77336e+11
247, 1.77336e+11
248, 1.77336e+11
249, 1.77336e+11
250, 1.77336e+11
251, 1.77336e+11
252, 1.77336e+11
253, 1.77336e+11
254, 1.77336e+11
255, 1.77336e+11
256, 1.77336e+11
257, 1.77336e+11
258, 1.77336e+11
259, 1.77336e+11
260, 1.77336e+11
261, 1.77336e+11
262, 1.77336e+11
263, 1.77336e+11
264, 1.77336e+11
265, 1.77336e+11
266, 1.77336e+11
267, 1.77336e+11
268, 1.77336e+11
269, 1.77336e+11
270, 1.77336e+11
271, 1.77336e+11
272, 1.77336e+11
273, 1.77336e+11
274, 1.77336e+11
275, 1.77336e+11
276, 1.77336e+11
277, 1.77336e+11
278, 1.74631e+11
279, 1.74631e+11
280, 1.74631e+11
281, 1.74631e+11
282, 1.74631e+11
283, 1.74631e+11
284, 1.74631e+11
285, 1.74631e+11
286, 1.74631e+11
287, 1.74631e+11
288, 1.74631e+11
289, 1.74631e+11
290, 1.74631e+11
291, 1.74631e+11
292, 1.74631e+11
293, 1.74631e+11
294, 1.64417e+11
295, 1.60828e+11
296, 1.60828e+11
297, 1.60828e+11
298, 1.60828e+11
299, 1.60828e+11
300, 1.60828e+11
301, 1.60828e+11
302, 1.60828e+11
303, 1.60828e+11
304, 1.60828e+11
305, 1.60828e+11
306, 1.60828e+11
307, 1.60828e+11
308, 1.60828e+11
309, 1.60828e+11
310, 1.60828e+11
311, 1.60828e+11
312, 1.60828e+11
313, 1.60828e+11
314, 1.54573e+11
315, 1.54573e+11
316, 1.54573e+11
317, 1.54573e+11
318, 1.54573e+11
319, 1.54573e+11
320, 1.43501e+11
321, 1.39489e+11
322, 1.39489e+11
323, 1.38822e+11
324, 1.38822e+11
325, 1.38822e+11
326, 1.38822e+11
327, 1.38822e+11
328, 1.37552e+11
329, 1.35125e+11
330, 1.34503e+11
331, 1.34503e+11
