Iteration, BestFitness
0, 4.29948e+11
1, 3.66773e+11
2, 3.62205e+11
3, 3.53349e+11
4, 3.3247e+11
5, 3.19733e+11
6, 3.19733e+11
7, 3.08345e+11
8, 3.08345e+11
9, 3.08345e+11
10, 2.59072e+11
11, 2.59072e+11
12, 2.59072e+11
13, 2.5756e+11
14, 2.54615e+11
15, 2.54615e+11
16, 2.41057e+11
17, 2.3874e+11
18, 2.35805e+11
19, 2.35805e+11
20, 2.35805e+11
21, 2.35805e+11
22, 2.30726e+11
23, 2.18954e+11
24, 2.18954e+11
25, 2.18954e+11
26, 1.94164e+11
27, 1.93751e+11
28, 1.91605e+11
29, 1.86558e+11
30, 1.86558e+11
31, 1.71289e+11
32, 1.71289e+11
33, 1.71289e+11
34, 1.71289e+11
35, 1.69378e+11
36, 1.69378e+11
37, 1.62806e+11
38, 1.62806e+11
39, 1.62806e+11
40, 1.56527e+11
41, 1.51753e+11
42, 1.4561e+11
43, 1.42565e+11
44, 1.40756e+11
45, 1.40756e+11
46, 1.40546e+11
47, 1.3447e+11
48, 1.32777e+11
49, 1.32777e+11
50, 1.32777e+11
51, 1.32777e+11
52, 1.32777e+11
53, 1.32777e+11
54, 1.32777e+11
55, 1.32777e+11
56, 1.32777e+11
57, 1.32777e+11
58, 1.32777e+11
59, 1.32777e+11
60, 1.29161e+11
61, 1.28741e+11
62, 1.17749e+11
63, 1.17749e+11
64, 1.13379e+11
65, 1.13379e+11
66, 1.13379e+11
67, 1.13379e+11
68, 1.13379e+11
69, 1.13379e+11
70, 1.13379e+11
71, 1.13379e+11
72, 1.13379e+11
73, 1.12543e+11
74, 1.12543e+11
75, 1.12543e+11
76, 1.12543e+11
77, 1.07632e+11
78, 1.07632e+11
79, 1.0576e+11
80, 1.0576e+11
81, 1.0576e+11
82, 1.0576e+11
83, 1.0576e+11
84, 1.0576e+11
85, 1.0576e+11
86, 1.0576e+11
87, 1.0576e+11
88, 1.0576e+11
89, 1.0576e+11
90, 1.0576e+11
91, 1.03603e+11
92, 9.31751e+10
93, 9.25575e+10
94, 8.93797e+10
95, 8.68228e+10
96, 8.68228e+10
97, 8.68228e+10
98, 8.68228e+10
99, 8.68228e+10
100, 8.68228e+10
101, 8.68228e+10
102, 8.0768e+10
103, 8.0768e+10
104, 8.0768e+10
105, 8.0768e+10
106, 7.94493e+10
107, 7.94493e+10
108, 7.94493e+10
109, 7.82034e+10
110, 7.82034e+10
111, 7.82034e+10
112, 7.82034e+10
113, 7.82034e+10
114, 7.82034e+10
115, 7.82034e+10
116, 7.82034e+10
117, 7.82034e+10
118, 7.82034e+10
119, 7.82034e+10
120, 7.82034e+10
121, 7.82034e+10
122, 7.82034e+10
123, 7.82034e+10
124, 7.82034e+10
125, 7.82034e+10
126, 7.82034e+10
127, 7.82034e+10
128, 7.82034e+10
129, 7.44797e+10
130, 7.44797e+10
131, 7.44797e+10
132, 7.38227e+10
133, 7.38227e+10
134, 7.38227e+10
135, 7.38227e+10
136, 7.38227e+10
137, 7.38227e+10
138, 7.38227e+10
139, 7.38227e+10
140, 7.38227e+10
141, 7.38227e+10
142, 7.38227e+10
143, 7.38227e+10
144, 7.38227e+10
145, 7.38227e+10
146, 7.38227e+10
147, 7.38227e+10
148, 7.38227e+10
149, 7.38227e+10
150, 7.38227e+10
151, 7.38227e+10
152, 7.38227e+10
153, 7.38227e+10
154, 7.38227e+10
155, 7.38227e+10
156, 7.38227e+10
157, 7.2323e+10
158, 7.2323e+10
159, 6.82134e+10
160, 6.82134e+10
161, 6.38377e+10
162, 6.38377e+10
163, 6.03665e+10
164, 6.03665e+10
165, 6.03665e+10
166, 6.03665e+10
167, 6.03665e+10
168, 6.03665e+10
169, 6.03665e+10
170, 6.03665e+10
171, 6.03665e+10
172, 6.03665e+10
173, 6.03665e+10
174, 6.03665e+10
175, 6.03665e+10
176, 6.03665e+10
177, 6.03665e+10
178, 6.03665e+10
179, 6.03665e+10
180, 6.03665e+10
181, 6.03665e+10
182, 6.03665e+10
183, 6.03665e+10
184, 6.03665e+10
185, 6.03665e+10
186, 6.03665e+10
187, 6.03665e+10
188, 6.03665e+10
189, 6.00218e+10
190, 6.00218e+10
191, 6.00218e+10
192, 6.00218e+10
193, 6.00218e+10
194, 6.00218e+10
195, 6.00218e+10
196, 6.00218e+10
197, 6.00218e+10
198, 6.00218e+10
199, 6.00218e+10
200, 6.00218e+10
201, 6.00218e+10
202, 6.00218e+10
203, 6.00218e+10
204, 6.00218e+10
205, 6.00218e+10
206, 6.00218e+10
207, 6.00218e+10
208, 6.00218e+10
209, 6.00218e+10
210, 6.00218e+10
211, 6.00218e+10
212, 5.89404e+10
213, 5.89404e+10
214, 5.89404e+10
215, 5.89404e+10
216, 5.89404e+10
217, 5.89404e+10
218, 5.89404e+10
219, 5.74585e+10
220, 5.43684e+10
221, 5.43684e+10
222, 5.43684e+10
223, 5.43684e+10
224, 5.43684e+10
225, 5.43684e+10
226, 5.43684e+10
227, 5.43684e+10
228, 5.43684e+10
229, 5.43684e+10
230, 5.33915e+10
231, 5.07898e+10
232, 5.07898e+10
233, 5.07898e+10
234, 5.07898e+10
235, 5.07898e+10
236, 4.95779e+10
237, 4.76538e+10
238, 4.76538e+10
239, 4.76538e+10
240, 4.76538e+10
241, 4.76538e+10
242, 4.76538e+10
243, 4.76538e+10
244, 4.76538e+10
245, 4.76538e+10
246, 4.76538e+10
247, 4.76538e+10
248, 4.76538e+10
249, 4.76538e+10
250, 4.76538e+10
251, 4.76538e+10
252, 4.76538e+10
253, 4.76538e+10
254, 4.76538e+10
255, 4.76538e+10
256, 4.76538e+10
257, 4.76538e+10
258, 4.76538e+10
259, 4.76538e+10
260, 4.76538e+10
261, 4.76538e+10
262, 4.76538e+10
263, 4.76538e+10
264, 4.76538e+10
265, 4.76538e+10
266, 4.76538e+10
267, 4.76538e+10
268, 4.76538e+10
269, 4.76538e+10
270, 4.76538e+10
271, 4.76538e+10
272, 4.76538e+10
273, 4.76538e+10
274, 4.76538e+10
275, 4.76538e+10
276, 4.76538e+10
277, 4.76538e+10
278, 4.76538e+10
279, 4.76538e+10
280, 4.76538e+10
281, 4.76538e+10
282, 4.76538e+10
283, 4.76538e+10
284, 4.76538e+10
285, 4.76538e+10
286, 4.73728e+10
287, 4.73728e+10
288, 4.73728e+10
289, 4.73728e+10
290, 4.73728e+10
291, 4.73728e+10
292, 4.73728e+10
293, 4.73728e+10
294, 4.73728e+10
295, 4.73728e+10
296, 4.73728e+10
297, 4.73728e+10
298, 4.73728e+10
299, 4.73728e+10
300, 4.56236e+10
301, 4.56236e+10
302, 4.56236e+10
303, 4.56236e+10
304, 4.56236e+10
305, 4.56236e+10
306, 4.56236e+10
307, 4.56236e+10
308, 4.56236e+10
309, 4.56236e+10
310, 4.56236e+10
311, 4.56236e+10
312, 4.56236e+10
313, 4.56236e+10
314, 4.56236e+10
315, 4.56236e+10
316, 4.56236e+10
317, 4.56236e+10
318, 4.56236e+10
319, 4.56236e+10
320, 4.56236e+10
321, 4.56236e+10
322, 4.56236e+10
323, 4.56236e+10
324, 4.56236e+10
325, 4.56236e+10
326, 4.56236e+10
327, 4.56236e+10
328, 4.56236e+10
329, 4.56236e+10
330, 4.56236e+10
331, 4.56236e+10
