Iteration, BestFitness
0, 4.86182e+12
1, 4.04948e+12
2, 4.04948e+12
3, 3.73192e+12
4, 2.75392e+12
5, 1.91466e+12
6, 1.91466e+12
7, 1.91466e+12
8, 1.85391e+12
9, 1.72276e+12
10, 1.51339e+12
11, 1.51339e+12
12, 1.51339e+12
13, 1.4026e+12
14, 1.4026e+12
15, 1.35632e+12
16, 1.04487e+12
17, 1.04487e+12
18, 1.03798e+12
19, 8.41221e+11
20, 8.41221e+11
21, 8.41221e+11
22, 8.41221e+11
23, 7.92231e+11
24, 7.00343e+11
25, 7.00343e+11
26, 7.00343e+11
27, 6.44835e+11
28, 6.44835e+11
29, 5.80393e+11
30, 5.7933e+11
31, 4.57311e+11
32, 4.26001e+11
33, 3.90996e+11
34, 3.90996e+11
35, 3.90996e+11
36, 3.73408e+11
37, 3.73408e+11
38, 3.60312e+11
39, 3.60312e+11
40, 3.21661e+11
41, 3.21661e+11
42, 3.07754e+11
43, 2.95334e+11
44, 2.95334e+11
45, 2.95334e+11
46, 2.95334e+11
47, 2.95334e+11
48, 2.95334e+11
49, 2.95334e+11
50, 2.54459e+11
51, 2.18027e+11
52, 2.09937e+11
53, 2.09937e+11
54, 2.08593e+11
55, 2.08593e+11
56, 1.98971e+11
57, 1.96217e+11
58, 1.96217e+11
59, 1.96217e+11
60, 1.96217e+11
61, 1.96217e+11
62, 1.94179e+11
63, 1.94179e+11
64, 1.94179e+11
65, 1.94179e+11
66, 1.94179e+11
67, 1.77721e+11
68, 1.77721e+11
69, 1.77721e+11
70, 1.77721e+11
71, 1.77721e+11
72, 1.77721e+11
73, 1.73329e+11
74, 1.73329e+11
75, 1.73329e+11
76, 1.73329e+11
77, 1.70778e+11
78, 1.56548e+11
79, 1.56548e+11
80, 1.56548e+11
81, 1.56548e+11
82, 1.56548e+11
83, 1.56548e+11
84, 1.56548e+11
85, 1.53765e+11
86, 1.47322e+11
87, 1.30767e+11
88, 1.30767e+11
89, 1.30767e+11
90, 1.30767e+11
91, 1.30767e+11
92, 1.30767e+11
93, 1.30767e+11
94, 1.30767e+11
95, 1.30767e+11
96, 1.30767e+11
97, 1.30767e+11
98, 1.19179e+11
99, 1.19179e+11
100, 1.19179e+11
101, 1.19179e+11
102, 1.19179e+11
103, 1.19179e+11
104, 1.19179e+11
105, 1.19179e+11
106, 1.19179e+11
107, 1.19179e+11
108, 1.19179e+11
109, 1.15704e+11
110, 1.15704e+11
111, 1.15704e+11
112, 1.15704e+11
113, 1.15704e+11
114, 1.15704e+11
115, 1.15704e+11
116, 1.15704e+11
117, 1.15704e+11
118, 1.15704e+11
119, 1.15704e+11
120, 1.15704e+11
121, 1.15704e+11
122, 1.15704e+11
123, 1.06287e+11
124, 1.04777e+11
125, 1.04777e+11
126, 1.04777e+11
127, 1.04777e+11
128, 1.04777e+11
129, 1.04777e+11
130, 1.04777e+11
131, 1.04777e+11
132, 1.04777e+11
133, 1.04777e+11
134, 1.04777e+11
135, 1.04777e+11
136, 1.04777e+11
137, 1.01312e+11
138, 1.01312e+11
139, 1.01312e+11
140, 1.01312e+11
141, 1.01312e+11
142, 1.01312e+11
143, 1.01312e+11
144, 1.01312e+11
145, 1.01312e+11
146, 1.01312e+11
147, 1.01312e+11
148, 1.01312e+11
149, 1.01312e+11
150, 1.01312e+11
151, 1.01312e+11
152, 1.01312e+11
153, 1.01312e+11
154, 9.80932e+10
155, 9.80932e+10
156, 9.80932e+10
157, 9.80932e+10
158, 9.80932e+10
159, 9.80932e+10
160, 9.80932e+10
161, 9.80932e+10
162, 9.80932e+10
163, 9.80932e+10
164, 9.80932e+10
165, 9.80932e+10
166, 9.80932e+10
167, 9.80932e+10
168, 9.80932e+10
169, 9.80932e+10
170, 9.80932e+10
171, 9.80932e+10
172, 9.80932e+10
173, 9.80932e+10
174, 9.80932e+10
175, 9.80932e+10
176, 9.80932e+10
177, 9.80932e+10
178, 9.74002e+10
179, 8.80947e+10
180, 8.80947e+10
181, 8.80947e+10
182, 8.80947e+10
183, 8.80947e+10
184, 8.80947e+10
185, 8.80947e+10
186, 8.80947e+10
187, 8.80947e+10
188, 8.80947e+10
189, 8.80947e+10
190, 8.80947e+10
191, 8.80947e+10
192, 8.80947e+10
193, 8.80947e+10
194, 8.80947e+10
195, 8.80947e+10
196, 8.80947e+10
197, 8.80947e+10
198, 8.80947e+10
199, 8.80947e+10
200, 8.80947e+10
201, 8.80947e+10
202, 8.80947e+10
203, 8.80947e+10
204, 8.80947e+10
205, 8.80947e+10
206, 8.80947e+10
207, 8.80947e+10
208, 8.80947e+10
209, 8.80947e+10
210, 8.80947e+10
211, 8.80947e+10
212, 8.80947e+10
213, 8.80947e+10
214, 8.80947e+10
215, 8.80947e+10
216, 8.80947e+10
217, 8.80947e+10
218, 8.80947e+10
219, 8.80947e+10
220, 8.80947e+10
221, 8.80947e+10
222, 8.80947e+10
223, 8.80947e+10
224, 8.80947e+10
225, 8.80947e+10
226, 8.80947e+10
227, 8.80947e+10
228, 8.80947e+10
229, 8.80947e+10
230, 8.80947e+10
231, 8.80947e+10
232, 8.80947e+10
233, 8.80947e+10
234, 8.80947e+10
235, 8.80947e+10
236, 8.80947e+10
237, 8.80947e+10
238, 8.80947e+10
239, 8.80947e+10
240, 8.80947e+10
241, 8.80947e+10
242, 8.80947e+10
243, 8.80947e+10
244, 8.80947e+10
245, 8.80947e+10
246, 8.80947e+10
247, 8.80947e+10
248, 8.80947e+10
249, 8.80947e+10
250, 8.80947e+10
251, 8.80947e+10
252, 8.80947e+10
253, 8.80947e+10
254, 8.80947e+10
255, 8.80947e+10
256, 8.80947e+10
257, 8.80947e+10
258, 8.80947e+10
259, 8.80947e+10
260, 8.80947e+10
261, 8.80947e+10
262, 8.80947e+10
263, 8.80947e+10
264, 8.80947e+10
265, 8.80947e+10
266, 8.80947e+10
267, 8.80947e+10
268, 8.80947e+10
269, 8.80947e+10
270, 8.80947e+10
271, 8.80947e+10
272, 8.80947e+10
273, 8.80947e+10
274, 8.7853e+10
275, 8.50339e+10
276, 8.50339e+10
277, 8.50339e+10
278, 8.50339e+10
279, 8.50339e+10
280, 8.50339e+10
281, 8.50339e+10
282, 8.50339e+10
283, 8.50339e+10
284, 8.50339e+10
285, 8.50339e+10
286, 8.50339e+10
287, 8.50339e+10
288, 8.50339e+10
289, 8.50339e+10
290, 8.50339e+10
291, 8.50339e+10
292, 8.50339e+10
293, 8.50339e+10
294, 8.50339e+10
295, 8.50339e+10
296, 8.50339e+10
297, 8.50339e+10
298, 8.50339e+10
299, 8.50339e+10
300, 8.50339e+10
301, 8.50339e+10
302, 8.50339e+10
303, 8.50339e+10
304, 8.50339e+10
305, 8.50339e+10
306, 8.50339e+10
307, 8.50339e+10
308, 8.50339e+10
309, 8.50339e+10
310, 8.50339e+10
311, 8.50339e+10
312, 8.50339e+10
313, 8.50339e+10
314, 8.50339e+10
315, 8.50339e+10
316, 8.50339e+10
317, 8.50339e+10
318, 8.50339e+10
319, 8.50339e+10
320, 8.50339e+10
321, 8.50339e+10
322, 8.50339e+10
323, 8.50339e+10
324, 8.50339e+10
325, 8.50339e+10
326, 8.50339e+10
327, 8.50339e+10
328, 8.50339e+10
329, 8.50339e+10
330, 8.50339e+10
331, 8.50339e+10
332, 8.50339e+10
333, 8.50339e+10
334, 8.50339e+10
335, 8.50339e+10
336, 8.50339e+10
337, 8.50339e+10
338, 8.50339e+10
339, 8.50339e+10
340, 8.50339e+10
341, 8.50339e+10
342, 8.50339e+10
343, 8.50339e+10
344, 8.50339e+10
345, 8.50339e+10
346, 8.50339e+10
347, 8.50339e+10
348, 8.50339e+10
349, 8.50339e+10
350, 8.50339e+10
351, 8.50339e+10
352, 8.50339e+10
353, 8.50339e+10
354, 8.50339e+10
355, 8.50339e+10
356, 8.50339e+10
357, 8.50339e+10
358, 8.50339e+10
359, 8.50339e+10
360, 8.50339e+10
361, 8.50339e+10
362, 8.50339e+10
363, 8.50339e+10
364, 8.50339e+10
365, 8.50339e+10
366, 8.50339e+10
367, 8.50339e+10
368, 8.50339e+10
369, 8.50339e+10
370, 8.50339e+10
371, 8.50339e+10
372, 8.50339e+10
373, 8.50339e+10
374, 8.50339e+10
375, 8.50339e+10
376, 8.50339e+10
377, 8.50339e+10
378, 8.50339e+10
379, 8.50339e+10
380, 8.50339e+10
381, 8.50339e+10
382, 8.50339e+10
383, 8.50339e+10
384, 8.50339e+10
385, 8.50339e+10
386, 8.50339e+10
387, 8.50339e+10
388, 8.50339e+10
389, 8.50339e+10
390, 8.50339e+10
391, 8.50339e+10
392, 8.50339e+10
393, 8.50339e+10
394, 8.50339e+10
395, 8.50339e+10
396, 8.50339e+10
397, 8.50339e+10
398, 8.50339e+10
399, 8.50339e+10
400, 8.50339e+10
401, 8.50339e+10
402, 8.50339e+10
403, 8.50339e+10
404, 8.39741e+10
405, 8.39741e+10
406, 8.36086e+10
407, 8.36086e+10
408, 8.36086e+10
409, 8.36086e+10
410, 8.36086e+10
411, 8.36086e+10
412, 8.36086e+10
413, 8.36086e+10
414, 8.36086e+10
415, 8.36086e+10
416, 8.36086e+10
417, 8.36086e+10
418, 8.36086e+10
419, 8.36086e+10
420, 8.36086e+10
421, 8.36086e+10
422, 8.36086e+10
423, 8.36086e+10
424, 8.36086e+10
425, 8.24368e+10
426, 8.24368e+10
427, 8.12602e+10
428, 8.12602e+10
429, 8.12602e+10
430, 8.10918e+10
431, 8.10918e+10
432, 8.10918e+10
433, 8.10918e+10
434, 8.05478e+10
435, 8.05478e+10
436, 8.05478e+10
437, 8.05478e+10
438, 8.05478e+10
439, 8.05478e+10
440, 8.04235e+10
441, 8.04235e+10
442, 8.04235e+10
443, 8.04235e+10
444, 8.04235e+10
445, 8.04235e+10
446, 8.04235e+10
447, 8.04235e+10
448, 8.04235e+10
449, 8.04235e+10
450, 7.82361e+10
451, 7.52791e+10
452, 7.52791e+10
453, 7.52791e+10
454, 7.52791e+10
455, 7.52791e+10
456, 7.52791e+10
457, 7.52791e+10
458, 7.52791e+10
459, 7.52791e+10
460, 7.52791e+10
461, 7.52791e+10
462, 7.52791e+10
463, 7.52791e+10
464, 7.52791e+10
465, 7.52791e+10
466, 7.52791e+10
467, 7.52791e+10
468, 7.52791e+10
469, 7.52791e+10
470, 7.52791e+10
471, 7.52791e+10
472, 7.52791e+10
473, 7.52791e+10
474, 7.52791e+10
475, 7.52791e+10
476, 7.52791e+10
477, 7.52791e+10
478, 7.52791e+10
479, 7.52791e+10
480, 7.52791e+10
481, 7.52791e+10
482, 7.52791e+10
483, 7.52791e+10
484, 7.52791e+10
485, 7.52791e+10
486, 7.52791e+10
487, 7.52791e+10
488, 7.52791e+10
489, 7.52791e+10
490, 7.52791e+10
491, 7.52791e+10
492, 7.52791e+10
493, 7.52791e+10
494, 7.52791e+10
495, 7.52791e+10
496, 7.52791e+10
