Iteration, BestFitness
0, 1.49217e+16
1, 7.42611e+15
2, 2.79045e+15
3, 1.37446e+14
4, 1.37446e+14
5, 1.37446e+14
6, 1.37446e+14
7, 1.37446e+14
8, 1.37446e+14
9, 7.4617e+13
10, 2.29065e+13
11, 1.89121e+13
12, 5.4324e+12
13, 5.3159e+12
14, 5.3159e+12
15, 5.3159e+12
16, 5.3159e+12
17, 5.3159e+12
18, 5.0864e+12
19, 3.89573e+12
20, 3.89573e+12
21, 3.89573e+12
22, 3.89573e+12
23, 3.89573e+12
24, 3.89573e+12
25, 3.89573e+12
26, 3.89573e+12
27, 3.54928e+12
28, 2.28184e+12
29, 2.28184e+12
30, 2.27751e+12
31, 2.27751e+12
32, 2.27751e+12
33, 2.27751e+12
34, 2.13691e+12
35, 2.13691e+12
36, 2.13691e+12
37, 1.88828e+12
38, 1.35959e+12
39, 1.24793e+12
40, 1.18266e+12
41, 1.18266e+12
42, 1.18266e+12
43, 1.18266e+12
44, 1.17733e+12
45, 1.17733e+12
46, 1.17733e+12
47, 1.17733e+12
48, 9.48036e+11
49, 6.23355e+11
50, 6.23355e+11
51, 6.23355e+11
52, 6.23355e+11
53, 6.23355e+11
54, 6.23355e+11
55, 6.23355e+11
56, 6.23355e+11
57, 6.23355e+11
58, 6.23355e+11
59, 5.87254e+11
60, 5.87254e+11
61, 5.87254e+11
62, 5.45526e+11
63, 5.45526e+11
64, 5.45526e+11
65, 4.29831e+11
66, 4.29831e+11
67, 4.29831e+11
68, 3.49943e+11
69, 3.49943e+11
70, 3.49943e+11
71, 3.49943e+11
72, 3.49943e+11
73, 3.49943e+11
74, 3.49943e+11
75, 3.49943e+11
76, 2.90114e+11
77, 2.90114e+11
78, 2.90114e+11
79, 2.90114e+11
80, 2.90114e+11
81, 2.67586e+11
82, 2.45378e+11
83, 2.45378e+11
84, 2.45378e+11
85, 2.45378e+11
86, 2.45378e+11
87, 2.44244e+11
88, 2.32335e+11
89, 2.32335e+11
90, 2.32335e+11
91, 2.32335e+11
92, 1.70708e+11
93, 1.70708e+11
94, 1.70708e+11
95, 1.70708e+11
96, 1.70708e+11
97, 1.70708e+11
98, 1.70708e+11
99, 1.70708e+11
100, 1.70708e+11
101, 1.66043e+11
102, 1.66043e+11
103, 1.66043e+11
104, 1.66043e+11
105, 1.66043e+11
106, 1.66043e+11
107, 1.66043e+11
108, 1.60842e+11
109, 1.55578e+11
110, 1.55578e+11
111, 1.55578e+11
112, 1.55578e+11
113, 1.55578e+11
114, 1.52098e+11
115, 1.52098e+11
116, 1.52098e+11
117, 1.14687e+11
118, 1.14687e+11
119, 1.14687e+11
120, 1.14687e+11
121, 1.13781e+11
122, 1.13781e+11
123, 1.13781e+11
124, 1.13781e+11
125, 1.08489e+11
126, 1.08489e+11
127, 1.07199e+11
128, 1.07199e+11
129, 1.07199e+11
130, 9.53425e+10
131, 9.31067e+10
132, 9.31067e+10
133, 8.96418e+10
134, 8.96418e+10
135, 8.83146e+10
136, 8.83146e+10
137, 8.83146e+10
138, 8.83146e+10
139, 8.83146e+10
140, 8.83146e+10
141, 8.83146e+10
142, 8.83146e+10
143, 8.83146e+10
144, 8.83146e+10
145, 8.83146e+10
146, 8.83146e+10
147, 8.83146e+10
148, 8.83146e+10
149, 8.83146e+10
150, 8.83146e+10
151, 8.83146e+10
152, 8.83146e+10
153, 8.83146e+10
154, 8.83146e+10
155, 8.83146e+10
156, 8.83146e+10
157, 8.83146e+10
158, 8.83146e+10
159, 8.83146e+10
160, 8.83146e+10
161, 8.83146e+10
162, 8.83146e+10
163, 8.83146e+10
164, 8.83146e+10
165, 8.83146e+10
166, 8.83146e+10
167, 8.83146e+10
168, 8.83146e+10
169, 8.83146e+10
170, 8.83146e+10
171, 8.83146e+10
172, 8.83146e+10
173, 8.83146e+10
174, 8.83146e+10
175, 8.83146e+10
176, 8.83146e+10
177, 8.43869e+10
178, 8.43869e+10
179, 8.43869e+10
180, 8.43869e+10
181, 8.43869e+10
182, 8.43869e+10
183, 8.43869e+10
184, 8.43869e+10
185, 8.43869e+10
186, 8.43869e+10
187, 8.43869e+10
188, 8.43869e+10
189, 8.43869e+10
190, 8.43869e+10
191, 8.43869e+10
192, 8.43869e+10
193, 8.43869e+10
194, 8.43869e+10
195, 8.43869e+10
196, 8.43869e+10
197, 8.43869e+10
198, 8.43869e+10
199, 8.43869e+10
200, 8.43869e+10
201, 8.43869e+10
202, 8.43869e+10
203, 8.43869e+10
204, 8.43869e+10
205, 8.43869e+10
206, 8.43869e+10
207, 8.43869e+10
208, 8.43869e+10
209, 8.43869e+10
210, 8.43869e+10
211, 8.43869e+10
212, 8.43869e+10
213, 8.43869e+10
214, 8.43869e+10
215, 8.43869e+10
216, 8.43869e+10
217, 8.43869e+10
218, 8.43869e+10
219, 8.43869e+10
220, 8.43869e+10
221, 8.43869e+10
222, 8.43869e+10
223, 8.43869e+10
224, 8.43869e+10
225, 8.43869e+10
226, 8.43869e+10
227, 8.43869e+10
228, 8.43869e+10
229, 8.43869e+10
230, 8.43869e+10
231, 8.43869e+10
232, 8.43869e+10
233, 8.43869e+10
234, 8.43869e+10
235, 8.43869e+10
236, 8.43869e+10
237, 8.43869e+10
238, 8.42397e+10
239, 8.42397e+10
240, 8.42397e+10
241, 8.42397e+10
242, 8.42397e+10
243, 8.42397e+10
244, 8.42397e+10
245, 8.42397e+10
246, 8.42397e+10
247, 8.42397e+10
248, 8.42397e+10
249, 8.42397e+10
250, 8.42397e+10
251, 8.42397e+10
252, 8.42397e+10
253, 8.42397e+10
254, 8.42397e+10
255, 8.42397e+10
256, 8.42397e+10
257, 8.42397e+10
258, 8.42397e+10
259, 8.42397e+10
260, 8.42397e+10
261, 8.42397e+10
262, 8.42397e+10
263, 8.42397e+10
264, 8.42397e+10
265, 8.42397e+10
266, 8.42397e+10
267, 8.42397e+10
268, 8.42397e+10
269, 8.42397e+10
270, 8.42397e+10
271, 8.42397e+10
272, 8.42397e+10
273, 8.42397e+10
274, 8.42397e+10
275, 8.42397e+10
276, 8.42397e+10
277, 8.42397e+10
278, 8.42397e+10
279, 8.42397e+10
280, 8.42397e+10
281, 8.42397e+10
282, 8.42397e+10
283, 8.42397e+10
284, 8.42397e+10
285, 8.42397e+10
286, 8.42397e+10
287, 8.42397e+10
288, 8.42397e+10
289, 8.42397e+10
290, 8.42397e+10
291, 8.42397e+10
292, 8.42397e+10
293, 8.42397e+10
294, 8.42397e+10
295, 8.42397e+10
296, 8.42397e+10
297, 8.42397e+10
298, 8.42397e+10
299, 8.42397e+10
300, 8.42397e+10
301, 8.42397e+10
302, 8.42397e+10
303, 8.42397e+10
304, 8.42397e+10
305, 8.42397e+10
306, 8.42397e+10
307, 8.42397e+10
308, 8.42397e+10
309, 8.42397e+10
310, 8.42397e+10
311, 8.42397e+10
312, 8.42397e+10
313, 8.42397e+10
314, 8.42397e+10
315, 8.42397e+10
316, 8.42397e+10
317, 8.42397e+10
318, 8.42397e+10
319, 8.42397e+10
320, 8.42397e+10
321, 8.42397e+10
322, 8.42397e+10
323, 8.42397e+10
324, 8.42397e+10
325, 8.42397e+10
326, 8.42397e+10
327, 8.42397e+10
328, 8.42397e+10
329, 8.42397e+10
330, 8.42397e+10
331, 8.42397e+10
332, 8.42397e+10
333, 8.42397e+10
334, 8.42397e+10
335, 8.42397e+10
336, 8.42397e+10
337, 8.42397e+10
338, 8.42397e+10
339, 8.42397e+10
340, 8.42397e+10
341, 8.42397e+10
342, 8.42397e+10
343, 8.42397e+10
344, 8.42397e+10
345, 8.42397e+10
346, 8.42397e+10
347, 8.42397e+10
348, 8.42397e+10
349, 8.42397e+10
350, 8.42397e+10
351, 8.42397e+10
352, 8.42397e+10
353, 8.42397e+10
354, 8.42397e+10
355, 8.42397e+10
356, 8.42397e+10
357, 8.42397e+10
358, 8.42397e+10
359, 8.42397e+10
360, 8.42397e+10
361, 8.42397e+10
362, 8.42397e+10
363, 8.42397e+10
364, 8.42397e+10
365, 8.42397e+10
366, 8.42397e+10
367, 8.42397e+10
368, 8.42397e+10
369, 8.42397e+10
370, 8.42397e+10
371, 8.42397e+10
372, 8.42397e+10
373, 8.42397e+10
374, 8.42397e+10
375, 8.42397e+10
376, 8.42397e+10
377, 8.42397e+10
378, 8.42397e+10
379, 8.42397e+10
380, 8.42397e+10
381, 8.42397e+10
382, 8.42397e+10
383, 8.42397e+10
384, 8.42397e+10
385, 8.42397e+10
386, 8.42397e+10
387, 8.42397e+10
388, 8.42397e+10
389, 8.42397e+10
390, 8.42397e+10
391, 8.42397e+10
392, 8.42397e+10
393, 8.42397e+10
394, 8.42397e+10
395, 8.42397e+10
396, 8.42397e+10
397, 8.42397e+10
398, 8.42397e+10
399, 8.42397e+10
400, 8.42397e+10
401, 8.42397e+10
402, 8.42397e+10
403, 8.42397e+10
404, 8.42397e+10
405, 8.42397e+10
406, 8.42397e+10
407, 8.42397e+10
408, 8.42397e+10
409, 8.42397e+10
410, 8.42397e+10
411, 8.42397e+10
412, 8.42397e+10
413, 8.42397e+10
414, 8.42397e+10
415, 8.42397e+10
416, 8.42397e+10
417, 8.42397e+10
418, 8.42397e+10
419, 8.42397e+10
420, 8.42397e+10
421, 8.42397e+10
422, 8.42397e+10
423, 8.42397e+10
424, 8.42397e+10
425, 8.42397e+10
426, 8.42397e+10
427, 8.42397e+10
428, 8.42397e+10
429, 8.42397e+10
430, 8.42397e+10
431, 8.42397e+10
432, 8.42397e+10
433, 8.42397e+10
434, 8.42397e+10
435, 8.42397e+10
436, 8.42397e+10
437, 8.42397e+10
438, 8.42397e+10
439, 8.42397e+10
440, 8.42397e+10
441, 8.42397e+10
442, 8.42397e+10
443, 8.42397e+10
444, 8.42397e+10
445, 8.42397e+10
446, 8.42397e+10
447, 8.42397e+10
448, 8.42397e+10
449, 8.42397e+10
450, 8.42397e+10
451, 8.42397e+10
452, 8.42397e+10
453, 8.42397e+10
454, 8.42397e+10
455, 8.42397e+10
456, 8.42397e+10
457, 8.42397e+10
458, 8.42397e+10
459, 8.42397e+10
460, 8.42397e+10
461, 8.42397e+10
462, 8.42397e+10
463, 8.42397e+10
464, 8.42397e+10
465, 8.42397e+10
466, 8.42397e+10
467, 8.42397e+10
468, 8.42397e+10
469, 8.42397e+10
470, 8.42397e+10
471, 8.42397e+10
472, 8.42397e+10
473, 8.42397e+10
474, 8.42397e+10
475, 8.42397e+10
476, 8.42397e+10
477, 8.42397e+10
478, 8.42397e+10
479, 8.42397e+10
480, 8.42397e+10
481, 8.42397e+10
482, 8.42397e+10
483, 8.42397e+10
484, 8.42397e+10
485, 8.42397e+10
486, 8.42397e+10
487, 8.42397e+10
488, 8.42397e+10
489, 8.42397e+10
490, 8.42397e+10
491, 8.42397e+10
492, 8.42397e+10
493, 8.42397e+10
494, 8.42397e+10
495, 8.42397e+10
496, 8.42397e+10
