Iteration, BestFitness
0, 9.49688e+15
1, 7.18781e+15
2, 4.43781e+15
3, 1.65225e+15
4, 1.58333e+15
5, 1.58333e+15
6, 1.58333e+15
7, 1.58333e+15
8, 1.58333e+15
9, 1.58333e+15
10, 8.52252e+14
11, 8.52252e+14
12, 8.52252e+14
13, 4.26358e+14
14, 4.26358e+14
15, 4.26358e+14
16, 4.26358e+14
17, 4.26358e+14
18, 4.26358e+14
19, 4.26358e+14
20, 4.26358e+14
21, 9.56708e+13
22, 8.11845e+13
23, 8.11845e+13
24, 8.11845e+13
25, 8.11845e+13
26, 8.11845e+13
27, 8.11845e+13
28, 8.11845e+13
29, 8.11845e+13
30, 8.11845e+13
31, 8.11845e+13
32, 4.37382e+13
33, 2.40709e+13
34, 2.40709e+13
35, 2.40709e+13
36, 2.40709e+13
37, 2.40709e+13
38, 2.40709e+13
39, 2.40709e+13
40, 2.40709e+13
41, 2.40709e+13
42, 1.16748e+13
43, 1.16748e+13
44, 1.16748e+13
45, 1.16748e+13
46, 1.16748e+13
47, 1.16748e+13
48, 1.16748e+13
49, 7.90869e+12
50, 7.90869e+12
51, 7.90869e+12
52, 7.90869e+12
53, 7.90869e+12
54, 7.90869e+12
55, 7.90869e+12
56, 5.60512e+12
57, 5.60512e+12
58, 5.60512e+12
59, 5.60512e+12
60, 5.60512e+12
61, 5.60512e+12
62, 5.60512e+12
63, 5.60512e+12
64, 5.60512e+12
65, 1.59357e+12
66, 1.59357e+12
67, 1.59357e+12
68, 1.59357e+12
69, 1.59357e+12
70, 1.59357e+12
71, 9.1437e+11
72, 9.1437e+11
73, 8.86568e+11
74, 8.80851e+11
75, 8.80851e+11
76, 8.80851e+11
77, 6.62287e+11
78, 6.62287e+11
79, 6.62287e+11
80, 6.62287e+11
81, 6.62287e+11
82, 6.62287e+11
83, 6.62287e+11
84, 6.62287e+11
85, 6.62287e+11
86, 6.62287e+11
87, 6.62287e+11
88, 6.62287e+11
89, 6.62287e+11
90, 6.62287e+11
91, 4.27578e+11
92, 4.27578e+11
93, 4.27578e+11
94, 4.27578e+11
95, 4.27578e+11
96, 4.27578e+11
97, 4.27578e+11
98, 4.27578e+11
99, 4.27578e+11
100, 4.27578e+11
101, 4.27578e+11
102, 4.27578e+11
103, 4.27578e+11
104, 4.27578e+11
105, 4.27578e+11
106, 4.27578e+11
107, 4.27578e+11
108, 4.27578e+11
109, 4.27578e+11
110, 3.92944e+11
111, 3.92944e+11
112, 3.92944e+11
113, 3.92944e+11
114, 3.92944e+11
115, 3.92205e+11
116, 3.83411e+11
117, 3.74844e+11
118, 3.74844e+11
119, 3.27003e+11
120, 3.27003e+11
121, 3.27003e+11
122, 3.27003e+11
123, 3.27003e+11
124, 3.27003e+11
125, 3.27003e+11
126, 3.27003e+11
127, 3.27003e+11
128, 3.27003e+11
129, 3.27003e+11
130, 3.27003e+11
131, 3.27003e+11
132, 3.27003e+11
133, 3.27003e+11
134, 3.27003e+11
135, 3.27003e+11
136, 2.80762e+11
137, 2.80762e+11
138, 2.80762e+11
139, 2.80762e+11
140, 2.80762e+11
141, 2.80762e+11
142, 2.80762e+11
143, 2.80762e+11
144, 2.63204e+11
145, 2.30555e+11
146, 2.30555e+11
147, 2.30555e+11
148, 2.30555e+11
149, 1.56159e+11
150, 1.56159e+11
151, 1.56159e+11
152, 1.56159e+11
153, 1.56159e+11
154, 1.56159e+11
155, 1.56159e+11
156, 1.56159e+11
157, 1.56159e+11
158, 1.56159e+11
159, 1.56159e+11
160, 1.56159e+11
161, 1.56159e+11
162, 1.56159e+11
163, 1.56159e+11
164, 1.56159e+11
165, 1.56159e+11
166, 1.56159e+11
167, 1.56159e+11
168, 1.5397e+11
169, 1.5397e+11
170, 1.5397e+11
171, 1.5397e+11
172, 1.5397e+11
173, 1.5397e+11
174, 1.5397e+11
175, 1.5397e+11
176, 1.5397e+11
177, 1.5397e+11
178, 1.48502e+11
179, 1.37055e+11
180, 1.37055e+11
181, 1.37055e+11
182, 1.37055e+11
183, 1.37055e+11
184, 1.37055e+11
185, 1.37055e+11
186, 1.37055e+11
187, 1.28744e+11
188, 1.28415e+11
189, 1.28415e+11
190, 1.28415e+11
191, 1.28415e+11
192, 1.28415e+11
193, 1.28415e+11
194, 1.28415e+11
195, 1.28415e+11
196, 1.28415e+11
197, 1.28415e+11
198, 1.28415e+11
199, 1.28415e+11
200, 1.28415e+11
201, 1.28415e+11
202, 1.28415e+11
203, 1.28415e+11
204, 1.28415e+11
205, 1.28415e+11
206, 1.28415e+11
207, 1.28415e+11
208, 1.28415e+11
209, 1.22222e+11
210, 1.11809e+11
211, 1.11809e+11
212, 1.04335e+11
213, 1.04335e+11
214, 1.04335e+11
215, 1.04335e+11
216, 1.04335e+11
217, 1.04335e+11
218, 1.04335e+11
219, 1.04335e+11
220, 1.04335e+11
221, 1.04335e+11
222, 1.04335e+11
223, 1.04335e+11
224, 1.04335e+11
225, 1.04335e+11
226, 9.83354e+10
227, 9.78485e+10
228, 9.78485e+10
229, 9.40287e+10
230, 9.23641e+10
231, 8.75797e+10
232, 8.75797e+10
233, 8.75797e+10
234, 8.75797e+10
235, 8.75797e+10
236, 8.75797e+10
237, 8.75797e+10
238, 8.75797e+10
239, 8.75797e+10
240, 8.75797e+10
241, 8.75797e+10
242, 8.75797e+10
243, 8.75797e+10
244, 8.75797e+10
245, 8.75797e+10
246, 8.75797e+10
247, 8.75797e+10
248, 8.75797e+10
249, 8.75797e+10
250, 8.75797e+10
251, 8.75797e+10
252, 8.75797e+10
253, 8.75797e+10
254, 8.75797e+10
255, 8.75797e+10
256, 8.75797e+10
257, 8.75797e+10
258, 8.48812e+10
259, 8.48812e+10
260, 8.48812e+10
261, 8.48812e+10
262, 8.48812e+10
263, 8.48812e+10
264, 8.48812e+10
265, 8.48812e+10
266, 8.48812e+10
267, 8.48812e+10
268, 8.48812e+10
269, 8.29618e+10
270, 8.29618e+10
271, 8.29618e+10
272, 8.29618e+10
273, 8.29618e+10
274, 8.29618e+10
275, 8.29618e+10
276, 8.29618e+10
277, 8.29618e+10
278, 8.29618e+10
279, 8.29618e+10
280, 8.29618e+10
281, 8.29618e+10
282, 8.29618e+10
283, 8.29618e+10
284, 8.29618e+10
285, 8.29618e+10
286, 8.29618e+10
287, 8.29618e+10
288, 8.29618e+10
289, 8.29618e+10
290, 8.29618e+10
291, 8.29618e+10
292, 8.29618e+10
293, 8.29618e+10
294, 8.29618e+10
295, 8.29618e+10
296, 8.29618e+10
297, 8.29618e+10
298, 8.29618e+10
299, 8.29618e+10
300, 7.12897e+10
301, 7.03674e+10
302, 7.03674e+10
303, 7.03674e+10
304, 7.03674e+10
305, 7.03674e+10
306, 7.03674e+10
307, 7.03674e+10
308, 7.03674e+10
309, 7.03674e+10
310, 7.03674e+10
311, 7.03674e+10
312, 7.03674e+10
313, 7.03674e+10
314, 7.03674e+10
315, 7.03674e+10
316, 7.03674e+10
317, 7.03674e+10
318, 7.03674e+10
319, 7.03674e+10
320, 7.03674e+10
321, 7.03674e+10
322, 7.03674e+10
323, 7.03674e+10
324, 7.03674e+10
325, 6.94034e+10
326, 6.21061e+10
327, 6.21061e+10
328, 6.21061e+10
329, 6.21061e+10
330, 6.21061e+10
331, 6.21061e+10
