Iteration, BestFitness
0, 1.01405e+13
1, 1.01405e+13
2, 9.58843e+12
3, 9.58797e+12
4, 9.58797e+12
5, 9.05817e+12
6, 8.2085e+12
7, 8.2085e+12
8, 8.2085e+12
9, 7.12002e+12
10, 7.12002e+12
11, 7.00565e+12
12, 6.73081e+12
13, 6.54475e+12
14, 6.31735e+12
15, 5.96425e+12
16, 5.73431e+12
17, 5.59733e+12
18, 5.59733e+12
19, 5.59733e+12
20, 5.59733e+12
21, 5.59733e+12
22, 5.59733e+12
23, 5.59733e+12
24, 5.59733e+12
25, 5.59733e+12
26, 5.59733e+12
27, 5.59733e+12
28, 5.59733e+12
29, 5.59733e+12
30, 5.56092e+12
31, 5.56092e+12
32, 5.56092e+12
33, 5.2641e+12
34, 5.0879e+12
35, 4.72944e+12
36, 4.59002e+12
37, 4.59002e+12
38, 4.59002e+12
39, 4.59002e+12
40, 4.54743e+12
41, 4.25234e+12
42, 4.25234e+12
43, 3.80501e+12
44, 3.80501e+12
45, 3.80501e+12
46, 3.80501e+12
47, 3.80501e+12
48, 3.80501e+12
49, 3.80501e+12
50, 3.80501e+12
51, 3.80501e+12
52, 3.80501e+12
53, 3.80501e+12
54, 3.71015e+12
55, 3.71015e+12
56, 3.35969e+12
57, 3.05328e+12
58, 2.95533e+12
59, 2.95533e+12
60, 2.95533e+12
61, 2.83467e+12
62, 2.83335e+12
63, 2.83335e+12
64, 2.83335e+12
65, 2.7786e+12
66, 2.7786e+12
67, 2.7786e+12
68, 2.7786e+12
69, 2.7786e+12
70, 2.7786e+12
71, 2.7786e+12
72, 2.7786e+12
73, 2.77383e+12
74, 2.7707e+12
75, 2.7707e+12
76, 2.7707e+12
77, 2.7707e+12
78, 2.7707e+12
79, 2.7707e+12
80, 2.7707e+12
81, 2.7707e+12
82, 2.62299e+12
83, 2.56624e+12
84, 2.56624e+12
85, 2.56624e+12
86, 2.56624e+12
87, 2.56624e+12
88, 2.54994e+12
89, 2.35937e+12
90, 2.35937e+12
91, 2.34681e+12
92, 2.34681e+12
93, 2.34681e+12
94, 2.34681e+12
95, 2.34681e+12
96, 2.27526e+12
97, 2.27217e+12
98, 2.27217e+12
99, 1.89809e+12
100, 1.89809e+12
101, 1.89809e+12
102, 1.89809e+12
103, 1.89809e+12
104, 1.86883e+12
105, 1.86381e+12
106, 1.86381e+12
107, 1.86381e+12
108, 1.86381e+12
109, 1.86381e+12
110, 1.86381e+12
111, 1.86381e+12
112, 1.86381e+12
113, 1.78257e+12
114, 1.78257e+12
115, 1.78257e+12
116, 1.76388e+12
117, 1.76245e+12
118, 1.76245e+12
119, 1.76245e+12
120, 1.75952e+12
121, 1.75952e+12
122, 1.75952e+12
123, 1.75952e+12
124, 1.75952e+12
125, 1.75952e+12
126, 1.75952e+12
127, 1.75952e+12
128, 1.75952e+12
129, 1.75952e+12
130, 1.75952e+12
131, 1.75952e+12
132, 1.75952e+12
133, 1.75952e+12
134, 1.75952e+12
135, 1.75733e+12
136, 1.75733e+12
137, 1.75733e+12
138, 1.75733e+12
139, 1.75608e+12
140, 1.71204e+12
141, 1.64613e+12
142, 1.64613e+12
143, 1.64613e+12
144, 1.64613e+12
145, 1.54927e+12
146, 1.46923e+12
147, 1.4445e+12
148, 1.37307e+12
149, 1.3622e+12
150, 1.28781e+12
151, 1.22545e+12
152, 1.22545e+12
153, 1.2242e+12
154, 1.2242e+12
155, 1.2242e+12
156, 1.2242e+12
157, 1.2242e+12
158, 1.18824e+12
159, 1.18824e+12
160, 1.18824e+12
161, 1.17915e+12
162, 1.17915e+12
163, 1.17915e+12
164, 1.15107e+12
165, 1.15107e+12
166, 1.15107e+12
167, 1.15107e+12
168, 1.15107e+12
169, 1.15107e+12
170, 1.15107e+12
171, 1.15107e+12
172, 1.15107e+12
173, 1.15107e+12
174, 1.15107e+12
175, 1.15107e+12
176, 1.15107e+12
177, 1.15107e+12
178, 1.15107e+12
179, 1.15107e+12
180, 1.15107e+12
181, 1.15107e+12
182, 1.15107e+12
183, 1.10879e+12
184, 1.10879e+12
185, 1.10879e+12
186, 1.10879e+12
187, 1.10879e+12
188, 1.10879e+12
189, 1.10879e+12
190, 1.10879e+12
191, 1.10879e+12
192, 1.10879e+12
193, 1.10879e+12
194, 1.10879e+12
195, 1.10879e+12
196, 1.10879e+12
197, 1.10879e+12
198, 1.10879e+12
199, 1.09529e+12
200, 1.02229e+12
201, 1.02229e+12
202, 1.02229e+12
203, 1.02229e+12
204, 1.01733e+12
205, 1.01733e+12
206, 1.01733e+12
207, 9.54414e+11
208, 9.26042e+11
209, 9.26042e+11
210, 8.97352e+11
211, 7.61241e+11
212, 7.55179e+11
213, 7.55179e+11
214, 7.55179e+11
215, 7.55179e+11
216, 7.55179e+11
217, 7.38175e+11
218, 7.38175e+11
219, 7.38175e+11
220, 7.38175e+11
221, 7.27017e+11
222, 7.27017e+11
223, 7.27017e+11
224, 7.27017e+11
225, 7.27017e+11
226, 7.27017e+11
227, 7.27017e+11
228, 7.27017e+11
229, 7.27017e+11
230, 7.27017e+11
231, 7.27017e+11
232, 7.27017e+11
233, 7.27017e+11
234, 7.27017e+11
235, 7.27017e+11
236, 7.27017e+11
237, 7.27017e+11
238, 7.27017e+11
239, 7.27017e+11
240, 7.27017e+11
241, 7.27017e+11
242, 7.27017e+11
243, 7.27017e+11
244, 7.27017e+11
245, 7.27017e+11
246, 7.27017e+11
247, 7.27017e+11
248, 7.27017e+11
249, 7.27017e+11
250, 7.27017e+11
251, 7.27017e+11
252, 7.27017e+11
253, 7.27017e+11
254, 7.27017e+11
255, 7.27017e+11
256, 7.27017e+11
257, 7.27017e+11
258, 7.27017e+11
259, 7.27017e+11
260, 7.27017e+11
261, 7.27017e+11
262, 7.27017e+11
263, 7.27017e+11
264, 7.27017e+11
265, 7.27017e+11
266, 7.27017e+11
267, 7.27017e+11
268, 7.27017e+11
269, 7.27017e+11
270, 7.27017e+11
271, 7.27017e+11
272, 7.27017e+11
273, 7.27017e+11
274, 7.27017e+11
275, 7.27017e+11
276, 7.27017e+11
277, 7.27017e+11
278, 7.27017e+11
279, 7.27017e+11
280, 7.27017e+11
281, 7.27017e+11
282, 7.27017e+11
283, 7.27017e+11
284, 7.27017e+11
285, 7.27017e+11
286, 7.27017e+11
287, 7.27017e+11
288, 7.27017e+11
289, 7.27017e+11
290, 7.27017e+11
291, 7.27017e+11
292, 7.02544e+11
293, 7.02544e+11
294, 7.02544e+11
295, 7.02544e+11
296, 7.02544e+11
297, 7.02544e+11
298, 7.02544e+11
299, 7.02544e+11
300, 7.02544e+11
301, 7.02544e+11
302, 7.02544e+11
303, 7.02544e+11
304, 7.02544e+11
305, 7.02544e+11
306, 7.02544e+11
307, 7.02544e+11
308, 7.02544e+11
309, 7.02544e+11
310, 7.02544e+11
311, 7.02544e+11
312, 7.02544e+11
313, 7.02544e+11
314, 7.02544e+11
315, 7.02544e+11
316, 6.76866e+11
317, 6.76866e+11
318, 6.76866e+11
319, 6.76866e+11
320, 6.76866e+11
321, 6.76866e+11
322, 6.76866e+11
323, 6.76866e+11
324, 6.76866e+11
325, 6.33715e+11
326, 6.33715e+11
327, 6.33715e+11
328, 6.33715e+11
329, 6.33715e+11
330, 6.33715e+11
331, 6.13469e+11
