Iteration, BestFitness
0, 2.68913e+18
1, 2.62347e+18
2, 4.25952e+16
3, 4.25952e+16
4, 4.25952e+16
5, 4.25952e+16
6, 4.25952e+16
7, 4.25952e+16
8, 3.10874e+16
9, 2.98227e+15
10, 2.98227e+15
11, 2.98227e+15
12, 2.98227e+15
13, 1.6463e+15
14, 1.6463e+15
15, 1.6463e+15
16, 1.6463e+15
17, 1.6463e+15
18, 1.6463e+15
19, 1.6463e+15
20, 1.6463e+15
21, 1.6463e+15
22, 1.6463e+15
23, 1.6463e+15
24, 1.6463e+15
25, 1.6463e+15
26, 1.6463e+15
27, 1.6463e+15
28, 1.6463e+15
29, 1.47378e+14
30, 1.47378e+14
31, 1.47378e+14
32, 1.47378e+14
33, 1.47378e+14
34, 1.47378e+14
35, 1.47378e+14
36, 1.47378e+14
37, 1.47378e+14
38, 1.47378e+14
39, 1.47378e+14
40, 1.47378e+14
41, 1.47378e+14
42, 1.47378e+14
43, 1.32768e+14
44, 8.29643e+13
45, 6.23417e+13
46, 6.23417e+13
47, 6.23417e+13
48, 6.23417e+13
49, 6.23417e+13
50, 6.23417e+13
51, 5.0946e+13
52, 5.0946e+13
53, 5.0946e+13
54, 5.0946e+13
55, 5.0946e+13
56, 5.0946e+13
57, 5.0946e+13
58, 5.0946e+13
59, 5.0946e+13
60, 5.0946e+13
61, 5.0946e+13
62, 5.0946e+13
63, 5.0946e+13
64, 5.0946e+13
65, 5.0946e+13
66, 5.0946e+13
67, 5.0946e+13
68, 5.0946e+13
69, 5.0946e+13
70, 5.0946e+13
71, 5.0946e+13
72, 5.0946e+13
73, 5.0946e+13
74, 3.08623e+13
75, 3.08623e+13
76, 3.08623e+13
77, 3.08623e+13
78, 3.08623e+13
79, 3.08623e+13
80, 3.08623e+13
81, 3.08623e+13
82, 3.08623e+13
83, 2.29358e+13
84, 2.29358e+13
85, 2.29358e+13
86, 2.29358e+13
87, 2.29358e+13
88, 2.29358e+13
89, 2.29358e+13
90, 2.29358e+13
91, 2.29358e+13
92, 2.29358e+13
93, 2.29358e+13
94, 2.29358e+13
95, 2.29358e+13
96, 2.29358e+13
97, 2.29358e+13
98, 2.29358e+13
99, 2.29358e+13
100, 2.29358e+13
101, 2.29358e+13
102, 2.29358e+13
103, 2.29358e+13
104, 2.29358e+13
105, 2.29358e+13
106, 2.29358e+13
107, 2.29358e+13
108, 2.29358e+13
109, 2.29358e+13
110, 2.29358e+13
111, 2.29358e+13
112, 2.29358e+13
113, 2.29358e+13
114, 2.29358e+13
115, 1.34847e+13
116, 1.33933e+13
117, 7.56471e+12
118, 7.56471e+12
119, 7.56471e+12
120, 7.56471e+12
121, 7.56471e+12
122, 7.56471e+12
123, 7.56471e+12
124, 7.56471e+12
125, 7.56471e+12
126, 7.56471e+12
127, 7.56471e+12
128, 7.56471e+12
129, 7.56471e+12
130, 7.56471e+12
131, 7.56471e+12
132, 7.56471e+12
133, 7.56471e+12
134, 7.56471e+12
135, 7.56471e+12
136, 7.56471e+12
137, 7.56471e+12
138, 7.56471e+12
139, 7.56471e+12
140, 7.56471e+12
141, 7.56471e+12
142, 7.56471e+12
143, 7.56471e+12
144, 7.56471e+12
145, 5.25643e+12
146, 5.25643e+12
147, 5.25643e+12
148, 5.25643e+12
149, 5.25643e+12
150, 5.25643e+12
151, 4.77053e+12
152, 3.19987e+12
153, 3.19987e+12
154, 3.19987e+12
155, 3.19987e+12
156, 3.19987e+12
157, 3.19987e+12
158, 3.19987e+12
159, 2.76604e+12
160, 2.76604e+12
161, 2.05489e+12
162, 1.9635e+12
163, 1.91099e+12
164, 1.91099e+12
165, 1.91099e+12
166, 1.91099e+12
167, 1.91099e+12
168, 1.44396e+12
169, 1.20775e+12
170, 1.20775e+12
171, 1.20775e+12
172, 1.20775e+12
173, 1.20775e+12
174, 1.20775e+12
175, 1.20775e+12
176, 1.20775e+12
177, 1.20775e+12
178, 1.20775e+12
179, 1.20775e+12
180, 1.20775e+12
181, 1.20775e+12
182, 1.20775e+12
183, 1.20775e+12
184, 1.0366e+12
185, 1.0366e+12
186, 1.0366e+12
187, 1.0366e+12
188, 1.0366e+12
189, 1.0366e+12
190, 1.0366e+12
191, 1.0366e+12
192, 1.0366e+12
193, 1.0366e+12
194, 1.0366e+12
195, 1.0366e+12
196, 1.0366e+12
197, 1.0366e+12
198, 1.0366e+12
199, 1.0366e+12
200, 1.0366e+12
201, 1.0366e+12
202, 1.0366e+12
203, 1.0366e+12
204, 1.0366e+12
205, 1.0366e+12
206, 1.0366e+12
207, 1.0366e+12
208, 4.82547e+11
209, 4.82547e+11
210, 4.82547e+11
211, 4.82547e+11
212, 4.82547e+11
213, 4.82547e+11
214, 4.82547e+11
215, 4.82547e+11
216, 4.82547e+11
217, 4.82547e+11
218, 4.82547e+11
219, 4.82547e+11
220, 4.82547e+11
221, 4.82547e+11
222, 4.82547e+11
223, 4.82547e+11
224, 4.82547e+11
225, 4.82547e+11
226, 4.82547e+11
227, 4.82547e+11
228, 4.82547e+11
229, 4.82547e+11
230, 4.82547e+11
231, 4.82547e+11
232, 4.82547e+11
233, 4.20433e+11
234, 4.20433e+11
235, 4.20433e+11
236, 4.20433e+11
237, 4.20433e+11
238, 4.20433e+11
239, 4.20433e+11
240, 4.20433e+11
241, 4.20433e+11
242, 4.20433e+11
243, 4.20433e+11
244, 4.20433e+11
245, 4.20433e+11
246, 4.20433e+11
247, 4.20433e+11
248, 4.20433e+11
249, 4.20433e+11
250, 4.20433e+11
251, 4.20433e+11
252, 4.20433e+11
253, 4.20433e+11
254, 4.20433e+11
255, 4.20433e+11
256, 4.20433e+11
257, 4.20433e+11
258, 4.20433e+11
259, 4.20433e+11
260, 4.20433e+11
261, 4.20433e+11
262, 4.20433e+11
263, 4.20433e+11
264, 4.20433e+11
265, 4.20433e+11
266, 4.20433e+11
267, 3.75568e+11
268, 3.75568e+11
269, 3.75568e+11
270, 3.75568e+11
271, 3.75568e+11
272, 3.75568e+11
273, 3.75568e+11
274, 3.75568e+11
275, 3.75568e+11
276, 3.75568e+11
277, 3.75568e+11
278, 3.75568e+11
279, 3.75568e+11
280, 3.75568e+11
281, 3.75568e+11
282, 3.75568e+11
283, 3.75568e+11
284, 3.75568e+11
285, 3.75568e+11
286, 3.75568e+11
287, 3.75568e+11
288, 3.75568e+11
289, 3.75568e+11
290, 3.75568e+11
291, 3.75568e+11
292, 3.75568e+11
293, 3.75568e+11
294, 3.75568e+11
295, 2.02792e+11
296, 1.79216e+11
297, 1.79216e+11
298, 1.79216e+11
299, 1.79216e+11
300, 1.79216e+11
301, 1.79216e+11
302, 1.79216e+11
303, 1.79216e+11
304, 1.79216e+11
305, 1.79216e+11
306, 1.79216e+11
307, 1.79216e+11
308, 1.79216e+11
309, 1.79216e+11
310, 1.79216e+11
311, 1.79216e+11
312, 1.79216e+11
313, 1.79216e+11
314, 1.79216e+11
315, 1.79216e+11
316, 1.79216e+11
317, 1.79216e+11
318, 1.79216e+11
319, 1.79216e+11
320, 1.79216e+11
321, 1.79216e+11
322, 1.79216e+11
323, 1.79216e+11
324, 1.79216e+11
325, 1.79216e+11
326, 1.79216e+11
327, 1.79216e+11
328, 1.79216e+11
329, 1.79216e+11
330, 1.79216e+11
331, 1.53136e+11
