Iteration, BestFitness
0, 5.39524e+11
1, 5.23731e+11
2, 4.62074e+11
3, 4.60432e+11
4, 4.36245e+11
5, 4.24662e+11
6, 3.80803e+11
7, 3.67736e+11
8, 3.67736e+11
9, 3.67736e+11
10, 3.67736e+11
11, 3.67736e+11
12, 3.67736e+11
13, 3.4624e+11
14, 3.4624e+11
15, 3.23006e+11
16, 3.23006e+11
17, 3.16178e+11
18, 2.90126e+11
19, 2.90126e+11
20, 2.90126e+11
21, 2.83007e+11
22, 2.75393e+11
23, 2.71734e+11
24, 2.69458e+11
25, 2.69458e+11
26, 2.69458e+11
27, 2.59879e+11
28, 2.39754e+11
29, 2.36918e+11
30, 2.36918e+11
31, 2.36918e+11
32, 2.33395e+11
33, 2.28056e+11
34, 2.28056e+11
35, 2.19923e+11
36, 2.19923e+11
37, 2.19923e+11
38, 2.19923e+11
39, 2.19923e+11
40, 2.10461e+11
41, 1.96353e+11
42, 1.92923e+11
43, 1.92923e+11
44, 1.92923e+11
45, 1.92923e+11
46, 1.92923e+11
47, 1.92923e+11
48, 1.92923e+11
49, 1.92923e+11
50, 1.92923e+11
51, 1.92923e+11
52, 1.92923e+11
53, 1.92923e+11
54, 1.92923e+11
55, 1.92923e+11
56, 1.92923e+11
57, 1.92923e+11
58, 1.92923e+11
59, 1.77115e+11
60, 1.77115e+11
61, 1.67079e+11
62, 1.67079e+11
63, 1.67079e+11
64, 1.67079e+11
65, 1.67079e+11
66, 1.67079e+11
67, 1.67079e+11
68, 1.67079e+11
69, 1.67079e+11
70, 1.67079e+11
71, 1.67079e+11
72, 1.56222e+11
73, 1.56222e+11
74, 1.56222e+11
75, 1.56222e+11
76, 1.56222e+11
77, 1.56222e+11
78, 1.56222e+11
79, 1.56222e+11
80, 1.56222e+11
81, 1.56222e+11
82, 1.56222e+11
83, 1.56222e+11
84, 1.56222e+11
85, 1.52427e+11
86, 1.52427e+11
87, 1.52427e+11
88, 1.52427e+11
89, 1.51956e+11
90, 1.45117e+11
91, 1.42668e+11
92, 1.42668e+11
93, 1.40351e+11
94, 1.3974e+11
95, 1.3974e+11
96, 1.3974e+11
97, 1.3974e+11
98, 1.3974e+11
99, 1.3974e+11
100, 1.3974e+11
101, 1.3974e+11
102, 1.3974e+11
103, 1.3974e+11
104, 1.3974e+11
105, 1.3974e+11
106, 1.3974e+11
107, 1.3974e+11
108, 1.3974e+11
109, 1.3974e+11
110, 1.3974e+11
111, 1.3974e+11
112, 1.3974e+11
113, 1.3974e+11
114, 1.3974e+11
115, 1.3974e+11
116, 1.3974e+11
117, 1.3974e+11
118, 1.3974e+11
119, 1.3974e+11
120, 1.3974e+11
121, 1.38206e+11
122, 1.38206e+11
123, 1.38206e+11
124, 1.38206e+11
125, 1.38206e+11
126, 1.38206e+11
127, 1.38206e+11
128, 1.38206e+11
129, 1.38206e+11
130, 1.32593e+11
131, 1.32593e+11
132, 1.32593e+11
133, 1.31285e+11
134, 1.31285e+11
135, 1.31285e+11
136, 1.31285e+11
137, 1.31285e+11
138, 1.31285e+11
139, 1.30469e+11
140, 1.30469e+11
141, 1.30469e+11
142, 1.30469e+11
143, 1.30469e+11
144, 1.30469e+11
145, 1.29053e+11
146, 1.29053e+11
147, 1.29053e+11
148, 1.29053e+11
149, 1.29053e+11
150, 1.29053e+11
151, 1.29053e+11
152, 1.2815e+11
153, 1.2815e+11
154, 1.15007e+11
155, 1.15007e+11
156, 1.14076e+11
157, 1.14076e+11
158, 1.13465e+11
159, 1.13465e+11
160, 1.13465e+11
161, 1.13465e+11
162, 1.13465e+11
163, 1.1193e+11
164, 1.07445e+11
165, 1.07445e+11
166, 1.07445e+11
167, 1.07445e+11
168, 1.07445e+11
169, 1.07445e+11
170, 1.07445e+11
171, 1.07445e+11
172, 1.07445e+11
173, 1.06205e+11
174, 1.05133e+11
175, 1.05133e+11
176, 1.05133e+11
177, 1.05133e+11
178, 1.05133e+11
179, 1.05133e+11
180, 1.05133e+11
181, 1.05133e+11
182, 1.05133e+11
183, 1.05133e+11
184, 1.05133e+11
185, 1.05133e+11
186, 1.01682e+11
187, 1.01682e+11
188, 1.01682e+11
189, 1.01682e+11
190, 1.01682e+11
191, 1.01682e+11
192, 1.01682e+11
193, 9.96318e+10
194, 9.96318e+10
195, 9.69999e+10
196, 9.69999e+10
197, 9.69999e+10
198, 9.69999e+10
199, 9.69999e+10
200, 9.69999e+10
201, 9.69999e+10
202, 9.69999e+10
203, 9.69999e+10
204, 9.69999e+10
205, 9.69999e+10
206, 9.69999e+10
207, 9.69999e+10
208, 9.69999e+10
209, 9.69999e+10
210, 9.69999e+10
211, 9.69999e+10
212, 9.69999e+10
213, 9.69999e+10
214, 9.69999e+10
215, 9.69999e+10
216, 9.69999e+10
217, 9.69999e+10
218, 9.69999e+10
219, 9.69999e+10
220, 9.69999e+10
221, 9.69999e+10
222, 9.69999e+10
223, 9.69999e+10
224, 9.69999e+10
225, 9.69999e+10
226, 9.69999e+10
227, 9.69999e+10
228, 9.69999e+10
229, 9.69999e+10
230, 9.69999e+10
231, 9.69999e+10
232, 9.69999e+10
233, 9.69999e+10
234, 9.69999e+10
235, 9.69999e+10
236, 9.69999e+10
237, 9.69999e+10
238, 9.69999e+10
239, 9.69999e+10
240, 9.69999e+10
241, 9.69999e+10
242, 9.69999e+10
243, 9.69999e+10
244, 9.69999e+10
245, 9.69999e+10
246, 9.69999e+10
247, 9.69999e+10
248, 9.69999e+10
249, 9.69999e+10
250, 9.69999e+10
251, 9.69999e+10
252, 9.69999e+10
253, 9.69999e+10
254, 9.30973e+10
255, 9.30107e+10
256, 9.27543e+10
257, 9.23226e+10
258, 9.23226e+10
259, 9.23226e+10
260, 9.22473e+10
261, 9.22473e+10
262, 9.22473e+10
263, 9.22473e+10
264, 9.22473e+10
265, 9.22473e+10
266, 9.22473e+10
267, 9.22473e+10
268, 9.22473e+10
269, 9.22473e+10
270, 9.22473e+10
271, 9.22473e+10
272, 9.22473e+10
273, 9.22473e+10
274, 9.22473e+10
275, 9.22473e+10
276, 9.22473e+10
277, 9.22473e+10
278, 9.22473e+10
279, 9.22473e+10
280, 9.22473e+10
281, 9.22473e+10
282, 9.22473e+10
283, 9.22473e+10
284, 9.22473e+10
285, 9.22473e+10
286, 9.22473e+10
287, 9.22473e+10
288, 8.70158e+10
289, 8.70158e+10
290, 8.70158e+10
291, 8.70158e+10
292, 8.70158e+10
293, 8.70158e+10
294, 8.70158e+10
295, 8.70158e+10
296, 8.70158e+10
297, 8.70158e+10
298, 8.45372e+10
299, 8.45372e+10
300, 8.45372e+10
301, 8.45372e+10
302, 8.45372e+10
303, 8.45372e+10
304, 8.45372e+10
305, 8.45372e+10
306, 8.45372e+10
307, 8.45372e+10
308, 8.45372e+10
309, 8.45372e+10
310, 8.45372e+10
311, 8.45372e+10
312, 8.45372e+10
313, 8.45372e+10
314, 8.45372e+10
315, 8.45372e+10
316, 8.45372e+10
317, 8.45372e+10
318, 8.45372e+10
319, 8.45372e+10
320, 8.45372e+10
321, 8.45372e+10
322, 8.45372e+10
323, 8.45372e+10
324, 8.45372e+10
325, 8.45372e+10
326, 8.45372e+10
327, 8.45372e+10
328, 8.45372e+10
329, 8.45372e+10
330, 8.45372e+10
331, 8.45372e+10
