Iteration, BestFitness
0, 1.2661e+13
1, 8.12613e+12
2, 8.12613e+12
3, 8.12613e+12
4, 8.12478e+12
5, 8.12478e+12
6, 7.90186e+12
7, 7.90186e+12
8, 7.90186e+12
9, 7.90186e+12
10, 7.90186e+12
11, 7.80775e+12
12, 7.60484e+12
13, 7.60484e+12
14, 7.60484e+12
15, 7.14099e+12
16, 7.14099e+12
17, 6.17788e+12
18, 6.03875e+12
19, 5.99888e+12
20, 5.99888e+12
21, 5.99888e+12
22, 5.99888e+12
23, 5.99888e+12
24, 5.99888e+12
25, 5.99888e+12
26, 5.99888e+12
27, 5.83785e+12
28, 5.05495e+12
29, 5.05495e+12
30, 5.03222e+12
31, 5.03222e+12
32, 5.03222e+12
33, 5.03222e+12
34, 5.03222e+12
35, 5.03222e+12
36, 5.03222e+12
37, 5.03222e+12
38, 4.35828e+12
39, 4.01879e+12
40, 4.01879e+12
41, 4.01879e+12
42, 4.01879e+12
43, 3.96707e+12
44, 3.96707e+12
45, 3.96707e+12
46, 3.96707e+12
47, 3.96707e+12
48, 3.96707e+12
49, 3.85624e+12
50, 3.51002e+12
51, 3.51002e+12
52, 3.51002e+12
53, 3.51002e+12
54, 3.51002e+12
55, 3.32872e+12
56, 3.13983e+12
57, 3.13983e+12
58, 3.11501e+12
59, 3.06777e+12
60, 3.06777e+12
61, 3.06777e+12
62, 3.06777e+12
63, 3.06777e+12
64, 3.06777e+12
65, 3.05321e+12
66, 3.02967e+12
67, 3.02967e+12
68, 3.02967e+12
69, 2.93686e+12
70, 2.88918e+12
71, 2.88918e+12
72, 2.88918e+12
73, 2.88918e+12
74, 2.88918e+12
75, 2.88918e+12
76, 2.88918e+12
77, 2.88918e+12
78, 2.88918e+12
79, 2.76245e+12
80, 2.76245e+12
81, 2.76245e+12
82, 2.69451e+12
83, 2.53689e+12
84, 2.49187e+12
85, 2.45223e+12
86, 2.43624e+12
87, 2.43624e+12
88, 2.43624e+12
89, 2.43624e+12
90, 2.43624e+12
91, 2.42509e+12
92, 2.28896e+12
93, 2.28896e+12
94, 2.28896e+12
95, 2.23176e+12
96, 2.23176e+12
97, 2.19864e+12
98, 2.07779e+12
99, 2.03415e+12
100, 1.96402e+12
101, 1.95931e+12
102, 1.95931e+12
103, 1.95931e+12
104, 1.95931e+12
105, 1.95931e+12
106, 1.95931e+12
107, 1.95931e+12
108, 1.95931e+12
109, 1.95931e+12
110, 1.95931e+12
111, 1.95931e+12
112, 1.95931e+12
113, 1.95931e+12
114, 1.95931e+12
115, 1.95931e+12
116, 1.95931e+12
117, 1.85766e+12
118, 1.85766e+12
119, 1.85766e+12
120, 1.85766e+12
121, 1.85766e+12
122, 1.80669e+12
123, 1.77924e+12
124, 1.74047e+12
125, 1.71902e+12
126, 1.71902e+12
127, 1.71902e+12
128, 1.71902e+12
129, 1.71902e+12
130, 1.71902e+12
131, 1.71902e+12
132, 1.71902e+12
133, 1.70056e+12
134, 1.70056e+12
135, 1.6849e+12
136, 1.6849e+12
137, 1.6849e+12
138, 1.6849e+12
139, 1.6849e+12
140, 1.6849e+12
141, 1.6849e+12
142, 1.6849e+12
143, 1.6849e+12
144, 1.65949e+12
145, 1.45094e+12
146, 1.40522e+12
147, 1.3988e+12
148, 1.3988e+12
149, 1.36784e+12
150, 1.36784e+12
151, 1.36784e+12
152, 1.36784e+12
153, 1.36784e+12
154, 1.36784e+12
155, 1.36784e+12
156, 1.36784e+12
157, 1.34711e+12
158, 1.34711e+12
159, 1.34711e+12
160, 1.34711e+12
161, 1.28472e+12
162, 1.2338e+12
163, 1.2338e+12
164, 1.15249e+12
165, 1.12777e+12
166, 1.12777e+12
167, 1.12777e+12
168, 1.12777e+12
169, 1.12777e+12
170, 1.12777e+12
171, 1.12777e+12
172, 1.12777e+12
173, 1.12777e+12
174, 1.12777e+12
175, 1.12777e+12
176, 1.12777e+12
177, 1.12777e+12
178, 1.12777e+12
179, 1.12777e+12
180, 1.12777e+12
181, 1.12777e+12
182, 1.12777e+12
183, 1.05728e+12
184, 1.04255e+12
185, 1.04255e+12
186, 1.04255e+12
187, 1.04255e+12
188, 1.04255e+12
189, 1.04255e+12
190, 1.04255e+12
191, 1.04255e+12
192, 1.04255e+12
193, 1.04255e+12
194, 1.04255e+12
195, 1.04255e+12
196, 1.04255e+12
197, 1.04255e+12
198, 1.04255e+12
199, 1.04255e+12
200, 1.04255e+12
201, 1.04255e+12
202, 1.04255e+12
203, 9.45363e+11
204, 9.45363e+11
205, 9.45363e+11
206, 9.16315e+11
207, 9.16315e+11
208, 9.16315e+11
209, 9.16315e+11
210, 9.16315e+11
211, 9.16315e+11
212, 9.16315e+11
213, 9.16315e+11
214, 9.16315e+11
215, 9.16315e+11
216, 9.16315e+11
217, 9.16315e+11
218, 9.16315e+11
219, 9.16315e+11
220, 9.16315e+11
221, 9.16315e+11
222, 9.16315e+11
223, 9.16315e+11
224, 9.16315e+11
225, 9.16315e+11
226, 8.69069e+11
227, 8.57117e+11
228, 8.57117e+11
229, 8.57117e+11
230, 8.57117e+11
231, 8.57117e+11
232, 8.57117e+11
233, 8.57117e+11
234, 8.57117e+11
235, 8.48697e+11
236, 8.48697e+11
237, 8.48697e+11
238, 8.48697e+11
239, 8.48697e+11
240, 8.48697e+11
241, 8.48697e+11
242, 8.48697e+11
243, 8.48697e+11
244, 8.48697e+11
245, 8.48697e+11
246, 8.48697e+11
247, 8.32054e+11
248, 8.32054e+11
249, 8.32054e+11
250, 8.32054e+11
251, 8.23125e+11
252, 8.23125e+11
253, 8.23125e+11
254, 8.23125e+11
255, 8.23125e+11
256, 8.23125e+11
257, 8.23125e+11
258, 8.23125e+11
259, 8.23125e+11
260, 8.23125e+11
261, 7.46993e+11
262, 7.46993e+11
263, 7.46993e+11
264, 7.46993e+11
265, 7.46993e+11
266, 7.46993e+11
267, 7.46993e+11
268, 7.46993e+11
269, 7.46993e+11
270, 7.46993e+11
271, 7.46993e+11
272, 7.38079e+11
273, 7.38079e+11
274, 7.38079e+11
275, 7.24251e+11
276, 7.24251e+11
277, 7.24251e+11
278, 7.24251e+11
279, 7.24251e+11
280, 7.24251e+11
281, 7.24251e+11
282, 7.24251e+11
283, 7.24251e+11
284, 7.24251e+11
285, 7.24251e+11
286, 7.24251e+11
287, 7.24251e+11
288, 7.24251e+11
289, 7.24251e+11
290, 7.20762e+11
291, 7.18439e+11
292, 7.16807e+11
293, 7.07575e+11
294, 6.90819e+11
295, 6.83995e+11
296, 6.83995e+11
297, 6.83995e+11
298, 6.83995e+11
299, 6.83995e+11
300, 6.83995e+11
301, 6.83995e+11
302, 6.83995e+11
303, 6.83995e+11
304, 6.83995e+11
305, 6.83995e+11
306, 6.83995e+11
307, 6.83995e+11
308, 6.83995e+11
309, 6.80577e+11
310, 6.80577e+11
311, 6.80577e+11
312, 6.80577e+11
313, 6.70609e+11
314, 6.70609e+11
315, 6.70609e+11
316, 6.70609e+11
317, 6.70609e+11
318, 6.70609e+11
319, 6.70609e+11
320, 6.70609e+11
321, 6.70609e+11
322, 6.70609e+11
323, 6.70609e+11
324, 6.70609e+11
325, 6.70609e+11
326, 6.70609e+11
327, 6.70609e+11
328, 6.70609e+11
329, 6.70609e+11
330, 6.70609e+11
331, 6.70609e+11
