-0.10264134407043457 0.134270578622818 -0.015702350065112114 -0.1452106386423111 0.16290421783924103 0.37244611978530884 0.15874126553535461 -0.007099347189068794 0.04675556346774101 0.058735087513923645 0.18526016175746918 0.1493029147386551 -0.12613973021507263 0.05344422906637192 0.05010244622826576 -0.22352257370948792 0.03940410166978836 -0.08807674795389175 0.08980496227741241 0.15114900469779968 -0.0041723246686160564 -0.07610581815242767 -0.007697372697293758 -0.008756635710597038 0.19325010478496552 -0.2108149230480194 -0.1909501850605011 -0.3391750454902649 0.026471734046936035 0.11670033633708954 0.2798188030719757 0.1241239681839943 -0.1413930505514145 -0.12877589464187622 0.03774191066622734 0.025586916133761406 0.19543462991714478 0.15147316455841064 -0.002415957162156701 -0.07123232632875443 0.053131770342588425 0.0848994180560112 0.0027261339128017426 0.061034299433231354 0.13882876932621002 0.11130525171756744 0.15329274535179138 0.04635769873857498 0.24202607572078705 0.06408321112394333
0.1986730843782425 0.13014289736747742 -0.030533909797668457 0.026369798928499222 -0.1030791774392128 -0.14786791801452637 0.048417236655950546 0.051031552255153656 -0.15558695793151855 -0.06811366975307465 -0.26201343536376953 0.07755099982023239 -0.12906667590141296 0.026243142783641815 0.25307053327560425 0.08426958322525024 0.03595190867781639 -0.06827498972415924 0.03012414276599884 0.0033301382791250944 0.03127221390604973 0.3241844177246094 -0.048662908375263214 0.16048899292945862 -0.013976686634123325 -0.14889249205589294 -0.2270989716053009 -0.09478278458118439 0.1205165758728981 0.14920899271965027 0.12591512501239777 -0.03981003537774086 0.049612537026405334 0.2784184217453003 0.04386003315448761 0.2439061552286148 0.14741167426109314 0.08003755658864975 -0.13438937067985535 0.1892920285463333 0.10733118653297424 0.14157448709011078 0.2776464819908142 0.043026842176914215 -0.18921083211898804 -0.18495531380176544 0.036657728254795074 0.1289239376783371 -0.016403134912252426 -0.1101573184132576
0.13944785296916962 0.1944241225719452 0.036363352090120316 -0.037192001938819885 0.0579795278608799 -0.015454171225428581 -0.005969633348286152 0.1580176204442978 -0.04142465442419052 0.08943004906177521 0.08506736904382706 0.21977385878562927 0.004029347561299801 -0.18067307770252228 -0.12914952635765076 -0.171247661113739 0.04790348932147026 0.05616842955350876 -0.18584051728248596 -0.11872967332601547 0.044728510081768036 0.27866947650909424 -0.11978790909051895 -0.20073921978473663 -0.03975650295615196 -0.2531355917453766 0.16087201237678528 0.004162933211773634 0.16665641963481903 0.02596678026020527 -0.020898858085274696 0.06777984648942947 0.03650587424635887 0.03541057929396629 0.13617919385433197 -0.09282223135232925 0.020526105538010597 -0.023062024265527725 0.3041575253009796 -0.12833371758460999 0.12321647256612778 -0.06651974469423294 -0.031873054802417755 0.14679738879203796 -0.21672488749027252 0.3147900104522705 0.04856322705745697 0.026941247284412384 -0.35074543952941895 0.009124023839831352
0.01619638130068779 0.08649711310863495 -0.13786639273166656 0.032829415053129196 -0.022845285013318062 0.006766233127564192 0.1343257576227188 -0.25808125734329224 -0.2563721239566803 -0.19037467241287231 -0.15750281512737274 -0.001332740532234311 -0.20814549922943115 -0.20810864865779877 -0.07151726633310318 -0.18257522583007812 -0.16076692938804626 -0.06935229152441025 0.07323326915502548 -0.20317499339580536 0.02987661212682724 0.14854152500629425 0.18049192428588867 -0.059099230915308 0.032605692744255066 0.15535558760166168 -0.03945339098572731 -0.2699684798717499 -0.1355864405632019 -0.17116573452949524 -0.24025346338748932 -0.15525895357131958 -0.12015937268733978 -0.017495043575763702 0.2265261709690094 -0.13170991837978363 0.08700945228338242 -0.10132162272930145 0.23822316527366638 -0.04186367988586426 -0.024612344801425934 0.0382949560880661 -0.10287777334451675 0.1280750334262848 0.020744560286402702 -0.17601700127124786 -0.1286361813545227 0.04309413954615593 0.1445382982492447 0.10053926706314087
-0.25734326243400574 -0.24765335023403168 0.19898781180381775 0.1361987292766571 0.06270468235015869 -0.09362965822219849 0.015095517970621586 0.08963677287101746 -0.14657747745513916 -0.004981613252311945 0.17261497676372528 -0.07940807193517685 0.2357618361711502 0.006779662799090147 0.13736815750598907 -0.19193926453590393 1.731915290292818e-05 -0.06267569959163666 0.08981592208147049 0.09708087146282196 -0.061048686504364014 -0.04432380944490433 0.015255605801939964 -0.019797317683696747 0.18400321900844574 -0.030953429639339447 0.0846550464630127 -0.14989544451236725 0.10467470437288284 0.09469292312860489 -0.09140067547559738 -0.06462806463241577 0.12809067964553833 -0.13802513480186462 0.2662768065929413 0.05736846476793289 0.06073686107993126 -0.05314033105969429 -0.10915859788656235 -0.013406860642135143 -0.28690603375434875 -0.10768470913171768 0.17356082797050476 0.2318779081106186 -0.31744611263275146 -0.20487655699253082 0.07079426944255829 0.03127496317028999 -0.13284221291542053 0.16521614789962769
0.10192115604877472 0.13775087893009186 0.13806147873401642 0.10704720765352249 -0.011255910620093346 0.031809769570827484 0.1692122220993042 0.07136167585849762 -0.013503176160156727 -0.03238457813858986 0.1924038827419281 -0.15583358705043793 0.26865264773368835 -0.28058922290802 0.10031391680240631 0.06149410456418991 -0.2139112949371338 0.13047146797180176 -0.06898964941501617 -0.10711883753538132 -0.13942889869213104 0.16508162021636963 -0.17645566165447235 -0.05546770989894867 -0.14664645493030548 -0.023376502096652985 -0.3328377306461334 -0.24450892210006714 0.015838591381907463 -0.12213604152202606 0.06798597425222397 0.08916483074426651 0.22185619175434113 -0.13655242323875427 -0.04196392372250557 -0.19467611610889435 -0.279767245054245 0.055535249412059784 -0.08005455881357193 0.12746813893318176 -0.03045179508626461 -0.00862658116966486 -0.1199926808476448 -0.1263856440782547 -0.030958443880081177 -0.08602357655763626 0.09088773280382156 -0.09321800619363785 0.1301731914281845 -0.11192388832569122
0.019934289157390594 -0.11944825202226639 0.0024382472038269043 0.17312946915626526 0.022548392415046692 -0.043598972260951996 -0.05055548623204231 0.035627808421850204 0.08699750155210495 -0.06706885248422623 -0.1288354992866516 0.12252014130353928 0.12738996744155884 -0.011263870634138584 0.19316059350967407 0.042746786028146744 -0.11237618327140808 -0.22508271038532257 -0.11674046516418457 -0.18111255764961243 -0.22420360147953033 0.06332170218229294 0.06426327675580978 0.14278307557106018 -0.17270253598690033 -0.1575133502483368 0.1723327785730362 0.04759431630373001 -0.24182555079460144 0.32258331775665283 -0.01301778107881546 -0.15886105597019196 -0.109864741563797 -0.04788561910390854 0.010668663308024406 -0.06588692963123322 0.09050510078668594 0.12919551134109497 0.10133244097232819 0.056545156985521317 0.1035393550992012 -0.06972437351942062 -0.15600375831127167 -0.09436625987291336 -0.061811063438653946 0.08283329010009766 0.3219648599624634 -0.20080482959747314 0.20415008068084717 0.2907853424549103
-0.0844423770904541 -0.0994119867682457 0.16540484130382538 -0.025021711364388466 -0.2530081272125244 0.018688997253775597 -0.1330976039171219 -0.10722432285547256 0.20555947721004486 -0.0876406729221344 0.01576409488916397 -0.3183690011501312 -0.08600006252527237 -0.2642265856266022 0.026631291955709457 0.13143281638622284 0.04483797773718834 0.01139411237090826 -0.22206208109855652 -0.08325254917144775 0.04773297533392906 -0.1692238301038742 -0.1880960464477539 -0.07086796313524246 -0.19556061923503876 -0.14965128898620605 0.15013252198696136 -0.06987033784389496 0.07127093523740768 0.08912920206785202 0.25830695033073425 0.09990080446004868 -0.03381626307964325 0.08223269134759903 0.1370600014925003 0.010477196425199509 0.16651193797588348 0.05019911751151085 0.24560849368572235 0.01655750349164009 -0.065755695104599 0.11086878925561905 0.002581351436674595 0.163415789604187 0.20716609060764313 -0.24872761964797974 -0.023128783330321312 0.19546763598918915 -0.011384677141904831 0.050735510885715485
-0.0728699117898941 -0.010658669285476208 0.037716206163167953 0.020292924717068672 -0.02880443073809147 0.2765544652938843 0.18014539778232574 0.04286034032702446 0.05607098340988159 -0.22284448146820068 -0.03718302398920059 0.10135991871356964 -0.06485684961080551 -0.3156359791755676 -0.08767784386873245 -0.09077834337949753 -0.15899261832237244 0.24330511689186096 -0.06692185252904892 -0.12039736658334732 -0.011826652102172375 -0.09845813363790512 -0.14774766564369202 0.06123692914843559 0.12499130517244339 0.05281628668308258 0.11991339176893234 0.09631922096014023 0.022247150540351868 0.19896286725997925 -0.10121839493513107 0.0567055344581604 -0.005544053856283426 0.05182752013206482 -0.1787182241678238 0.16921526193618774 0.057447224855422974 -0.27441978454589844 -0.12413646280765533 0.17818669974803925 -0.025143252685666084 0.227080300450325 0.26387521624565125 0.017029955983161926 -0.03671644628047943 0.08669392764568329 -0.10508505254983902 -0.34288138151168823 0.00391870504245162 0.11739099025726318
-0.10920720547437668 0.1862848848104477 0.2206479012966156 0.027443410828709602 0.15460743010044098 -0.09580647945404053 -0.08988139033317566 0.24129720032215118 -0.028306908905506134 -0.28061506152153015 -0.2727774977684021 0.2633298933506012 -0.057381246238946915 0.08975256979465485 0.1641145646572113 -0.10088100284337997 -0.044616349041461945 -0.20119650661945343 -0.05749345198273659 0.184544637799263 -0.14527282118797302 -0.12307386845350266 -0.05112600699067116 -0.10805852711200714 -0.20600783824920654 0.10632223635911942 -0.048914648592472076 0.06416730582714081 0.08240897208452225 -0.14639289677143097 0.19192063808441162 0.20905627310276031 0.13739100098609924 -0.0954335629940033 0.12055737525224686 0.06176163628697395 0.014703834429383278 -0.2266089916229248 0.1163613349199295 0.00513814901933074 0.003747661365196109 -0.1358107328414917 -0.05321572348475456 -0.014914868399500847 0.1195630133152008 -0.052871763706207275 -0.24081206321716309 -0.13247621059417725 0.07905252277851105 0.03929445520043373
-0.0906442403793335 0.13572564721107483 -0.020647937431931496 -0.07771540433168411 -0.17254218459129333 -0.0804518312215805 -0.0410597026348114 0.30818986892700195 0.1736787110567093 -0.1508568376302719 0.03398821875452995 -0.030706778168678284 -0.10308116674423218 0.01371840387582779 -0.11606637388467789 0.04011420160531998 -0.16253942251205444 -0.11068139225244522 -0.08675907552242279 -0.1656138300895691 -0.007176775950938463 -0.10958141088485718 -0.1326097697019577 0.0944499596953392 0.14973832666873932 0.1363767385482788 -0.21041767299175262 -0.06705746054649353 0.05075198784470558 0.0028279321268200874 -0.12923896312713623 -0.15172640979290009 -0.16555139422416687 -0.05870606005191803 0.1723974049091339 0.30336567759513855 0.01250622607767582 0.06576664745807648 -0.25085359811782837 0.07526792585849762 0.02211943082511425 -0.03562674671411514 -0.43320712447166443 0.15301844477653503 0.030325038358569145 0.10324759781360626 0.08278337866067886 0.07150475680828094 -0.21610137820243835 0.0037909860257059336
-0.008154725655913353 -0.06122756376862526 0.2901650369167328 0.03873089328408241 -0.22459536790847778 0.037084560841321945 -0.07779975980520248 0.16169416904449463 -0.0496838204562664 0.007618509232997894 -0.007894079200923443 0.08498471975326538 -0.0080872792750597 0.04592626169323921 -0.06037343293428421 -0.10378336161375046 0.03448393568396568 0.022871417924761772 -0.014550377614796162 0.07523846626281738 0.27067506313323975 0.019029192626476288 0.13634605705738068 0.36650410294532776 -0.055019550025463104 -0.07600323110818863 -0.008068067952990532 -0.1902984231710434 -0.11414198577404022 -0.13983449339866638 -0.23942379653453827 0.18850935995578766 0.23736783862113953 0.0967898815870285 -0.16844679415225983 0.0022002181503921747 -0.15992996096611023 -0.00483147706836462 0.004616196267306805 -0.19684985280036926 0.2780817449092865 0.07503852248191833 0.0005212717223912477 0.1737237125635147 0.18844160437583923 -0.08736175298690796 0.1438005417585373 -0.017251022160053253 -0.020660268142819405 0.24345609545707703
-0.0055052246898412704 0.05177464708685875 0.0976184830069542 -0.002123521873727441 -0.07270500808954239 -0.13692110776901245 -0.19051973521709442 0.12068580836057663 -0.14379070699214935 0.037203073501586914 0.21407561004161835 -0.09854019433259964 0.11981918662786484 0.2336432784795761 -0.12104921787977219 0.0743199810385704 -0.12169180065393448 0.2118748277425766 0.16697372496128082 0.04434320330619812 -0.1973423957824707 0.20632323622703552 0.08673842251300812 -0.17028668522834778 0.08221330493688583 -0.007923014461994171 -0.05824481323361397 -0.03925801068544388 -0.20027264952659607 0.15960319340229034 0.0984649658203125 0.2535034418106079 -0.30554160475730896 0.2543032765388489 -0.04667501524090767 0.13357189297676086 -0.022808237001299858 -0.030312353745102882 0.17432910203933716 -0.002736868103966117 -0.028938040137290955 0.16549713909626007 -0.15516063570976257 0.13970737159252167 -0.03680375590920448 -0.08407533168792725 -0.19154676795005798 -0.21355436742305756 0.0749715268611908 0.0960116982460022
0.14752715826034546 -0.19602908194065094 -0.020140646025538445 0.11523190140724182 0.33026623725891113 -0.11801858991384506 0.08342321217060089 0.012930912896990776 -0.06976359337568283 -0.19803166389465332 -0.062024474143981934 0.08043009787797928 0.11909451335668564 -0.07673068344593048 -0.01529685128480196 -0.0688900277018547 -0.2673308849334717 0.1500599980354309 0.10427171736955643 -0.05299797281622887 -0.028594225645065308 0.008629199117422104 -0.07532410323619843 0.18920333683490753 -0.041964251548051834 -0.05407262220978737 0.011972510255873203 0.051547735929489136 -0.08067832142114639 0.17498566210269928 0.03618011996150017 0.2105429768562317 -0.11887505650520325 0.1491616815328598 -0.01419963501393795 -0.14870522916316986 0.020782943814992905 0.02221471071243286 -0.2012362778186798 -0.1203216090798378 -0.12074726819992065 -0.1310509741306305 -0.011724836193025112 0.15011397004127502 0.3141426146030426 0.1354096531867981 -0.08759980648756027 0.41378408670425415 -0.09500337392091751 -0.04800412431359291
0.1765258014202118 0.06132423132658005 0.24823808670043945 0.15593433380126953 0.12234869599342346 0.12813259661197662 0.1466628462076187 0.059116799384355545 0.052279673516750336 -0.15550608932971954 0.12660327553749084 -0.011383438482880592 -0.0353875569999218 0.05994182825088501 -0.002981784287840128 0.24736656248569489 0.086004339158535 0.17863720655441284 0.11867476999759674 0.01542191207408905 -0.042538952082395554 -0.0940733253955841 0.12070277333259583 -0.06107228621840477 0.10698529332876205 0.13145378232002258 -0.13153250515460968 0.17193947732448578 0.20387814939022064 -0.1440577358007431 -0.049400266259908676 -0.10822450369596481 0.022424913942813873 0.19421875476837158 -0.1330742985010147 -0.013298041187226772 0.2322411835193634 -0.18858836591243744 0.24505682289600372 0.12918893992900848 0.0015604788204655051 -0.13073337078094482 -0.10237877070903778 0.024331415072083473 -0.09868743270635605 0.006989282555878162 0.2990770637989044 0.25947684049606323 0.1118755117058754 0.22221797704696655
-0.06605882942676544 -0.22810520231723785 0.031512681394815445 -0.17814789712429047 0.08357923477888107 -0.026891235262155533 0.04011746123433113 0.326789528131485 -0.030401721596717834 0.07142287492752075 0.028968602418899536 -0.26949450373649597 -0.07641614973545074 -0.17796990275382996 -0.11972808837890625 -0.02463349886238575 0.003277617273852229 -0.13794060051441193 0.12130756676197052 0.12910069525241852 0.05329528823494911 0.1393367052078247 -0.05898543447256088 -0.1520296335220337 -0.2218780219554901 0.06992429494857788 0.14522981643676758 -0.2702050805091858 -0.09877850115299225 0.01546028908342123 -0.12187256664037704 0.023278627544641495 -0.03174835443496704 0.16492542624473572 -0.0637141689658165 0.06917525827884674 0.29817214608192444 -0.2272251695394516 -0.12528514862060547 -0.0005732057034038007 0.1843889355659485 -0.20041602849960327 -0.0054795267060399055 -0.27688196301460266 -0.05025644972920418 0.08274899423122406 0.03686344623565674 0.041269686073064804 0.1288476288318634 -0.1294359564781189
-0.11892490833997726 0.21573133766651154 0.11657300591468811 0.248989075422287 0.2626013457775116 -0.2917757034301758 0.0802958607673645 -0.09881085157394409 -0.08679547905921936 -0.1397736370563507 0.19464215636253357 -0.07611492276191711 -0.11711448431015015 -0.07978669553995132 -0.03777517378330231 -0.012575129978358746 -0.006508854683488607 -0.10807500779628754 0.09967450052499771 0.0739397406578064 0.18367210030555725 -0.24998952448368073 -0.028829796239733696 -0.2604573965072632 -0.1429346203804016 -0.08372243493795395 -0.049754124134778976 -0.0020086413715034723 -0.28902316093444824 0.06143220141530037 -0.08129406720399857 -0.17692013084888458 0.11672359704971313 0.01820056140422821 -0.2074141949415207 0.16419750452041626 0.019972238689661026 0.2814923822879791 0.048413798213005066 0.08990351110696793 0.12337546050548553 0.11873700469732285 0.10495738685131073 0.09004470705986023 0.037586502730846405 0.09786736220121384 0.0005354905151762068 -0.043826792389154434 -0.12755580246448517 -0.04716445878148079
-0.14022576808929443 0.1349499225616455 -0.08203298598527908 -0.04689916595816612 0.022042682394385338 -0.1378793716430664 -0.06491802632808685 0.03593998774886131 -0.09804205596446991 0.23654119670391083 -0.1712924987077713 -0.015415100380778313 0.09941001236438751 0.0430147610604763 -0.23814386129379272 -0.12452618777751923 -0.07757315039634705 0.023563934490084648 -0.26337891817092896 -0.22227564454078674 0.11012041568756104 -0.03029627539217472 0.017327846959233284 -0.05311304330825806 0.10376975685358047 -0.18462172150611877 -0.17511025071144104 0.1666470617055893 -0.114527128636837 0.08182097971439362 -0.13267846405506134 0.24960912764072418 0.17687775194644928 -0.20928992331027985 -0.2236572653055191 0.15703880786895752 0.21928057074546814 -0.07770372927188873 0.06665518134832382 0.1143362820148468 -0.173244908452034 -0.09065404534339905 -0.018016235902905464 -0.041466984897851944 -0.05637137219309807 -0.12107162177562714 0.043897416442632675 0.2370288074016571 0.258300244808197 0.015099335461854935
-0.22729051113128662 -0.02410191111266613 -0.11146106570959091 0.16103117167949677 -0.17084002494812012 -0.029040571302175522 -0.15149541199207306 0.1153976246714592 0.0007413001731038094 -0.17324946820735931 0.1284317523241043 0.10640493780374527 -0.16226108372211456 -0.003664977615699172 -0.337940514087677 0.10244081169366837 -0.2735764980316162 -0.3220886290073395 -0.058859195560216904 0.06531933695077896 -0.030846696346998215 0.19196973741054535 0.182545006275177 -0.08308994024991989 0.1526254415512085 0.01976102404296398 0.00488760881125927 -0.04219011217355728 0.13621172308921814 0.015710892155766487 0.21649813652038574 -0.031686536967754364 0.008158231154084206 0.05028470233082771 -0.19293832778930664 -0.24909986555576324 -0.13572286069393158 -0.017703313380479813 0.01380203478038311 0.11795089393854141 -0.10490386933088303 -0.04378891363739967 0.26447513699531555 -0.09604427963495255 0.10447251051664352 -0.014098825864493847 0.15708693861961365 0.08425336331129074 -0.08814799785614014 0.01618325710296631
0.22996841371059418 0.07849524170160294 -0.2381061464548111 0.33992770314216614 -0.2235790342092514 0.06286727637052536 0.038646403700113297 0.056315597146749496 0.07964114099740982 -0.03580797091126442 0.20716795325279236 0.1062072291970253 0.12814831733703613 0.138956218957901 0.03642706200480461 -0.16943080723285675 -0.15089771151542664 0.03261689841747284 -0.21281102299690247 0.3265913128852844 0.101107656955719 -0.08174244314432144 -0.04801202937960625 -0.07319515198469162 0.04750785604119301 0.10475378483533859 0.1670859158039093 0.046682946383953094 -0.056604187935590744 0.11304368078708649 -0.09017100930213928 0.007486229762434959 0.08161406964063644 0.010460921563208103 0.08191658556461334 -0.13666404783725739 0.25854480266571045 -0.06857364624738693 -0.04226779192686081 0.05141770839691162 0.18958206474781036 0.011700342409312725 -0.11422085016965866 0.11912677437067032 0.003076734486967325 -0.2055814266204834 -0.0070190103724598885 0.0010841991752386093 0.10543039441108704 -0.299625039100647
-0.19672393798828125 0.17481966316699982 -0.2509303689002991 -0.11613500118255615 0.0294034406542778 -0.0033493174705654383 0.0203193798661232 0.10267357528209686 0.05461008846759796 0.13568651676177979 0.04915995895862579 -0.19000722467899323 -0.0006210149149410427 -0.1016802117228508 0.10427884012460709 -0.17652562260627747 -0.11374001950025558 0.03868481516838074 0.04934559017419815 0.0012316192733123899 -0.46287888288497925 -0.0701286569237709 0.14290092885494232 -0.028435323387384415 -0.07849618047475815 -0.16606764495372772 0.0853036642074585 0.234510138630867 0.04561082273721695 -0.2003893405199051 -0.029172129929065704 -0.10625207424163818 0.0607881061732769 0.15459558367729187 -0.0036456033121794462 0.023412832990288734 -0.14620380103588104 -0.07892682403326035 -0.11568272858858109 -0.0003325965371914208 0.3201960623264313 0.014126531779766083 0.13273772597312927 0.28573742508888245 0.058448780328035355 -0.062239449471235275 0.053025614470243454 0.15678584575653076 0.10987673699855804 0.0679224282503128
0.03147117421030998 -0.03891371190547943 0.19918334484100342 0.005360398907214403 -0.10453684628009796 0.10234023630619049 -0.15782688558101654 -0.19489450752735138 0.3348393738269806 -0.03046739660203457 0.11507168412208557 0.277826189994812 -0.18593108654022217 0.13264726102352142 0.01882881298661232 -0.24082614481449127 -0.0596943125128746 0.00919819250702858 0.17871907353401184 -0.138311505317688 -0.07926250249147415 -0.0036001945845782757 -0.05705709010362625 -0.18678854405879974 -0.30097949504852295 -0.21626216173171997 -0.1273297518491745 0.015542521141469479 -0.06462371349334717 -0.05836021527647972 -0.21445295214653015 0.031824883073568344 -0.21655388176441193 0.013290156610310078 -0.11410968005657196 -0.047667451202869415 -0.024074647575616837 -0.10517758131027222 -0.1890045702457428 -0.001953398110345006 -0.0789218544960022 -0.05070635303854942 0.033598076552152634 -0.10446113348007202 -0.17897912859916687 -0.24609526991844177 0.026811614632606506 0.1119578406214714 -0.1015651747584343 -0.07217300683259964
0.20133279263973236 0.25011903047561646 0.3314036428928375 -0.03852791711688042 0.008620861917734146 0.18479326367378235 -0.2210119068622589 -0.13141433894634247 -0.0775386318564415 0.10003060102462769 -0.0067625949159264565 -0.09244155138731003 0.15140396356582642 -0.13666552305221558 -0.057374004274606705 0.059180669486522675 0.028495656326413155 -0.3798601031303406 0.03503179922699928 -0.07019249349832535 -0.2325301468372345 0.07273270189762115 -0.10265958309173584 0.02778773382306099 0.2355991005897522 0.056157518178224564 -0.0018603976350277662 0.13638535141944885 -0.10478914529085159 -0.05477352812886238 -0.14223888516426086 -0.027155034244060516 0.036393385380506516 0.0978984385728836 -0.031198110431432724 -0.056693580001592636 0.2675299644470215 0.028369193896651268 -0.14056040346622467 -0.17642724514007568 -0.09272366762161255 -0.06412215530872345 0.1234259307384491 0.10819050669670105 0.20743818581104279 -0.011026674881577492 0.02989375777542591 -0.15211273729801178 -0.05057567358016968 -0.17422865331172943
0.14454059302806854 -0.042227618396282196 -0.05686929449439049 0.0740346610546112 0.2127687782049179 0.2905455529689789 -0.11402610689401627 0.012388665229082108 -0.025925150141119957 -0.07867762446403503 -0.021518036723136902 -0.31322944164276123 -0.038684144616127014 0.0734155997633934 -0.2899026572704315 0.03144082799553871 -0.053617049008607864 -0.131418377161026 0.012950404547154903 0.25744736194610596 0.0051121884025633335 0.03575996309518814 -0.05112070590257645 0.2489265650510788 -0.2189786583185196 -0.1733773648738861 -0.27014604210853577 0.1344127058982849 0.06271916627883911 0.2135334312915802 -0.1531885862350464 -0.08366240561008453 -0.09694910794496536 -0.22672875225543976 0.12836313247680664 0.08719983696937561 -0.17871586978435516 -0.13384278118610382 0.2270170897245407 0.032820168882608414 0.06961104273796082 -0.03852946311235428 0.08669229596853256 0.08746352046728134 -0.07663852721452713 -0.0553659051656723 -0.0611184723675251 -0.029143432155251503 -0.04414437338709831 -0.05060502141714096
0.009405209682881832 -0.015730969607830048 0.053094640374183655 0.10953810065984726 0.10602349787950516 0.026797913014888763 0.013978028669953346 0.12576739490032196 0.018149763345718384 -0.005775563884526491 -0.16323953866958618 -0.001462987856939435 -0.1147792637348175 0.08796316385269165 -0.16622546315193176 0.053342048078775406 0.025280650705099106 0.16182748973369598 -0.12873707711696625 0.09168220311403275 -0.05092240497469902 -0.02492254041135311 0.06581337749958038 -0.027680151164531708 -0.029757052659988403 -0.32669082283973694 0.17637844383716583 -0.14424648880958557 0.2710348665714264 -0.19981490075588226 -0.28061962127685547 -0.04178212583065033 -0.06700770556926727 0.19714632630348206 0.06089990586042404 -0.027153506875038147 0.0025978717021644115 0.36507266759872437 -0.08537764847278595 0.19621361792087555 -0.2705817222595215 -0.13835300505161285 -0.024130944162607193 0.08354509621858597 0.11581814289093018 0.008190160617232323 -0.05502169951796532 -0.23848336935043335 0.23011241853237152 -0.10871732980012894
-0.012370375916361809 0.053191520273685455 -0.16106192767620087 0.057296302169561386 -0.1485987901687622 0.10088128596544266 -0.08285025507211685 0.07730939984321594 0.08232282847166061 -0.0008986279717646539 0.05582424998283386 0.15932585299015045 0.3271723687648773 0.03392798826098442 -0.13055191934108734 0.07671067118644714 0.11690200865268707 0.05643848702311516 0.191491037607193 -0.24276912212371826 -0.12713780999183655 -0.11727156490087509 0.09747933596372604 0.1554156094789505 -0.23687045276165009 0.11014602333307266 -0.04956583306193352 -0.30078235268592834 0.06351041793823242 0.0032708956860005856 0.05967961996793747 -0.13291795551776886 0.05453807860612869 -0.10046952217817307 -0.18402725458145142 0.06039060652256012 0.23617377877235413 0.12305453419685364 0.13569191098213196 0.09546350687742233 0.07276784628629684 -0.24831289052963257 0.19522075355052948 0.14696484804153442 0.0007393871201202273 0.06444455683231354 -0.32951846718788147 0.026336587965488434 -0.06781823933124542 -0.010182184167206287
-0.16308024525642395 0.022029927000403404 0.015610234811902046 0.24233169853687286 -0.10102077573537827 -0.10387441515922546 -0.013799730688333511 0.1508530229330063 0.09804189950227737 0.021135903894901276 -0.04309853911399841 -0.13449499011039734 0.10440950095653534 0.00879236962646246 0.17536605894565582 -0.014233879745006561 0.010051794350147247 -0.11939845979213715 0.2898278534412384 -0.1395992636680603 0.26326650381088257 0.1328638345003128 0.04192424938082695 0.04237008094787598 -0.10840608924627304 -0.1270359307527542 -0.03670634329319 0.1481344848871231 0.23668090999126434 -0.11156686395406723 -0.028104498982429504 -0.022972138598561287 -0.16369377076625824 -0.16834081709384918 -0.06714027374982834 -0.15327714383602142 0.14254356920719147 -0.18307247757911682 -0.004876264370977879 -0.09840363264083862 -0.11308321356773376 0.35534027218818665 -0.035568613559007645 0.1666141152381897 0.03409403935074806 0.27852320671081543 -0.014896122738718987 -0.05073593929409981 0.2010984718799591 -0.17892447113990784
-0.21812771260738373 -0.24316951632499695 0.07601702958345413 0.1920846700668335 0.25136685371398926 0.3231334090232849 0.0031948674004524946 0.0068689873442053795 -0.044143933802843094 0.30927374958992004 -0.06323957443237305 0.1916157603263855 0.08656828105449677 0.004269975237548351 -0.01727502979338169 0.2642841041088104 -0.18189799785614014 -0.09312835335731506 -0.11449914425611496 -0.1513558179140091 0.13583609461784363 0.08087672293186188 0.040861133486032486 -0.2361663281917572 -0.031079653650522232 0.032791249454021454 -0.11818353831768036 0.07335834205150604 0.10832765698432922 -0.00737592251971364 0.006698968354612589 -0.0870625451207161 0.06693650782108307 0.1261557936668396 0.1057496964931488 0.035114534199237823 0.04312868043780327 0.07398983836174011 -0.11991535872220993 -0.04436381533741951 0.27155962586402893 0.16268491744995117 -0.12872901558876038 0.019304538145661354 0.032312601804733276 -0.16678179800510406 -0.2326977550983429 0.037744056433439255 -0.05503547191619873 0.0696711540222168
-0.07254430651664734 -0.014411747455596924 0.025680623948574066 -0.04713469743728638 0.1390327662229538 -0.308763325214386 0.08967773616313934 -0.09207174926996231 0.14623920619487762 -0.12738528847694397 -0.03750397637486458 0.03151191398501396 0.13139334321022034 -0.19216935336589813 -0.2645472288131714 0.03344419226050377 0.010911794379353523 0.08810455352067947 -0.0620451383292675 0.12918110191822052 0.005858847871422768 -0.03993299603462219 0.06767059862613678 0.23258045315742493 0.13795538246631622 -0.22679349780082703 -0.1222301721572876 0.058556050062179565 0.06113818287849426 -0.19766898453235626 0.2089560627937317 -0.07646888494491577 -0.17925944924354553 -0.04220397025346756 -0.06922929733991623 -0.15063823759555817 0.2702488899230957 -0.007178867235779762 -0.09733828902244568 -0.22631138563156128 0.22369006276130676 -0.009327318519353867 -0.08625097572803497 -0.09029344469308853 -0.19891251623630524 -0.2616572380065918 -0.06339921057224274 -0.21487747132778168 -0.07743235677480698 0.012846908532083035
0.08570557087659836 -0.08507300168275833 -0.009112540632486343 0.018924834206700325 0.015101785771548748 -0.012722983956336975 0.3155500590801239 0.23311787843704224 -0.1350053995847702 0.07813166081905365 -0.028828214854002 -0.10096511244773865 -0.2095547467470169 0.24414463341236115 0.20574645698070526 0.08485285937786102 -0.10003101825714111 -0.01291890349239111 -0.1083543598651886 -0.21514485776424408 -0.16418486833572388 -0.1398896872997284 -0.016392163932323456 -0.03446114435791969 0.09496831148862839 -0.14442026615142822 0.03661474958062172 -0.13557398319244385 0.06369704753160477 0.07835189253091812 -0.029028400778770447 -0.11855448782444 -0.05789859965443611 -0.12779544293880463 -0.3210625946521759 -0.012846480123698711 -0.0031101806089282036 -0.1328633725643158 0.18904994428157806 -0.3022514581680298 -0.03755626827478409 -0.034585438668727875 0.01906324177980423 -0.008300110697746277 0.13822005689144135 -0.23132476210594177 0.0014574085362255573 -0.11257870495319366 -0.23732896149158478 -0.1975957155227661
-0.10148677974939346 0.10991515219211578 0.18133734166622162 0.05133182182908058 -0.024667823687195778 0.14680525660514832 -0.090530164539814 0.12839782238006592 -0.25932443141937256 0.08598547428846359 -0.20053772628307343 0.13162226974964142 -0.1316346526145935 -0.21130222082138062 -0.11278366297483444 0.07129241526126862 0.08616019785404205 0.17702095210552216 0.31777310371398926 0.08167849481105804 -0.09335386008024216 0.008125845342874527 0.00915477890521288 0.08125898987054825 0.012514475733041763 0.01585913449525833 0.32091057300567627 0.05192682892084122 -0.07189936935901642 0.09799632430076599 0.132772758603096 -0.035189900547266006 -0.05019012466073036 -0.3058997392654419 -0.10448188334703445 -0.06805068999528885 -0.06206890568137169 0.09417032450437546 -0.03789501637220383 0.18752051889896393 0.06967531889677048 0.056462932378053665 -0.25046035647392273 0.055227089673280716 -0.08463362604379654 -0.2074630707502365 0.10991425067186356 0.15211708843708038 -0.05803461745381355 -0.24106697738170624
0.0628160610795021 0.11564737558364868 0.07171185314655304 -0.10889063030481339 -0.08033890277147293 0.12560096383094788 0.0871943011879921 0.07030818611383438 -0.06025806441903114 0.03998924046754837 0.08318284898996353 -0.05314956605434418 0.027891382575035095 0.04136794060468674 0.11293052136898041 -0.05195850506424904 -0.16158922016620636 -0.2271142601966858 -0.03698292002081871 0.1584060788154602 0.101777583360672 -0.001678540837019682 -0.22006981074810028 0.1747119128704071 0.07010895758867264 -0.19204938411712646 0.1723172813653946 0.033109743148088455 -0.10468675941228867 -0.12399974465370178 0.06386718153953552 -0.24540899693965912 -0.011611326597630978 0.1218198612332344 -0.2592655420303345 -0.11483388394117355 -0.05040152370929718 0.023096418008208275 0.01614011451601982 0.10883498191833496 -0.1640445441007614 0.025844216346740723 -0.17801964282989502 -0.073578841984272 -0.21743059158325195 0.044555310159921646 -0.4488855302333832 0.2143886834383011 0.04945732280611992 0.25861191749572754
-0.1742301881313324 -0.12264491617679596 -0.05281796306371689 -0.36679184436798096 0.03891735523939133 0.1198560819029808 -0.3392637073993683 -0.009573148563504219 -0.0858415737748146 -0.2838497757911682 0.030979221686720848 0.11914519965648651 0.07403168082237244 -0.06394709646701813 0.2176750749349594 0.11580830067396164 -0.14250637590885162 0.1792563945055008 -0.12477981299161911 0.15142355859279633 -0.03176089748740196 -0.024615900591015816 0.20223620533943176 -0.004992867819964886 -0.019223906099796295 -0.12021350115537643 -0.14791835844516754 -0.036644548177719116 -0.07507640868425369 0.04667968675494194 -0.1307501196861267 -0.20345798134803772 0.2325797826051712 0.07770421355962753 -0.09657992422580719 -0.0541599877178669 0.1303529143333435 -0.007454986684024334 0.11983364075422287 -0.10029073804616928 -0.12779563665390015 0.16398708522319794 -0.11947302520275116 0.025483619421720505 -0.0726393535733223 0.12047555297613144 0.049297526478767395 0.030305447056889534 -0.03497862070798874 -0.28026631474494934
-0.040243931114673615 -0.26857641339302063 -0.06627826392650604 0.30135971307754517 -0.29760584235191345 0.06234480440616608 -0.024461543187499046 0.02598646469414234 -0.04450615867972374 0.04872224107384682 -0.29388555884361267 0.00022435715072788298 0.006901721004396677 -0.26844698190689087 0.05602467060089111 -0.1907392293214798 0.09227979928255081 0.03352822735905647 0.01796615496277809 0.27964550256729126 -0.19750913977622986 -0.03276609256863594 -0.15321096777915955 -0.18782520294189453 0.12980696558952332 0.038322173058986664 -0.3097979724407196 0.0662897527217865 -0.006920360494405031 -0.05753549188375473 -0.04903951659798622 -0.003496400313451886 -0.1191108301281929 0.04978563264012337 -0.2069881409406662 0.11029254645109177 -0.027845537289977074 0.20788049697875977 0.1387777030467987 -0.21173270046710968 -0.006004110909998417 -0.08762788772583008 -0.03711320459842682 -0.0393686443567276 -0.045718125998973846 0.15554212033748627 -0.030085375532507896 0.06050466373562813 -0.01622113585472107 0.04450536519289017
-0.2970844507217407 0.30783531069755554 -0.1900539994239807 0.21093539893627167 0.052951086312532425 0.10660894960165024 -0.13702800869941711 -0.18112505972385406 0.007051840890198946 0.17924657464027405 -0.019837534055113792 -0.09849921613931656 -0.15339122712612152 0.006733974441885948 0.2261722981929779 0.19330568611621857 -0.30632561445236206 0.17786145210266113 0.06787971407175064 0.1254003793001175 0.09455205500125885 0.06989448517560959 -0.15227897465229034 0.21259227395057678 -0.09397254139184952 0.049508173018693924 0.06635921448469162 -0.07683582603931427 -0.013893965631723404 -0.11482423543930054 -0.029994294047355652 0.18164604902267456 -0.03370356932282448 0.0532616525888443 -0.008535053580999374 0.06156988814473152 0.1648559868335724 -0.020781632512807846 0.031728435307741165 -0.13167360424995422 -0.0995631292462349 -0.260021448135376 0.004445874132215977 -0.07197725027799606 -0.07677517086267471 0.031306006014347076 0.12849697470664978 -0.10976003110408783 -0.19682373106479645 0.09316477924585342
0.18412069976329803 -0.13731665909290314 0.23351402580738068 0.03121800161898136 -0.02205207571387291 -0.1303573101758957 -0.15498964488506317 -0.04663287475705147 0.018466196954250336 0.07038015127182007 0.26666659116744995 -0.010925641283392906 -0.3738235831260681 -0.07636144757270813 0.06148507446050644 -0.04526437073945999 -0.25339460372924805 0.1536725014448166 -0.09885591268539429 -0.03705757111310959 -0.046866096556186676 0.18193402886390686 0.13263878226280212 0.09025241434574127 0.008152654394507408 0.1324792206287384 0.05803905054926872 0.11449731886386871 0.13906100392341614 0.004980670288205147 0.1052892655134201 -0.11256033182144165 0.09213680028915405 -0.3023243248462677 -0.022506311535835266 0.21538454294204712 0.07398625463247299 0.16633638739585876 -0.05213616043329239 -0.1805199831724167 0.08411999046802521 -0.13246598839759827 0.0857415571808815 0.03336672484874725 -0.048881590366363525 0.1225007101893425 -0.1984052211046219 0.01672442816197872 0.2784152030944824 -0.006292900536209345
-0.06911596655845642 -0.06941509991884232 0.12841439247131348 0.021729184314608574 -0.18779417872428894 -0.009979743510484695 0.15297578275203705 -0.41062435507774353 -0.22455710172653198 0.044656381011009216 -0.09445339441299438 -0.12203944474458694 -0.11482053995132446 0.16333791613578796 -0.12359964102506638 -0.03325715288519859 0.015177055262029171 -0.05876753851771355 -0.09243153035640717 0.027386222034692764 -0.11560583114624023 -0.07446619123220444 0.10559618473052979 -0.02380543388426304 -0.17249789834022522 -0.06129608303308487 -0.07535938918590546 -0.07416672259569168 0.141750767827034 0.17127199470996857 0.16857083141803741 0.045175161212682724 0.16224470734596252 0.08931708335876465 -0.12538184225559235 -0.11523638665676117 0.058390259742736816 -0.20754125714302063 -0.24612180888652802 0.09470222890377045 0.05930260941386223 -0.1351325511932373 -0.27351677417755127 0.25428223609924316 -0.10898329317569733 0.2745932340621948 -0.009089522063732147 -0.1144752949476242 -0.057890210300683975 -0.031707264482975006
0.15090572834014893 0.11076810956001282 0.004825023468583822 0.12023070454597473 0.053740493953228 0.07496364414691925 -0.18522638082504272 0.14368604123592377 -0.17061547935009003 0.05223338305950165 -0.08064080029726028 -0.1041925773024559 0.015618364326655865 0.06977321207523346 -0.005343209020793438 -0.058641467243433 0.1385474056005478 0.2340940535068512 -0.34086528420448303 0.09350797533988953 -0.022414976730942726 0.0542265959084034 0.11926763504743576 -0.1253684163093567 -0.20583690702915192 0.05225642770528793 -0.05246385186910629 -0.11221626400947571 -0.15938754379749298 -0.1525094360113144 0.13559304177761078 -0.23364004492759705 -0.20697841048240662 -0.19196230173110962 -0.03117462247610092 -0.07844668626785278 0.1460867077112198 -0.12131473422050476 -0.3100415766239166 0.0017185455653816462 -0.12877817451953888 0.18940946459770203 0.1319016069173813 -0.01453309040516615 0.11619020253419876 0.056458134204149246 0.06543947011232376 0.06285316497087479 -0.16193582117557526 0.2731861472129822
0.022480711340904236 0.15406444668769836 -0.11087368428707123 -0.006605643779039383 -0.10571681708097458 0.14880253374576569 -0.0830930694937706 0.0931599885225296 -0.26025113463401794 -0.360610693693161 -0.027951858937740326 -0.11784772574901581 -0.0004016582970507443 0.1355125904083252 -0.11068161576986313 0.1389485001564026 0.021830789744853973 0.012804931029677391 0.06350395083427429 -0.18190224468708038 0.04298065975308418 -0.19301776587963104 -0.13465279340744019 -0.16762879490852356 -0.0713573545217514 -0.01348610408604145 0.08462955802679062 0.05735970288515091 0.12224127352237701 0.09026062488555908 -0.034323062747716904 0.1371452361345291 0.04272807016968727 -0.001862935023382306 0.045933254063129425 -0.11774809658527374 -0.02677258662879467 0.21262751519680023 -0.22317276895046234 -0.4332010746002197 0.10333020240068436 0.014820831827819347 0.07345248013734818 -0.09471037238836288 -0.2886059284210205 -0.022102946415543556 0.007194506004452705 0.06540819257497787 0.19946321845054626 0.12610061466693878
0.061487216502428055 0.046257711946964264 -0.08364121615886688 -0.027215804904699326 0.109555184841156 -0.1404055804014206 -0.19548571109771729 0.03329892456531525 -0.22723211348056793 0.22058148682117462 0.16961529850959778 0.054649192839860916 -0.058341603726148605 -0.13257841765880585 -0.023444781079888344 -0.30506956577301025 -0.0005874303169548512 -0.05842537805438042 0.039117008447647095 -0.026495467871427536 -0.06459552049636841 -0.2271011769771576 -0.04699349403381348 0.1846202164888382 -0.19382165372371674 0.21543139219284058 -0.09100475162267685 0.016309330239892006 0.43183010816574097 0.1884787380695343 -0.06716775894165039 -0.030467038974165916 0.00491581205278635 0.2000322937965393 -0.08153890818357468 -0.10853873938322067 0.07467959076166153 0.08321570605039597 0.06253691762685776 0.01676153764128685 -0.10065063089132309 0.2249758094549179 -0.14507083594799042 -0.21807685494422913 0.07270461320877075 -0.13598281145095825 0.05471494793891907 -0.07738925516605377 -0.04051269590854645 0.10998508334159851
-0.22692185640335083 0.11402008682489395 0.06175633519887924 0.002516781445592642 0.010445376858115196 -0.20543219149112701 0.03417259082198143 -0.11245343089103699 -0.056773263961076736 0.09029369056224823 0.11315105855464935 0.2962709069252014 0.02070131152868271 -0.03113485686480999 -0.06714549660682678 0.28319233655929565 0.19843442738056183 0.028029635548591614 -0.20685100555419922 0.14365339279174805 -0.10843800008296967 0.05124790593981743 -0.34540650248527527 0.0710165873169899 -0.052990563213825226 0.08630634844303131 0.00232881517149508 -0.1527375727891922 0.05143257603049278 0.153758242726326 -0.19649796187877655 -0.19508126378059387 -0.19623850286006927 0.006896349135786295 -0.040355414152145386 -0.010486784391105175 -0.1749824732542038 -0.22559534013271332 -0.009040119126439095 -0.17780326306819916 0.007282716687768698 0.004172730725258589 0.09328114986419678 0.128476083278656 0.04645337909460068 0.014387594535946846 0.002844988601282239 0.14911764860153198 0.3048267960548401 -0.04821836203336716
-0.21120259165763855 0.1693975329399109 0.24793441593647003 0.12391068786382675 0.06991592049598694 0.00753332395106554 0.028641359880566597 0.14165978133678436 0.2862546145915985 0.08836116641759872 -0.15807181596755981 -0.1865956336259842 -0.16491958498954773 0.10343849658966064 0.005224466789513826 -0.1180104985833168 0.07939140498638153 0.11783681809902191 -0.14812280237674713 -0.07346553355455399 -0.12328619509935379 -0.05467690899968147 0.14849644899368286 0.1566336303949356 0.12018275260925293 0.20795294642448425 -0.10960356146097183 -0.07806594669818878 -0.14451327919960022 0.23715797066688538 -0.06857405602931976 0.01931225322186947 0.03258205205202103 0.1412697434425354 0.126155287027359 -0.37413591146469116 -0.004178798757493496 0.10072630643844604 0.06481655687093735 -0.016616091132164 0.060613151639699936 0.08193101733922958 0.11085323244333267 -0.11341390013694763 -0.20728982985019684 0.11537595838308334 -0.18417103588581085 0.12326845526695251 -0.01238292921334505 -0.14034497737884521
0.0321088545024395 0.10254435241222382 -0.10879889130592346 -0.033189453184604645 -0.04750250279903412 -0.08366703987121582 -0.15564927458763123 0.05414919927716255 0.042025625705718994 -0.017474714666604996 0.057898443192243576 -0.045154716819524765 -0.13231584429740906 -0.18309849500656128 0.2441694438457489 0.14253534376621246 0.20814891159534454 0.06710623949766159 0.1314716637134552 0.05526241660118103 0.12180507183074951 0.056843601167201996 0.0982581153512001 -0.17822885513305664 0.20591606199741364 -0.20225945115089417 -0.1419065147638321 0.030291788280010223 0.09163954854011536 0.32912105321884155 -0.2003982961177826 0.013215765357017517 0.047420043498277664 -0.13178840279579163 -0.01987437903881073 -0.2639320492744446 0.003989536780864 -0.0919397845864296 -0.14731374382972717 0.11669643223285675 0.1181483045220375 -0.26580503582954407 -0.07360432296991348 -0.012376315891742706 0.22517453134059906 -0.08334355056285858 -0.23883365094661713 -0.0777067318558693 -0.04871455952525139 0.25465741753578186
0.13908028602600098 -0.12042252719402313 -0.0911809504032135 0.04895041510462761 -0.012577883899211884 -0.15166349709033966 -0.11203787475824356 0.01374040823429823 0.13322040438652039 0.12979181110858917 -0.12989842891693115 0.05304042249917984 -0.16640865802764893 0.16351637244224548 -0.22335277497768402 0.10467621684074402 -0.12975721061229706 0.11779573559761047 0.2946641147136688 0.02972456067800522 -0.2119968682527542 -0.05803713575005531 -0.3590053617954254 -0.036522071808576584 0.10240653902292252 -0.1385313868522644 -0.028407517820596695 -0.1370280534029007 -0.10023358464241028 -0.05330607667565346 0.010448460467159748 -0.1375356763601303 0.42745301127433777 -0.07227825373411179 0.1748933494091034 -0.12334775179624557 0.14550727605819702 -0.10949813574552536 0.02568320743739605 -0.01774842105805874 -0.013471363112330437 0.25188589096069336 0.007071479689329863 -0.03144708648324013 0.06520301848649979 0.08921194821596146 0.01683633215725422 -0.02020018734037876 0.011631710454821587 0.16210684180259705
0.07624007016420364 -0.06919870525598526 -0.1900077611207962 0.37780728936195374 0.1716519594192505 0.07077130675315857 -0.271682471036911 0.039308011531829834 -0.026528375223279 -0.03892575576901436 0.1868712604045868 0.02054481767117977 -0.17592619359493256 -0.16387853026390076 0.027429310604929924 0.01368479523807764 0.3225145637989044 -0.09472749382257462 -0.07619129866361618 -0.2220613956451416 -0.05744290351867676 -0.12292971462011337 0.07722485065460205 0.15765836834907532 0.1482943594455719 -0.1734803169965744 0.023700451478362083 -0.13664579391479492 -0.15064819157123566 -0.12512628734111786 0.16136811673641205 0.07760822027921677 0.10099880397319794 0.1720561683177948 0.013301531784236431 0.15648458898067474 -0.14614160358905792 -0.2558765113353729 -0.06607505679130554 -0.052290529012680054 -0.07972322404384613 -0.01389796007424593 -0.15997549891471863 -0.03795085847377777 -0.13641022145748138 0.0244424007833004 -0.07823524624109268 0.0012964621419087052 0.08861588686704636 -0.14208711683750153
-0.14941875636577606 -0.018489915877580643 -0.007100199349224567 0.05652238801121712 0.22946225106716156 0.045467227697372437 -0.21904079616069794 -0.1744793802499771 0.10544164478778839 -0.26542189717292786 -0.09613008797168732 -0.20370259881019592 0.10842704027891159 0.2483569085597992 0.027129454538226128 -0.30931416153907776 0.13161815702915192 0.09793970733880997 -0.039097994565963745 -0.11480268090963364 0.016130715608596802 0.34772321581840515 -0.2825622856616974 -0.04295536130666733 0.1737935096025467 0.10524216294288635 0.1416221410036087 -0.10213761776685715 0.1836155503988266 0.0051129525527358055 0.03366612643003464 -0.14902813732624054 0.08045078814029694 -0.011840415187180042 -0.26564693450927734 0.0638311430811882 -0.034548450261354446 0.02898986078798771 0.029946219176054 0.05252565070986748 0.19616492092609406 -0.02585586905479431 -0.1254018098115921 -0.013865850865840912 0.11781894415616989 -0.09080518037080765 0.03368355333805084 0.01209077425301075 0.006183176767081022 0.0009546176879666746
0.23127856850624084 -0.007925935089588165 -0.15712013840675354 -0.09094394743442535 0.24482153356075287 -0.04802336543798447 -0.04604983702301979 -0.003081720555201173 0.33016395568847656 0.0510098896920681 -0.16144044697284698 -0.024753615260124207 -0.05526628717780113 -0.12493688613176346 0.029609769582748413 0.15571390092372894 -0.02292112447321415 -0.19482609629631042 -0.04189112037420273 0.13829228281974792 -0.04363970458507538 0.021551281213760376 0.09497056901454926 -0.11675221472978592 -0.02495444566011429 0.2363906055688858 0.09316535294055939 -0.21077044308185577 0.07421215623617172 0.034259650856256485 -0.08137009292840958 0.24846434593200684 0.031415048986673355 -0.1008961871266365 -0.3156464397907257 -0.02893371693789959 -0.051146432757377625 0.06651738286018372 -0.0636412650346756 -0.05835393816232681 -0.10919563472270966 0.17712053656578064 -0.06823179870843887 0.3666554391384125 -0.26567205786705017 -0.07482263445854187 0.025744467973709106 0.004772302228957415 -0.002307624090462923 0.11236747354269028
0.05864391103386879 -0.21882452070713043 0.040537409484386444 -0.0823371633887291 0.056524891406297684 -0.07486826926469803 -0.26501110196113586 -0.012381801381707191 -0.2238682359457016 0.03425867110490799 0.00904152076691389 -0.008289169520139694 -0.051423437893390656 0.06568918377161026 0.1623292863368988 0.04715451970696449 -0.12571857869625092 -0.033830273896455765 -0.09887097030878067 -0.11232294142246246 0.0403517410159111 -0.27012425661087036 -0.23449891805648804 0.027289653196930885 0.17074579000473022 0.02286459505558014 -0.07244937866926193 -0.07475903630256653 -0.0018146366346627474 -0.23899437487125397 -0.05983463674783707 0.1709984987974167 -0.28196579217910767 -0.09028682112693787 -0.025767281651496887 -0.24627044796943665 0.01734345406293869 0.010601340793073177 0.07186974585056305 0.35112813115119934 0.3194534182548523 -0.03536570444703102 0.1846415251493454 0.1288147121667862 -0.14085283875465393 0.12216322124004364 0.048927731812000275 -0.03147725760936737 0.018777549266815186 -0.060329463332891464
0.17629806697368622 0.1850949376821518 0.15748021006584167 0.06737960875034332 -0.025915062054991722 -0.0680336058139801 -0.17580734193325043 -0.14707732200622559 0.07966397702693939 0.09726116806268692 -0.23934009671211243 -0.047472190111875534 0.25925442576408386 -0.05337594076991081 0.00820676889270544 -0.017965542152523994 -0.2962357699871063 0.03196846693754196 0.06216831132769585 0.0563078299164772 0.09165994077920914 -0.2723640203475952 0.2212209552526474 -0.1309826374053955 0.17364521324634552 -0.1344527304172516 0.14409828186035156 -0.2915150225162506 0.20181389153003693 0.1172942966222763 0.019462842494249344 -0.12711001932621002 -0.10348379611968994 0.023493660613894463 0.039317790418863297 0.20213477313518524 -0.2078351229429245 -0.19471533596515656 0.012110767886042595 -0.0674438551068306 0.12210475653409958 0.005461668595671654 0.04211197420954704 -0.21976906061172485 0.005798407830297947 0.10119941085577011 0.015539868734776974 0.11846887320280075 0.040055181831121445 -0.039450325071811676
-0.06301955133676529 -0.009607072919607162 0.012062285095453262 0.10981818288564682 -0.044479332864284515 -0.028341099619865417 0.11183662712574005 -0.1640712022781372 -0.06204354017972946 -0.1475784331560135 0.14337897300720215 -0.025781065225601196 0.03968389704823494 0.0433882474899292 0.03991948813199997 0.1418188065290451 0.08369894325733185 -0.1079915389418602 -0.08962495625019073 0.09115086495876312 -0.3519914150238037 0.09125855565071106 0.11904530227184296 0.08313918113708496 0.026812026277184486 -0.10896289348602295 0.13466016948223114 -0.0730755627155304 0.13233324885368347 -0.09256482124328613 -0.30658382177352905 0.3173747658729553 -0.0108483349904418 -0.22524845600128174 0.02138202264904976 0.1298055350780487 0.15031494200229645 0.052507638931274414 -0.003154548816382885 0.10270994156599045 0.12333505600690842 0.2980753779411316 -0.055048149079084396 -0.31271249055862427 0.05870649963617325 0.11442770063877106 -0.14222300052642822 0.21199433505535126 -0.1777176558971405 0.045589715242385864
