0.06510026007890701 -0.014890474267303944 0.009290696121752262 -0.08804623782634735 0.02025401033461094 0.07805582880973816 -0.026876432821154594 0.1632366180419922 0.03727734088897705 0.24484091997146606 0.14640186727046967 0.09554803371429443 -0.007164438255131245 0.2399875968694687 -0.17390917241573334 0.2123311161994934 -0.0217424463480711 -0.15955549478530884 0.23357512056827545 0.21301642060279846 -0.09504420310258865 0.14590317010879517 0.035424720495939255 0.02711397595703602 -0.08496102690696716 0.08747000992298126 0.06797473877668381 -0.10143107175827026 0.09787289053201675 0.00018017448019236326 -0.07239419966936111 0.10264451056718826 0.04382917657494545 -0.0023701535537838936 -0.10693736374378204 -0.1292925924062729 0.32084864377975464 0.22168263792991638 -0.06610031425952911 -0.403898686170578 0.02687704935669899 -0.04602619260549545 -0.22116199135780334 0.04416467621922493 0.12328420579433441 0.04479147121310234 0.027200819924473763 0.11588622629642487 -0.2154005914926529 0.18574626743793488
-0.19982752203941345 -0.07033716887235641 -0.13138091564178467 -0.1456194818019867 -0.2159871608018875 0.19845186173915863 0.2039920836687088 0.04454892501235008 -0.003992513287812471 -0.13557207584381104 -0.15507817268371582 -0.19857867062091827 -0.23372624814510345 0.040898047387599945 -0.09882336854934692 0.011422339826822281 0.2243417352437973 -0.22420832514762878 -0.1186395138502121 0.09310293197631836 -0.12454218417406082 0.12013983726501465 0.20851659774780273 0.09725192189216614 -0.040930233895778656 0.056779853999614716 -0.14037342369556427 0.00673675024881959 -0.03819487988948822 -0.07005104422569275 -0.2035071849822998 0.09604691714048386 0.08019786328077316 0.2153531163930893 -0.19574150443077087 -0.07233407348394394 -0.06164228916168213 0.11440710723400116 -0.13696806132793427 0.21317744255065918 0.34314513206481934 -0.0946444720029831 0.053666044026613235 -0.09878289699554443 -0.1196935772895813 0.06352633237838745 -0.10573214292526245 0.02798052504658699 0.03464656323194504 0.052458085119724274
-0.002567427000030875 0.04601239785552025 0.3696138262748718 -0.07393713295459747 -0.039622072130441666 0.2644036114215851 -0.08605228364467621 -0.13129733502864838 -0.14575940370559692 -0.37803444266319275 0.17350967228412628 -0.05727820098400116 0.04317978769540787 0.06320630013942719 0.18415214121341705 0.012906637042760849 0.18015924096107483 0.2164650708436966 0.05922405794262886 0.22698785364627838 0.04224144667387009 -0.022457042708992958 -0.0016611086903139949 -0.08716833591461182 0.02743506245315075 0.22090521454811096 0.11752621829509735 0.005846238229423761 -0.14830704033374786 -0.004336755257099867 0.06392450630664825 0.0709347352385521 0.0234614796936512 0.14383848011493683 0.10063031315803528 -0.1283169984817505 0.015387136489152908 -0.14325962960720062 -0.16175734996795654 0.04521319642663002 -0.06812436878681183 -0.019452430307865143 -0.2590135633945465 -0.17509950697422028 -0.034741420298814774 -0.15328091382980347 0.15214557945728302 0.08706139773130417 -0.004707389045506716 0.16853921115398407
-0.03249805420637131 -0.014980564825236797 0.17294351756572723 0.04330896586179733 -0.08890890330076218 -0.10681747645139694 -0.05712578073143959 -0.02820027992129326 -0.01179575640708208 -0.4081905484199524 -0.01842251792550087 0.16250790655612946 -0.008756998926401138 0.05674733966588974 -0.048976972699165344 0.16103605926036835 -0.21859055757522583 -0.07118216902017593 -0.24328561127185822 0.016132066026329994 -0.040375616401433945 -0.09195426106452942 -0.07000613957643509 -0.2552058696746826 -0.11668144911527634 -0.15724074840545654 -0.370118111371994 0.12692396342754364 0.14656519889831543 -0.10735570639371872 0.04643235728144646 -0.15927208960056305 -0.13894549012184143 0.0464153029024601 -0.2645381689071655 -0.14068304002285004 0.10597079247236252 0.16750003397464752 0.14062826335430145 -0.07028615474700928 0.03257060796022415 -0.06605034321546555 -0.17744605243206024 0.08525032550096512 0.030430544167757034 0.014568652026355267 0.09298206865787506 -0.2081841081380844 0.038829781115055084 0.0005788385169580579
0.052367351949214935 0.20874395966529846 -0.13966484367847443 -0.015865381807088852 -0.13771359622478485 0.17278733849525452 -0.23494639992713928 -0.05732322856783867 -0.29035574197769165 0.10269327461719513 0.033461179584264755 -0.21504242718219757 0.011739887297153473 0.27479735016822815 0.09242834895849228 -0.05872825160622597 -0.3731827139854431 0.031339094042778015 -0.07585372030735016 -0.023765994235873222 0.06861954182386398 0.07274527847766876 0.13214734196662903 0.1532117873430252 -0.05447099730372429 0.20481394231319427 -0.14457327127456665 0.09638611227273941 -0.0514681376516819 0.12901872396469116 -0.16603577136993408 0.12487342953681946 -0.10211184620857239 -0.14783303439617157 -0.14861182868480682 -0.006437757983803749 -0.26496466994285583 -0.07743225991725922 0.04163224250078201 -0.023577790707349777 -0.02354186773300171 0.06808274984359741 -0.06415887922048569 0.25468650460243225 -0.10802525281906128 0.041541554033756256 0.19033338129520416 -0.03986484557390213 -0.05832362920045853 -0.0032113075722008944
-0.015451022423803806 0.08618613332509995 0.1487281173467636 -0.13277336955070496 -0.042121000587940216 0.2873380780220032 -0.29031193256378174 0.08261003345251083 0.29016199707984924 -0.014779692515730858 -0.18520452082157135 0.1480357050895691 0.027373170480132103 -0.0030512569937855005 -0.09320075809955597 -0.24292907118797302 -0.17379949986934662 -0.17999236285686493 0.1877748668193817 0.06494581699371338 0.06153480336070061 -0.21620982885360718 -0.03570973873138428 -0.32972267270088196 0.07487092912197113 -0.11960194259881973 0.14667917788028717 0.13167569041252136 0.07950227707624435 -0.025764262303709984 -0.28150078654289246 0.17955325543880463 0.03500727564096451 -0.026942690834403038 0.06434987485408783 -0.09110920876264572 0.015940265730023384 0.08530078828334808 -0.009912080131471157 0.2010669708251953 -0.01610465906560421 0.05535585433244705 0.14977242052555084 0.10588490217924118 -0.09161426872015 -0.07947967201471329 -0.026130499318242073 0.07788751274347305 -0.07313411682844162 -0.04464593529701233
-0.1303703933954239 -0.10024658590555191 0.15612097084522247 -0.0544426366686821 -0.06817317008972168 -0.0006052243988960981 -0.1666414886713028 -0.015496639534831047 0.011063739657402039 0.08019240200519562 -0.08167537301778793 -0.18636643886566162 0.19455678761005402 -0.2286815196275711 -0.042769454419612885 -0.0321875624358654 0.16945262253284454 0.06376209110021591 -0.14900797605514526 0.12984932959079742 0.1263633519411087 -0.018762491643428802 0.21387293934822083 -0.11511491239070892 -0.1268092840909958 0.16697117686271667 0.0989445224404335 -0.10022008419036865 0.1002340242266655 -0.37863728404045105 0.12137533724308014 0.0025571605656296015 0.015260308049619198 -0.10021264851093292 0.09772973507642746 0.18046951293945312 -0.10882651060819626 0.17985917627811432 0.04335304722189903 -0.3043517768383026 0.13394589722156525 0.126486673951149 0.010692812502384186 0.12662437558174133 -0.2655104696750641 0.07900793850421906 0.0201132670044899 -0.2076004445552826 -0.1465059369802475 -0.09998150914907455
0.12937869131565094 -0.3992650806903839 -0.21737097203731537 0.025792431086301804 0.07399173825979233 0.12741298973560333 0.029912788420915604 -0.022464681416749954 -0.13047975301742554 -0.12065805494785309 -0.0006083995685912669 0.04666580632328987 -0.12485624849796295 -0.079322949051857 0.07728265225887299 -0.16644896566867828 -0.09837189316749573 0.018863091245293617 -0.01916334591805935 0.049099668860435486 0.051151860505342484 0.12013199180364609 -0.14597183465957642 0.08931217342615128 0.0479494109749794 0.05349030718207359 -0.068702332675457 0.0010615878272801638 -0.17222276329994202 -0.2752906084060669 0.08100635558366776 0.17648909986019135 0.016347071155905724 -0.16144202649593353 0.002109398366883397 -0.2621713876724243 -0.058171384036540985 0.3137449324131012 -0.10174889117479324 -0.0453336276113987 -0.2192513644695282 0.046240974217653275 0.18906697630882263 0.0605519600212574 0.11283298581838608 -0.31241416931152344 -0.09941601008176804 -0.13904745876789093 -0.04541614279150963 0.10387518256902695
-0.13521628081798553 -0.1427534520626068 -0.10914184898138046 0.3650968670845032 0.012429102323949337 -0.04880281165242195 0.1312130242586136 -0.09605924785137177 0.1303706169128418 -0.13830529153347015 -0.0866396352648735 -0.008011520840227604 0.1188955307006836 0.13216432929039001 0.022766968235373497 0.17753629386425018 -0.028305407613515854 -0.037689488381147385 0.06099560111761093 0.0679190531373024 0.1394420713186264 -0.22636139392852783 -0.12839743494987488 0.025759486481547356 -0.15926730632781982 -0.03580908849835396 -0.05424024537205696 -0.03444527089595795 0.027351297438144684 0.2521542012691498 -0.05051161348819733 0.07311806827783585 0.1828727275133133 0.016095951199531555 0.19467289745807648 -0.11294078081846237 -0.25151821970939636 -0.13132041692733765 -0.0672779306769371 -0.084183469414711 0.18847735226154327 -0.014350516721606255 -0.07144124060869217 0.08921291679143906 -0.08392417430877686 -0.1278800517320633 -0.16680894792079926 -0.07013993710279465 -0.441219687461853 0.048351991921663284
0.012548520229756832 0.18241101503372192 -0.23858396708965302 -0.10045601427555084 0.28718671202659607 -0.03802177682518959 -0.044495344161987305 0.08266299962997437 -0.05159759894013405 -0.060703687369823456 0.055509813129901886 -0.04232845455408096 -0.043990205973386765 0.12709474563598633 -0.08706735074520111 0.0198430884629488 0.14776739478111267 0.14624711871147156 0.1823660284280777 0.008114293217658997 0.2054414451122284 -0.1848372519016266 0.12423308938741684 -0.29718509316444397 0.17977142333984375 -0.10411805659532547 -0.3177148401737213 -0.0070006656460464 -0.2199980914592743 -0.11589538305997849 0.14912226796150208 0.02271791733801365 0.26779279112815857 0.06988614052534103 -0.11960052698850632 0.15661996603012085 0.012324183247983456 -0.0757325291633606 -0.16315527260303497 -0.05951974168419838 0.056775838136672974 0.03474823385477066 0.14775396883487701 0.1831362545490265 0.031171713024377823 0.1053786352276802 0.051336996257305145 -0.05248931795358658 0.0050855097360908985 0.2352820485830307
-0.18336817622184753 0.11568769812583923 -0.2851462960243225 -0.04998050257563591 0.0024410525802522898 -0.16167309880256653 -0.010440291836857796 0.016242124140262604 -0.016829201951622963 -0.17793609201908112 -0.18033471703529358 0.18852244317531586 -0.21049106121063232 -0.2560516595840454 0.08572281897068024 0.19358669221401215 -0.26600635051727295 -0.07715518027544022 0.21618510782718658 0.10540037602186203 0.30174899101257324 0.002275835955515504 0.10629532486200333 0.004315516911447048 -0.10613568872213364 0.2727510631084442 0.2671082317829132 0.21868610382080078 -0.10743909329175949 -0.05997519940137863 0.0732455775141716 -0.07868776470422745 -0.0703689381480217 -0.010904012247920036 0.021431347355246544 -0.06505323201417923 0.06371992081403732 -0.038275305181741714 -0.1402316391468048 -0.06784496456384659 0.12753482162952423 0.005613725632429123 -0.03932135924696922 -0.08892584592103958 0.08927161246538162 0.07374794036149979 0.11005671322345734 0.029058918356895447 0.07588650286197662 -0.14860334992408752
-0.28150293231010437 -0.020335642620921135 0.11582831293344498 0.05170270800590515 0.12609393894672394 0.03749961405992508 -0.030903011560440063 0.06737411022186279 0.21718786656856537 0.05323952063918114 0.0836775079369545 0.2729334533214569 -0.08484072983264923 0.06113309785723686 -0.015265985392034054 -0.007767835166305304 -0.014938052743673325 0.4036177694797516 0.090023472905159 -0.03860636427998543 -0.0785747841000557 0.08145050704479218 0.1547042429447174 0.12405109405517578 0.10711677372455597 0.29331883788108826 -0.1136159747838974 0.015578405000269413 0.015254815109074116 -0.0016837404109537601 -0.07666107267141342 -0.05837978050112724 0.003342248732224107 -0.33428096771240234 -0.11338195949792862 -0.0411643460392952 0.13056471943855286 -0.05964316800236702 0.038117822259664536 0.18451683223247528 0.05009012669324875 -0.2835710048675537 0.005240627098828554 0.04230437055230141 -0.16214565932750702 -0.009846560657024384 -0.20534691214561462 -0.23683159053325653 -0.04096163436770439 0.014748183079063892
0.039548248052597046 0.0799565315246582 -0.18736931681632996 0.2594892382621765 -0.0085125882178545 0.19401128590106964 -0.2729248106479645 0.02896316908299923 -0.043643075972795486 -0.038247063755989075 -0.08115808665752411 -0.017363693565130234 -0.08096743375062943 -0.127232164144516 0.07147254049777985 -0.31085893511772156 0.18085268139839172 -0.21735644340515137 -0.11869426816701889 0.08528024703264236 -0.07991374284029007 -0.08755297213792801 0.025134995579719543 0.030315421521663666 0.013337952084839344 -0.016105100512504578 0.10124047845602036 -0.23422585427761078 0.04854682460427284 -0.02705319970846176 0.017126595601439476 -0.28878602385520935 -0.03059435449540615 -0.09047088027000427 -0.05940082296729088 -0.23313765227794647 0.13665013015270233 -0.3310369849205017 0.01014027651399374 -0.11767105758190155 0.03827357292175293 -0.22915171086788177 0.03808838874101639 0.027560286223888397 0.17901493608951569 0.1369139701128006 0.08498380333185196 -0.16279280185699463 -0.0778353363275528 0.1288680136203766
0.025890106335282326 -0.11973462998867035 -0.1652131974697113 -0.09391184151172638 0.018375959247350693 0.16367654502391815 -0.08834811300039291 -0.0053618368692696095 0.03276919201016426 -0.1430647075176239 0.1787879765033722 -0.010357034392654896 -0.0698438286781311 0.05780240148305893 -0.02506457455456257 0.009227863512933254 0.02333381213247776 0.23614224791526794 0.15062803030014038 -0.11777343600988388 -0.05189374461770058 -0.06644781678915024 0.012806911952793598 0.11105851083993912 -0.014058672823011875 -0.18487463891506195 0.13494829833507538 -0.08516259491443634 -0.10188322514295578 -0.0023993791546672583 -0.20730054378509521 -0.11863571405410767 -0.1008252501487732 0.3428000807762146 -0.04704296961426735 -0.07348798960447311 0.10887160897254944 -0.1291055530309677 0.07936583459377289 -0.31496182084083557 0.11218991875648499 0.09838106483221054 -0.022535055875778198 0.22370177507400513 -0.1625240445137024 -0.17742125689983368 -0.159389466047287 -0.10641825199127197 0.18492956459522247 -0.3750651776790619
-0.1480262577533722 0.24604684114456177 -0.003173075383529067 0.3133084774017334 -0.00930725783109665 0.2158477008342743 0.27644774317741394 -0.15130341053009033 -0.0468241311609745 0.07209481298923492 -0.05013279616832733 -0.1771647334098816 0.016819309443235397 -0.2657390236854553 -0.13376891613006592 0.0030245103407651186 -0.11116323620080948 0.20864738523960114 0.03652502968907356 -7.896291208453476e-06 -0.17015911638736725 0.04673666134476662 0.1621200442314148 -0.10058796405792236 0.07891770452260971 -0.007609004154801369 0.008363325148820877 0.2919934391975403 0.16161079704761505 -0.05611095950007439 -0.0665379986166954 0.09293091297149658 -0.07794413715600967 0.23265664279460907 -0.002632800256833434 -0.06594779342412949 0.11620751768350601 -0.02544710598886013 -0.04038574919104576 -0.10725603997707367 -0.2674075663089752 0.15289045870304108 0.047266002744436264 0.04347190633416176 0.16864468157291412 0.07572415471076965 -0.16004115343093872 -0.11340557038784027 -0.09628334641456604 0.10865796357393265
0.3222343623638153 -0.040662478655576706 -0.0999194085597992 -0.08710867911577225 -0.20050959289073944 0.01663661189377308 -0.159550741314888 0.12160724401473999 0.06893516331911087 -0.04403289407491684 0.011080951429903507 0.13519498705863953 -0.1422881782054901 -0.11341740190982819 -0.2540011405944824 -0.18488936126232147 -0.07927358895540237 0.12808029353618622 -0.09045539051294327 0.04107974097132683 -0.14003348350524902 -0.16716110706329346 0.04003625363111496 0.0004155741771683097 -0.14647631347179413 0.09624971449375153 -0.04886024072766304 0.1530153453350067 -0.11642028391361237 0.15637750923633575 0.12019601464271545 0.2110830396413803 0.13906000554561615 0.0503639280796051 -0.06072811782360077 0.24862481653690338 -0.12466470897197723 -0.09481044858694077 0.052256252616643906 -0.16873867809772491 -0.030234694480895996 -0.04468423128128052 -0.15910395979881287 -0.37848329544067383 0.057735223323106766 0.06025652587413788 -0.2216046005487442 -0.1674470454454422 -0.07288458198308945 -0.007712999824434519
-0.10754507035017014 0.008620853535830975 -0.046974461525678635 0.0496913380920887 -0.1632448434829712 0.2880264222621918 0.2717609703540802 0.07519804686307907 -0.12160798907279968 -0.05231356620788574 0.0036804985720664263 0.15812957286834717 0.07191874831914902 0.19509628415107727 0.05206335335969925 0.02623726986348629 -0.07339872419834137 -0.09973569959402084 -0.06389720737934113 0.039438724517822266 0.3161838948726654 0.028362108394503593 -0.14068125188350677 -0.18585431575775146 0.10967870056629181 0.12380664795637131 -0.08813761174678802 -0.23919090628623962 0.08485745638608932 -0.07463694363832474 -0.09379120916128159 0.10178432613611221 0.038444485515356064 -0.03274660184979439 0.16569998860359192 0.13653717935085297 -0.02561124600470066 -0.07721424102783203 0.1168534979224205 -0.21647273004055023 -0.20461978018283844 -0.21347877383232117 0.06905444711446762 -0.12028880417346954 -0.012369717471301556 0.2346813678741455 -0.1955629289150238 0.005964490585029125 0.26514729857444763 -0.136989027261734
-0.11157059669494629 0.01428390946239233 -0.12109243869781494 -0.20670457184314728 0.061751727014780045 -0.02033925987780094 -0.0688357949256897 -0.17441147565841675 -0.17141686379909515 -0.08469295501708984 0.11424849182367325 0.2788727283477783 0.09603457897901535 -0.17440608143806458 -0.34475305676460266 -0.10142036527395248 -0.018035799264907837 -0.11092536896467209 0.03556380420923233 -0.0722961500287056 0.006476264446973801 0.3309013843536377 0.10819821059703827 0.030376672744750977 0.1567378044128418 -0.10208658128976822 -0.13924388587474823 0.06162552163004875 0.09236087650060654 -0.1196114793419838 0.019198205322027206 -0.05856412649154663 -0.03575122356414795 0.11627994477748871 0.2276286631822586 -0.02471003495156765 -0.2081451565027237 -0.17986546456813812 0.16340972483158112 -0.038187459111213684 -0.011994884349405766 -0.21587225794792175 -0.09546159952878952 0.026200255379080772 -0.10467388480901718 -0.1274747997522354 0.030498044565320015 0.2258600890636444 -0.2407236099243164 0.06008969247341156
0.05607952922582626 0.23150555789470673 0.10185791552066803 0.0225314199924469 -0.24695147573947906 0.1962367743253708 0.02393587864935398 -0.031665317714214325 0.1029650941491127 0.10732289403676987 0.04429253563284874 0.2027529627084732 -0.20886754989624023 -0.2241826057434082 0.0365767627954483 0.2544369697570801 0.1532108336687088 -0.04215257987380028 -0.019472366198897362 0.06339947879314423 0.10248398780822754 0.14015500247478485 -0.2412089854478836 0.11500169336795807 0.13429945707321167 -0.13481807708740234 -0.19679021835327148 -0.055004242807626724 -0.1811484694480896 -0.05438367649912834 -0.18192391097545624 0.010251695290207863 -0.11390840262174606 -0.14843645691871643 0.05229523405432701 0.25798049569129944 0.005169198382645845 -0.09074444323778152 -0.033783458173274994 -0.04016143083572388 0.1513766199350357 0.21695353090763092 0.027933582663536072 0.02277286909520626 0.12510783970355988 -0.19532009959220886 0.1592469960451126 -0.21120020747184753 -0.13263896107673645 0.007867289707064629
-0.1332133263349533 -0.0712897926568985 0.06841950863599777 -0.028431804850697517 0.21380575001239777 0.20854297280311584 0.09713703393936157 0.01702238619327545 0.2134162336587906 -0.1148957833647728 0.21040038764476776 -0.042719852179288864 0.0970718190073967 -0.033403798937797546 -0.18956074118614197 -0.14691844582557678 -0.11366180330514908 0.015335338190197945 -0.2701813280582428 0.2874448895454407 0.08973592519760132 -0.02281545102596283 0.07733919471502304 0.12970811128616333 0.040992338210344315 0.02944222278892994 -0.08842442184686661 0.067380890250206 -0.22734026610851288 0.3497081995010376 0.11335495859384537 -0.110681913793087 -0.15604108572006226 -0.0343821719288826 0.06893747299909592 0.021499015390872955 0.05452790483832359 0.14491383731365204 0.07656815648078918 -0.12454884499311447 0.12366097420454025 0.0700729638338089 0.2964186668395996 -0.01321291085332632 0.1456736922264099 0.11818098276853561 0.1493021696805954 0.17040643095970154 -0.043016351759433746 -0.11407417058944702
0.2596933841705322 -0.1423720270395279 0.052983660250902176 0.127027690410614 0.23126524686813354 0.26721498370170593 0.050746213644742966 -0.14014843106269836 -0.08212561160326004 0.16671840846538544 -0.1718190312385559 0.013274198397994041 -0.06157981604337692 -0.16158190369606018 -0.031661953777074814 0.14503872394561768 -0.07844080030918121 0.02056964859366417 0.23271682858467102 0.30067524313926697 -0.024028843268752098 0.11903286725282669 0.18477411568164825 -0.07486145943403244 -0.11104048788547516 -0.2489781528711319 -0.1541360765695572 -0.06522037088871002 0.12156893312931061 0.1345331221818924 0.21147914230823517 0.11510665714740753 0.0005996227846480906 -0.12880851328372955 0.030770892277359962 -0.0894380435347557 -0.07006891071796417 -0.08232986181974411 0.02265438251197338 0.0886104628443718 0.15227024257183075 -0.07244846224784851 -0.0977669432759285 -0.035181280225515366 -0.17516350746154785 0.018578706309199333 0.09964413940906525 -0.07573813199996948 0.28881704807281494 -0.12775513529777527
-0.1094292402267456 0.11423251777887344 -0.1665906012058258 -0.09939704090356827 0.021021094173192978 0.002794058993458748 -0.18104438483715057 -0.05339706316590309 0.12199351191520691 0.12807396054267883 0.12093280255794525 -0.1365135759115219 0.07574046403169632 -0.0714673176407814 0.013542267493903637 0.012373939156532288 -0.091867595911026 0.21624621748924255 -0.29700028896331787 -0.03491798788309097 0.03460891544818878 0.20872676372528076 -0.2604585289955139 -0.26276999711990356 0.04714486375451088 -0.0776720717549324 -0.012874007225036621 -0.04255540668964386 0.20618100464344025 0.03249000385403633 0.04811273515224457 0.07051532715559006 -0.029149610549211502 -0.14327669143676758 -0.06551355868577957 -0.1895054131746292 -0.06769237667322159 -0.06531692296266556 -0.39033618569374084 -0.09831203520298004 0.27364039421081543 0.019856037572026253 -0.0822608545422554 -0.1495107263326645 0.0846506804227829 -0.08541889488697052 -0.21002644300460815 0.15965236723423004 0.1267680674791336 -0.03445717319846153
0.005379430949687958 -0.08673058450222015 0.12766005098819733 0.18472029268741608 0.06892711669206619 0.07932998239994049 -0.021759280934929848 0.07826250046491623 0.03673701360821724 0.19982171058654785 -0.15552377700805664 0.11636990308761597 -0.06821393966674805 0.28074613213539124 0.2231021374464035 -0.06319315731525421 -0.0010025885421782732 -0.08365830034017563 0.01613641157746315 -0.14518025517463684 -0.05213041603565216 0.05664524435997009 0.169868603348732 -0.10102664679288864 0.2995380461215973 -0.03561598062515259 -0.0028127857949584723 0.260672003030777 -0.03408508375287056 -0.016837794333696365 0.08035515248775482 -0.24822558462619781 -0.14805562794208527 0.16951708495616913 -0.028236255049705505 0.08418500423431396 -0.24483908712863922 0.11137165129184723 -0.22386939823627472 -0.2754152715206146 0.06887601315975189 -0.11212913691997528 0.04987054318189621 -0.2829881012439728 -0.062280505895614624 -0.1523425132036209 0.10405930131673813 -0.04511019587516785 -0.06758368760347366 -0.07128304988145828
-0.04176768288016319 -0.1126643568277359 -0.03640831261873245 0.0632285326719284 -0.028519971296191216 0.08890827745199203 -0.14640995860099792 -0.15310706198215485 0.024476870894432068 -0.15787391364574432 -0.18962392210960388 -0.06943605840206146 -0.15077872574329376 0.1057698205113411 -0.14376741647720337 0.1359546184539795 0.11559760570526123 0.12809714674949646 -0.0035926969721913338 -0.2904130518436432 0.1494840830564499 -0.09210482239723206 0.3274850845336914 -0.04151304066181183 -0.18296216428279877 -0.0785655677318573 -0.008036711253225803 -0.2289312183856964 0.11967255175113678 0.06009799987077713 -6.83913312968798e-05 0.144131600856781 -0.34315964579582214 -0.1630200743675232 -0.01885192282497883 0.233238086104393 0.11490969359874725 0.022202789783477783 -0.07001513987779617 -0.014753418043255806 -0.12000641226768494 -0.08244346082210541 0.07308944314718246 -0.07006122171878815 0.2214491367340088 -0.19570057094097137 0.023456094786524773 0.24490030109882355 -0.06574778258800507 0.031175466254353523
0.04380353167653084 -0.13157902657985687 -0.17820237576961517 0.10758308321237564 0.004499699920415878 -0.08879134058952332 0.055863961577415466 0.001159723731689155 -0.019304664805531502 0.04011254385113716 0.20268379151821136 0.17799386382102966 -0.023267127573490143 -0.06555458158254623 0.16029882431030273 0.029999423772096634 -0.1127498522400856 0.12786084413528442 -0.17924346029758453 0.33396100997924805 -0.013463646173477173 -0.24514293670654297 0.29009875655174255 -0.020599395036697388 0.31617996096611023 -0.04337447136640549 0.13427115976810455 -0.18228617310523987 0.22781601548194885 -0.11799611151218414 -0.2495478093624115 -0.0071441298350691795 0.07771924138069153 0.044714126735925674 -0.1434091180562973 0.13837158679962158 -0.16199293732643127 0.06358879804611206 0.12149859219789505 0.1361149102449417 0.062342338263988495 0.11255346983671188 -0.16627752780914307 -0.02276688441634178 0.17115625739097595 -0.098778635263443 0.060446422547101974 0.14667260646820068 0.004621082451194525 0.03334003686904907
-0.22156347334384918 -0.16622954607009888 0.19304290413856506 0.06023856997489929 -0.009036129340529442 -0.016543451696634293 0.0011903230333700776 0.021417593583464622 -0.1546829640865326 -0.01855051890015602 0.02775164321064949 -0.2172282338142395 -0.22369465231895447 -0.10389890521764755 -0.1116984486579895 0.02192770130932331 -0.13893339037895203 0.10068358480930328 0.14618198573589325 -0.11912012845277786 -0.24476118385791779 -0.11153459548950195 -0.07946253567934036 -0.08958029001951218 0.04586753621697426 -0.19657951593399048 -0.006809024140238762 -0.022519757971167564 -0.2797497510910034 -0.14518094062805176 -0.2363394945859909 -0.06504178792238235 0.2136075794696808 -0.302811861038208 0.0799117311835289 -0.04002540558576584 -0.15777701139450073 0.015910668298602104 -0.0030741074588149786 -0.13877883553504944 0.020800406113266945 -0.10360180586576462 -0.12732930481433868 -0.07836254686117172 0.15810947120189667 0.23656654357910156 0.13330595195293427 0.18433301150798798 -0.03462164103984833 -0.1611829251050949
-0.13437987864017487 0.044784486293792725 0.02463153377175331 0.0931161642074585 -0.06886861473321915 0.12579546868801117 0.08034450560808182 -0.2757742404937744 -0.00924922525882721 -0.028272679075598717 0.05636654421687126 0.31251055002212524 -0.05934419482946396 0.12545311450958252 0.07296622544527054 -0.1876882165670395 -0.1407921463251114 0.00702067231759429 -0.113033726811409 -0.27068695425987244 0.051908500492572784 0.1993279755115509 0.1490197628736496 -0.01655532605946064 -0.10992676764726639 -0.21657201647758484 0.2213178128004074 -0.17452871799468994 -0.10159856081008911 0.02407572604715824 0.18446683883666992 0.07027232646942139 0.3507107198238373 -0.023375896736979485 -0.15679191052913666 -0.020924577489495277 0.14510661363601685 0.05530693382024765 0.019201334565877914 0.00849078968167305 0.0885373055934906 0.3172854781150818 -0.017972515895962715 -0.10600146651268005 -0.12219206988811493 0.13718359172344208 0.09627784788608551 -0.029908904805779457 -0.09016170352697372 0.04112899675965309
0.21923841536045074 -0.043787308037281036 0.28486132621765137 0.07454833388328552 0.009199368767440319 -0.19043321907520294 0.09050352871417999 -0.03774436563253403 -0.20488059520721436 -0.030181875452399254 0.03255271911621094 -0.09750676900148392 0.13468988239765167 -0.023845665156841278 -0.20779405534267426 -0.027490178123116493 -0.18635916709899902 -0.06218884140253067 -0.08778313547372818 0.07173304259777069 0.2994476556777954 -0.03175030276179314 0.042938485741615295 0.2038610279560089 0.1290111541748047 -0.15088197588920593 0.11477044969797134 0.07253147661685944 -0.007070236373692751 -0.13072684407234192 -0.1724858433008194 0.08699546754360199 0.06271939724683762 -0.04883857071399689 -0.2579526901245117 0.03921153396368027 0.25532007217407227 -0.23655778169631958 -0.2700662910938263 -0.026875507086515427 0.07953766733407974 -0.1926749348640442 0.20205557346343994 -0.09524860978126526 -0.12425047159194946 -0.07388889044523239 -0.06043026223778725 -0.03325881436467171 -0.09753741323947906 -0.07550114393234253
0.14828497171401978 0.08803302049636841 0.0635872483253479 -0.10316489636898041 0.1245671883225441 0.027893422171473503 0.05156048759818077 0.007129245437681675 0.3321366012096405 0.01231329794973135 0.33149027824401855 -0.268359512090683 -0.023156143724918365 0.02470569685101509 0.10097634792327881 0.10428638756275177 -0.209064781665802 -0.2442675530910492 -0.0018590997206047177 -0.14197348058223724 0.16084350645542145 0.10703336447477341 0.31192293763160706 -0.07102301716804504 -0.07219795882701874 -0.07904933393001556 0.022065576165914536 -0.11731920391321182 -0.16893763840198517 -0.18245813250541687 -0.002028161659836769 -0.049247924238443375 -0.0590595044195652 0.02846922166645527 0.15802347660064697 -0.10277960449457169 -0.1047637015581131 -0.046392470598220825 0.05485020950436592 0.16097860038280487 -0.04587700963020325 -0.08495642244815826 -0.14879700541496277 -0.10930033028125763 0.1841108649969101 0.012323727831244469 -0.18379352986812592 -0.2604065537452698 -0.08662793785333633 -0.019276447594165802
0.026003586128354073 0.14623813331127167 -0.08918264508247375 -0.11233139783143997 0.163542702794075 0.2269330620765686 0.12449779361486435 0.11348319798707962 -0.14068740606307983 -0.08440163731575012 0.07181170582771301 -0.007787124253809452 -0.02406070940196514 -0.14348824322223663 0.027010777965188026 0.08621518313884735 0.22360660135746002 -0.16952256858348846 -0.160358265042305 -0.04565977677702904 0.0835796445608139 -0.07069806009531021 0.072516530752182 -0.018339788541197777 -0.05143293738365173 -0.11262153834104538 0.13124260306358337 0.20660366117954254 0.04554729163646698 0.221591517329216 -0.041257940232753754 -0.26519638299942017 0.1802988350391388 -0.321368932723999 -0.15626898407936096 0.09273292869329453 -0.02150445058941841 0.1644129753112793 -0.11757013201713562 -0.011644928716123104 -0.28768190741539 -0.025120407342910767 -0.24433483183383942 0.08843037486076355 -0.17035891115665436 -0.1483064442873001 -0.168260395526886 0.04618947580456734 -0.0738128274679184 -0.13651421666145325
0.24710839986801147 -0.15442688763141632 -0.10575995594263077 0.16549143195152283 -0.05851569026708603 0.13874569535255432 -0.016695037484169006 -0.143153116106987 0.19534124433994293 0.09599697589874268 0.19688689708709717 0.13471391797065735 0.12698552012443542 -0.0005643945187330246 -0.09976593405008316 0.11530710011720657 0.07216797024011612 0.09376299381256104 -0.041997186839580536 -0.07359503209590912 0.014625448733568192 0.059265073388814926 -0.020947027951478958 -0.08378122001886368 -0.3993683457374573 0.20066732168197632 -0.08854144811630249 0.16440118849277496 0.03761894255876541 -0.20145274698734283 -0.24138855934143066 -0.27303165197372437 0.2097540944814682 0.08074404299259186 -0.019355706870555878 0.025938447564840317 -0.06557764112949371 -0.048680827021598816 -0.19004683196544647 0.10375402867794037 -0.10202310234308243 -0.05745375156402588 0.1780109703540802 0.0006731818430125713 0.008490403182804585 0.08075633645057678 0.24565784633159637 0.15312358736991882 0.06758321076631546 -0.046186286956071854
-0.22031182050704956 -0.1512870490550995 0.012233125045895576 -0.07231690734624863 0.03687315061688423 0.12955166399478912 0.11448375880718231 0.13238483667373657 -0.050221700221300125 0.11209195852279663 0.06750994175672531 -0.007931139320135117 0.14690087735652924 0.009357031434774399 -0.2059088498353958 -0.2829289436340332 0.05818088725209236 -0.01605871506035328 0.26655489206314087 -0.09611747413873672 0.2536023259162903 -0.14996859431266785 -0.13629461824893951 0.16220560669898987 -0.053586848080158234 0.02627759985625744 -0.1528557538986206 -0.054300133138895035 0.21552015841007233 -0.05808432772755623 0.08001314848661423 -0.07071823626756668 -0.12505409121513367 0.05143076181411743 -0.20647560060024261 -0.025421174243092537 -0.09646450728178024 -0.04416676610708237 -0.15249139070510864 0.16901451349258423 -0.018063565716147423 0.22485719621181488 -0.2886370122432709 -0.1476079225540161 0.20027969777584076 0.028267204761505127 0.1604744791984558 -0.16726359724998474 -0.0459524542093277 -0.16277632117271423
0.052560798823833466 0.006116617936640978 0.12070488184690475 0.18748456239700317 -0.21311058104038239 0.013361366465687752 0.0686318576335907 -0.13414645195007324 0.017865179106593132 0.18168523907661438 0.013698538765311241 -0.02603326365351677 -0.28877726197242737 0.24114640057086945 -0.32509464025497437 -0.11136855185031891 0.032071541994810104 -0.025187086313962936 -0.08588451147079468 0.08899591118097305 0.16263872385025024 -0.07850740104913712 -0.042336463928222656 -0.03848489001393318 0.05192555487155914 0.08563446998596191 0.13960151374340057 0.16455748677253723 -0.10150142014026642 -0.1506689488887787 0.29668083786964417 -0.17196528613567352 0.008947710506618023 -0.03973989561200142 0.07767298817634583 2.381031845288817e-05 -0.013743441551923752 -0.026730971410870552 0.07086728513240814 0.10370218753814697 0.13711601495742798 0.0058147800154984 -0.2002350389957428 0.3368675708770752 0.10947806388139725 -0.13982224464416504 -0.20297056436538696 0.1596861183643341 0.1739002913236618 0.007592969574034214
0.08087168633937836 -0.1413153111934662 0.16699257493019104 -0.15281851589679718 0.04579666629433632 0.11451628804206848 0.1223563477396965 0.2113373577594757 -0.031729139387607574 0.16957174241542816 -0.2445819228887558 0.007736648432910442 -0.0737856850028038 -0.1748219132423401 0.10554064810276031 0.07989709079265594 -0.11019844561815262 0.1892954558134079 -0.0520298033952713 -0.019741475582122803 0.16539788246154785 0.1160392016172409 -0.0989399179816246 -0.19720175862312317 -0.11689507216215134 0.05895088613033295 0.05028274655342102 -0.16399480402469635 -0.1629161685705185 0.03514060750603676 0.031578030437231064 -0.19121138751506805 -0.08281180262565613 0.17973747849464417 -0.37012821435928345 -0.07771875709295273 -0.13656121492385864 -0.18263393640518188 0.2272871434688568 0.030708614736795425 -0.030333450064063072 0.018611496314406395 0.051004331558942795 0.07171879708766937 0.008438494987785816 0.02235543727874756 -0.14026693999767303 0.21757817268371582 -0.2707211375236511 0.1227603554725647
0.056305330246686935 0.046413715928792953 -0.10267897695302963 -0.21557344496250153 0.044208649545907974 0.09303153306245804 0.26831528544425964 -0.2667902708053589 0.06233412027359009 -0.0879678726196289 -0.07455185800790787 -0.1203375831246376 0.02360508032143116 0.049797650426626205 0.09432560950517654 -0.2096448540687561 -0.20572468638420105 0.09921889752149582 0.11289947479963303 0.0781126618385315 -0.16266021132469177 0.049710679799318314 -0.23115070164203644 -0.07807193696498871 -0.07634744048118591 -0.018509041517972946 0.19669708609580994 -0.06897526979446411 0.09070689231157303 -0.013321513310074806 0.04007047414779663 -0.10683809220790863 -0.01176325511187315 0.02044556476175785 -0.03964879363775253 0.425133615732193 0.030957119539380074 0.12201998382806778 -0.07833947241306305 0.026985129341483116 0.14306938648223877 -0.3707018792629242 -0.04755182936787605 0.15289214253425598 0.10683775693178177 -0.06730983406305313 0.13084137439727783 -0.15629127621650696 -0.13597743213176727 0.0270539503544569
-0.059506606310606 -0.20614071190357208 0.08603975921869278 0.1828341782093048 0.07379119098186493 0.07528578490018845 -0.027537347748875618 0.15576684474945068 -0.19774441421031952 0.03314059600234032 0.28536778688430786 0.19290433824062347 0.12268920987844467 -0.21952399611473083 0.23288024961948395 -0.09538251161575317 0.025503672659397125 -0.18567700684070587 0.005559026263654232 -0.1965513974428177 -0.05003540590405464 -0.019215967506170273 0.028471238911151886 -0.09844950586557388 -0.15318593382835388 0.0004863172071054578 0.01330489106476307 0.16826622188091278 -0.12546147406101227 0.03765999153256416 -0.010029218159615993 0.2637860178947449 -0.21875329315662384 0.054282743483781815 -0.008492790162563324 0.2312069684267044 0.04398065060377121 -0.0215032696723938 -0.1298472285270691 0.0436120480298996 0.2653910517692566 -0.09569612890481949 -0.09643026441335678 0.2758004367351532 0.07692323625087738 0.1322414129972458 -0.14911724627017975 0.07597212493419647 0.07797421514987946 0.13295510411262512
0.16343455016613007 0.015356041491031647 -0.12484598159790039 -0.03016301430761814 -0.0407959520816803 0.23463097214698792 -0.10482122004032135 -0.0812259167432785 -0.3275143504142761 0.0556592233479023 -0.042227428406476974 0.0018101731548085809 0.28563395142555237 0.048499803990125656 -0.0209621824324131 0.2551867961883545 0.01842731423676014 0.04964100942015648 0.009290685877203941 -0.16055433452129364 -0.07955236732959747 -0.14260734617710114 -0.021247118711471558 -0.08128464967012405 0.1868314892053604 0.14294637739658356 0.0018558043520897627 0.05172932520508766 -0.06687185913324356 -0.048904940485954285 0.11805865168571472 -0.09056972712278366 0.04554811120033264 -0.01821102388203144 0.08539261668920517 -0.07564687728881836 0.22888630628585815 0.15891849994659424 0.17451992630958557 0.24191628396511078 0.2935267984867096 -0.004096709191799164 0.07289350032806396 -0.1513504534959793 0.17690975964069366 0.03565281257033348 -0.12068887799978256 -0.02617647312581539 -0.24102869629859924 -0.2623688578605652
0.17383438348770142 -0.07564686983823776 0.23947398364543915 -0.08496179431676865 0.1889071762561798 0.02947288192808628 -0.0641997754573822 0.027307769283652306 0.011057461611926556 -0.08502155542373657 -0.07825101912021637 0.011472822166979313 -0.3462180495262146 -0.11136110126972198 0.042595792561769485 0.022622928023338318 -0.04466940090060234 -0.02590777538716793 -0.15739701688289642 -0.2254907488822937 0.05530959740281105 0.05223376303911209 0.0006552740815095603 0.10727105289697647 0.18663649260997772 0.2562311589717865 -0.10257969051599503 -0.08868075907230377 0.3429107666015625 0.14608685672283173 0.020753473043441772 0.08744356781244278 0.28995177149772644 0.19985821843147278 0.16681571304798126 -0.00922183133661747 0.013405727222561836 0.011683615855872631 -0.16278372704982758 -0.03206988424062729 0.02246248349547386 0.01327948272228241 -0.016610682010650635 0.2660823166370392 0.17011773586273193 0.1302928775548935 0.06530583649873734 -0.02578466758131981 -0.0815560519695282 -0.1984526365995407
0.08240331709384918 0.1571824699640274 0.06342322379350662 -0.06135540455579758 0.09114030003547668 0.2279389649629593 -0.06454300880432129 0.03810766339302063 -0.019359657540917397 -0.06601022183895111 -0.00755088496953249 0.05631333217024803 -0.0676460936665535 -0.028852494433522224 0.042422227561473846 0.08750197291374207 -0.18844889104366302 0.11355700343847275 0.029816806316375732 -0.08599955588579178 0.05045974254608154 -0.2662842273712158 -0.10018733143806458 0.44279083609580994 -0.07972797751426697 -0.16431555151939392 -0.006367204710841179 -0.009638665243983269 0.17276573181152344 -0.22353507578372955 0.05601627379655838 -0.20212848484516144 -0.0739881843328476 0.017852487042546272 0.15218308568000793 0.01427253894507885 -0.11293240636587143 0.17293643951416016 -0.06114325299859047 -0.0367962047457695 0.12639084458351135 0.02569148875772953 0.05030751973390579 -0.09998519718647003 -0.14179043471813202 0.20703984797000885 -0.19153568148612976 0.14732950925827026 0.06623769551515579 0.3829386234283447
-0.03802526742219925 -0.02991742454469204 -0.0635809525847435 -0.038311172276735306 0.2954196035861969 -0.1113409474492073 -0.03800293803215027 -0.1117527186870575 -0.2433706372976303 0.20309989154338837 -0.019296810030937195 0.08338065445423126 -0.31321805715560913 0.16128723323345184 -0.017310524359345436 -0.111515112221241 0.01855689100921154 0.05555857717990875 -0.2303144484758377 0.1934790015220642 0.03774430602788925 -0.04345717281103134 -0.09639474004507065 -0.1516261100769043 -0.19312074780464172 -0.03917352110147476 -0.053908467292785645 -0.02543126419186592 -0.08450812846422195 -0.03535713255405426 -0.23792974650859833 -0.052320580929517746 -0.2417588084936142 0.12213368713855743 0.2819828689098358 0.04447370395064354 0.20358607172966003 0.02063569240272045 -0.1168394684791565 0.16307437419891357 -0.08578594028949738 0.1072949469089508 -0.1031472235918045 -0.1252363622188568 -0.17544278502464294 0.14940977096557617 -0.06480570882558823 -0.104946069419384 -0.19890142977237701 -0.06490252166986465
0.254325807094574 0.2622620463371277 0.013637355528771877 0.048138782382011414 0.10077311098575592 -0.07085318118333817 0.29173311591148376 -0.012916216626763344 -0.030161671340465546 -0.04368468001484871 0.09930425882339478 0.16361142694950104 -0.05777641013264656 -0.0327540747821331 -0.247653529047966 -0.0174501221626997 0.18633466958999634 0.07509046792984009 -0.036543700844049454 -0.19287578761577606 -0.015505732968449593 -0.1537078469991684 -0.03479791805148125 -0.13238897919654846 0.0363430455327034 0.12447278201580048 0.23536443710327148 -0.15425507724285126 -0.04318162426352501 0.02414046786725521 -0.07786792516708374 0.187581405043602 -0.275196373462677 -0.0684252381324768 -0.08015304058790207 -0.301003098487854 -0.3005939722061157 0.17777809500694275 -0.01905732974410057 -0.05361361429095268 0.13023127615451813 -0.09448937326669693 0.0441858135163784 0.02684004046022892 -0.10651747137308121 0.10677597671747208 0.1851404905319214 -0.09141124784946442 -0.008814649656414986 -0.01495650690048933
0.08106829226016998 0.11122353374958038 -0.11083327978849411 0.30183446407318115 -0.05184975638985634 0.009462717920541763 0.0972418412566185 0.2609732747077942 0.042237620800733566 -0.05195412039756775 0.1891469806432724 -0.22666634619235992 -0.16817525029182434 -0.17662307620048523 0.008509396575391293 -0.1727203130722046 -0.18665209412574768 -0.029597245156764984 0.10000345855951309 -0.13071928918361664 0.011887513101100922 -0.016591209918260574 -0.06693241000175476 -0.12637631595134735 0.03185756877064705 0.17237943410873413 -0.19663658738136292 -0.1565837562084198 0.06161601468920708 -0.02995896339416504 0.08245638757944107 -0.04369249567389488 0.0033093178644776344 0.019168253988027573 0.06278295069932938 0.07879523932933807 0.2614469826221466 0.09145671129226685 0.09962712973356247 0.03238404542207718 0.09205851703882217 0.010506859049201012 -0.06359351426362991 -0.14297159016132355 -0.38834241032600403 -0.24605534970760345 0.14907081425189972 0.22725242376327515 -0.08998709917068481 -0.026682542636990547
-0.07223734259605408 0.16105185449123383 -0.042090121656656265 0.18657128512859344 -0.0851011723279953 0.017572801560163498 -0.1673947423696518 0.2958967983722687 -0.01433634851127863 -0.035317618399858475 0.15454396605491638 -0.019542666152119637 -0.13624410331249237 0.09032682329416275 0.08694883435964584 0.04275078698992729 0.14116762578487396 0.21666139364242554 -0.006625487469136715 0.15871548652648926 0.13942386209964752 0.17711596190929413 -0.08707553148269653 0.10649043321609497 -0.11682999134063721 -0.31723663210868835 0.1289815455675125 0.11269638687372208 0.10378469526767731 -0.1122484877705574 0.20475706458091736 0.20376427471637726 0.031903184950351715 0.15228012204170227 -0.046344734728336334 -0.0024642201606184244 -0.09809544682502747 0.1499105840921402 0.07530492544174194 0.16544416546821594 -0.09306598454713821 -0.27749183773994446 0.10094740241765976 0.032412126660346985 0.060511358082294464 0.12363777309656143 0.09479860961437225 0.036716997623443604 -0.21023039519786835 -0.27045920491218567
-0.034220948815345764 0.12353406846523285 0.04649905115365982 -0.14602099359035492 0.08885716646909714 0.0055589256808161736 0.11560855805873871 -0.2926144003868103 0.08717069774866104 0.07028169184923172 0.15248329937458038 0.061540257185697556 -0.15311749279499054 0.04221997410058975 0.2623920440673828 -0.03016996569931507 0.07034104317426682 -0.19235213100910187 0.05564001202583313 0.08190678805112839 -0.20464089512825012 -0.2754507064819336 -0.032395754009485245 0.05665795877575874 -0.096708282828331 0.09369678795337677 -0.18448342382907867 0.06655924022197723 0.09087572991847992 -0.24568207561969757 0.20592492818832397 0.18016621470451355 -0.06766507029533386 -0.09881915152072906 -0.21423617005348206 -0.053509920835494995 -0.01942511647939682 -0.229233056306839 0.04588288813829422 -0.1246756911277771 -0.04918137565255165 0.03158838301897049 0.1575866937637329 -0.027507560327649117 -0.030942993238568306 -0.0124363387003541 -0.10785745829343796 0.24460172653198242 -0.16786041855812073 -0.2851768434047699
-0.006015421822667122 -0.13557502627372742 -0.11072099953889847 0.0030671628192067146 0.10673393309116364 0.15237371623516083 0.08857708424329758 0.33664968609809875 0.07520858943462372 -0.18846380710601807 -0.05516084283590317 0.022759146988391876 0.03978220000863075 0.18499942123889923 -0.190805122256279 0.24563093483448029 -0.14543533325195312 -0.06836893409490585 -0.17725583910942078 0.00017557579849381 -0.33771148324012756 0.048371054232120514 -0.05318783223628998 -0.016119830310344696 0.10168703645467758 0.011366430670022964 0.21374405920505524 -0.017437774688005447 0.01961641199886799 -0.21060535311698914 0.20410029590129852 0.0629170686006546 -0.11979943513870239 -0.10355164855718613 0.0542052760720253 0.13124299049377441 -0.01682761311531067 -0.3531944155693054 -0.17090609669685364 0.12202829867601395 -0.08391142636537552 0.20680975914001465 -0.0024471962824463844 0.0846678838133812 -0.12468113005161285 0.056040748953819275 0.12888292968273163 -0.035562559962272644 -0.06730227917432785 -0.016111478209495544
-0.04638531431555748 0.09471393376588821 0.11927933990955353 0.20525528490543365 0.36975181102752686 -0.014605514705181122 -0.1811872273683548 -0.029686786234378815 -0.155634343624115 -0.20215842127799988 0.10491391271352768 -0.07593627274036407 -0.11405530571937561 0.11058220267295837 -0.1432165503501892 0.02134382724761963 0.0422699861228466 -0.16310124099254608 0.1575676053762436 0.062087610363960266 -0.0404178611934185 0.23882415890693665 -0.1619148999452591 -0.07019596546888351 -0.10994108766317368 0.16956545412540436 0.1436433494091034 -0.002967631444334984 0.15759877860546112 -0.02000538446009159 -0.1287822723388672 -0.05762974172830582 0.0651225671172142 -0.028023919090628624 -0.1806105226278305 0.21150505542755127 -0.19366474449634552 0.013142909854650497 0.24122193455696106 -0.0015943958424031734 0.13402554392814636 0.19815190136432648 0.1995527446269989 -0.17169108986854553 0.12059012055397034 -0.11040100455284119 -0.18505023419857025 -0.07016869634389877 0.09232612699270248 0.03323487937450409
-0.113597571849823 -0.3389950096607208 -0.10789607465267181 -0.11943594366312027 -0.04604954645037651 0.09612850099802017 -0.07332813739776611 -0.19383902847766876 0.048049844801425934 0.13389424979686737 0.26110634207725525 -0.18690568208694458 -0.23745451867580414 -0.0464298315346241 -0.02283693104982376 0.20927272737026215 0.051405735313892365 -0.05864245444536209 -0.022555839270353317 -0.12456692010164261 0.1755104959011078 -0.13200557231903076 -0.1678164303302765 -0.09190613031387329 0.18748702108860016 -0.019875628873705864 0.18437476456165314 0.25127431750297546 0.17513680458068848 0.1305922269821167 0.05318126827478409 0.07906748354434967 -0.03532644733786583 -0.002174446592107415 -0.0867818146944046 -0.013958060182631016 0.05866997689008713 -0.07906617969274521 0.2314380407333374 -0.013919736258685589 -0.02784423530101776 -0.08625738322734833 0.08329977095127106 -0.10303982347249985 -0.18316155672073364 0.11471979320049286 0.18977472186088562 -0.16211864352226257 -0.011963475495576859 0.24894540011882782
0.06002604588866234 -0.08328419923782349 0.07552285492420197 -0.12436213344335556 -0.39648154377937317 -0.1153656616806984 0.05134660378098488 0.06232435256242752 -0.21063049137592316 -0.08543460816144943 0.2842027246952057 0.039917442947626114 -0.1362762451171875 0.010484941303730011 0.014140883460640907 -0.027312424033880234 -0.04963090270757675 0.020445767790079117 0.2607825994491577 0.11466553062200546 -0.0908978208899498 0.04319274052977562 0.15152490139007568 -0.19299080967903137 -0.021805519238114357 -0.051145557314157486 -0.0025271933991461992 -0.1045057475566864 0.20241069793701172 0.21351611614227295 0.11072561144828796 -0.27537810802459717 -0.1020241230726242 -0.11291984468698502 0.09892960637807846 -0.038471050560474396 -0.09092900156974792 -0.004207036457955837 -0.23898005485534668 0.05764768645167351 -0.017669154331088066 0.14488595724105835 0.3340586721897125 0.06204069033265114 -0.017565542832016945 0.09559015929698944 -0.15548264980316162 -0.08120615035295486 -0.1200188398361206 0.007055931258946657
0.2612771987915039 -0.12093814462423325 -0.1009913831949234 0.15487830340862274 -0.03298589214682579 -0.049628544598817825 -0.08800896257162094 -0.2136719524860382 0.23478341102600098 -0.2507174015045166 -0.07228727638721466 -0.0762372687458992 0.04228966683149338 0.01162608340382576 0.055440157651901245 -0.07222370058298111 0.13003891706466675 0.004206474404782057 0.17903131246566772 0.05020203813910484 0.0892268642783165 0.23642849922180176 -0.0855608731508255 0.02715405263006687 0.30220702290534973 0.013647728599607944 -0.04908968508243561 0.04749651253223419 -0.054079484194517136 -0.016091827303171158 -0.05964178591966629 -0.03195991739630699 -0.20351800322532654 -0.09380614757537842 -0.14834469556808472 0.08295096457004547 0.016045140102505684 0.08562582731246948 -0.045187778770923615 0.02992895059287548 -0.05420852079987526 0.13869506120681763 -0.2192695289850235 0.03915686160326004 -0.12690846621990204 0.4507773816585541 -0.16636903584003448 0.16123580932617188 -0.14150960743427277 -0.07033845782279968
-0.19361741840839386 0.045034706592559814 0.029534492641687393 0.13637110590934753 -0.02002197504043579 0.023696068674325943 -0.2714907228946686 -0.20638345181941986 0.0007814759155735373 0.12575536966323853 0.07943522185087204 0.04330667480826378 0.023306971415877342 -0.166333869099617 -0.17766723036766052 0.2148440182209015 -0.15141285955905914 -0.17806914448738098 0.01237041037529707 0.05273967236280441 -0.11251813918352127 -0.12074895948171616 -0.10719940066337585 0.04264797642827034 0.1115700826048851 0.09734590351581573 0.015094210393726826 -0.3542315661907196 -0.21707329154014587 0.091396763920784 0.15815164148807526 -0.029041584581136703 -0.01256916020065546 0.26224398612976074 -0.20006220042705536 0.09861882776021957 -0.11399820446968079 0.185130774974823 -0.24919666349887848 0.12449561804533005 -0.2594762444496155 -0.14419203996658325 0.014218430034816265 0.0377984493970871 -0.13672061264514923 0.0024765029083937407 -0.08020754903554916 -0.036156054586172104 0.0456211231648922 -0.07012148946523666
