-0.0871262475848198 0.034502964466810226 0.06072356551885605 -0.044225968420505524 0.03402861952781677 0.2025827318429947 -0.1338181346654892 -0.10718762874603271 -0.10432130098342896 0.10836023092269897 -0.0043784249573946 -0.10735515505075455 0.07777991890907288 0.02379228174686432 0.2899151146411896 0.0951072946190834 -0.13013163208961487 0.15036748349666595 0.19623315334320068 0.16084763407707214 0.11441297829151154 0.035913534462451935 0.013190007768571377 -0.19130119681358337 0.30303677916526794 -0.15370428562164307 0.002962354803457856 0.15499341487884521 0.16122496128082275 -0.04220931977033615 0.29438355565071106 -0.015641607344150543 0.00045943347504362464 0.10629584640264511 -0.05443180724978447 -0.023035433143377304 -0.11503081768751144 -0.07063194364309311 -0.2361469268798828 -0.14405934512615204 0.0023457591887563467 -0.34626346826553345 -0.2361798733472824 0.16711047291755676 0.02665693126618862 0.02783314697444439 0.1403990387916565 -0.14953020215034485 -0.05092225968837738 0.10753624141216278
-0.049224596470594406 0.03912002965807915 0.10973068326711655 0.07227381318807602 0.07813121378421783 0.06105794385075569 0.06809873878955841 0.0996587947010994 0.10954742878675461 0.18521657586097717 0.27747073769569397 -0.2716995179653168 -0.02437145635485649 -0.10068109631538391 -0.04719700664281845 -0.002304214285686612 -0.24025842547416687 -0.06706209480762482 -0.14505316317081451 -0.05340937525033951 0.13624431192874908 -0.011905066668987274 0.1041397973895073 -0.05786832049489021 -0.27493050694465637 0.021290918812155724 -0.22290191054344177 0.09378322213888168 -0.15168026089668274 -0.35615232586860657 -0.017235707491636276 0.07080928236246109 0.01656600460410118 -0.020912159234285355 0.1509253978729248 0.03897852450609207 0.13499251008033752 0.006891348864883184 -0.20878051221370697 -0.11586999148130417 0.11992253363132477 -0.09417878091335297 0.03456573560833931 0.16109472513198853 -0.1618625819683075 -0.19965222477912903 -0.210153728723526 0.09666166454553604 -0.2521217167377472 0.042170848697423935
-0.06707539409399033 0.12917420268058777 -0.027629202231764793 0.18760979175567627 -0.17819562554359436 0.18542499840259552 -0.0711064487695694 0.1588357537984848 0.060813888907432556 0.017887696623802185 0.2919834852218628 0.09276917576789856 -0.21670345962047577 -0.09191391617059708 0.015390130691230297 0.030113503336906433 -0.1666233092546463 0.09551895409822464 0.25020286440849304 0.17412985861301422 -0.14573335647583008 -0.04517236351966858 0.03912821039557457 0.07745244354009628 -0.17469845712184906 0.09134276956319809 0.10412832349538803 0.06450769305229187 -0.08982476592063904 -0.1218610629439354 -0.060749318450689316 0.1767646223306656 -0.15332148969173431 0.06887685507535934 -0.3226909637451172 -0.20314407348632812 -0.17272934317588806 -0.3000195324420929 0.0030555063858628273 -0.007116468157619238 -0.09161017835140228 -0.00223546102643013 0.0986616313457489 -0.01904393918812275 0.058062076568603516 0.20122647285461426 -0.06739617884159088 0.0496482215821743 0.17854642868041992 -0.15767879784107208
0.08573702722787857 0.07437913119792938 0.13766175508499146 -0.04706856608390808 -0.01120441872626543 -0.021786481142044067 0.07521273195743561 -0.032379522919654846 0.21803773939609528 0.23692429065704346 -0.054528843611478806 -0.073550283908844 0.08448426425457001 0.3769879639148712 -0.13944442570209503 0.006141095422208309 0.052935656160116196 -0.3289397060871124 0.20335698127746582 0.11819612234830856 0.09259165823459625 0.1725512444972992 0.050985243171453476 -0.2012723833322525 -0.13206839561462402 0.24300429224967957 0.09237804263830185 0.07551936060190201 -0.13846251368522644 0.22522418200969696 -0.0233274195343256 0.07429712265729904 -0.1352095901966095 0.016537146642804146 0.04416531324386597 -0.08426223695278168 -0.04848220571875572 -0.055492762476205826 -0.025754062458872795 0.27258431911468506 0.30694010853767395 -0.09862300008535385 -0.0713515505194664 0.12406518310308456 -0.02822798863053322 0.06829303503036499 0.1264980137348175 0.01280579250305891 0.09103752672672272 0.032153088599443436
0.07733798027038574 -0.12954281270503998 0.056456658989191055 -0.23806503415107727 0.12908197939395905 -0.13919393718242645 -0.11529547721147537 -0.1234154999256134 -0.017173385247588158 -0.02697639726102352 0.014519025571644306 -0.12061997503042221 0.007103421725332737 -0.11774903535842896 0.1627267450094223 0.1002143993973732 0.03554219380021095 0.006583426613360643 0.028213689103722572 0.2408497929573059 0.06430266797542572 0.03324693813920021 -0.14205646514892578 -0.07156164199113846 0.09372855722904205 0.1947983056306839 0.1083504930138588 0.12576010823249817 -0.36556869745254517 -0.05346226692199707 -0.13729169964790344 0.24280743300914764 -0.1294182538986206 -0.08693694323301315 -0.13051822781562805 0.19787538051605225 0.17053981125354767 0.1722666323184967 -0.029729709029197693 -0.018238762393593788 -0.33360886573791504 0.1683853417634964 -0.0902378037571907 0.17699462175369263 -0.17930352687835693 0.012264028191566467 -0.04446505010128021 -0.11898939311504364 0.1401597261428833 -0.1402795910835266
0.06707645952701569 -0.0994580090045929 -0.08555271476507187 -0.1873755007982254 -0.08682779222726822 -0.16317301988601685 -0.1025858223438263 -0.01599504053592682 -0.030652079731225967 -0.02189302071928978 0.24097418785095215 0.2892545163631439 0.2168097347021103 0.05834411084651947 0.009311757050454617 0.07282833755016327 -0.11774758994579315 0.11225584894418716 0.3353620767593384 -0.12961721420288086 0.014825476333498955 -0.21205703914165497 -0.19163785874843597 0.1195092648267746 0.011644869111478329 -0.051454395055770874 -0.11783751100301743 -0.09140554815530777 -0.3186674118041992 -0.15411609411239624 0.09739652276039124 -0.15045981109142303 0.15431945025920868 -0.14765675365924835 -0.09184805303812027 0.02287808246910572 -0.0381586030125618 -0.0156740453094244 0.1889905333518982 0.2070082575082779 0.1833997517824173 -0.15450462698936462 0.01689208298921585 0.08513998240232468 -0.14379020035266876 -0.0972256287932396 0.010612710379064083 -0.010595531202852726 -0.012999894097447395 0.18571186065673828
-0.1545657366514206 0.18821901082992554 -0.28500646352767944 0.10887779295444489 -0.09389157593250275 -0.20030935108661652 -0.15162643790245056 0.07320203632116318 -0.1523938924074173 0.06526762247085571 -0.027816103771328926 -0.2596070170402527 -0.04890553653240204 0.08275020867586136 -0.10879708081483841 0.09958875179290771 -0.10362313687801361 -0.23510988056659698 0.042448338121175766 0.13521023094654083 0.04265347123146057 -0.08884276449680328 -0.1298968493938446 0.0818714052438736 0.1803719848394394 0.19168725609779358 -0.1767076849937439 -0.20759569108486176 0.01286435779184103 0.1575954556465149 0.05299489572644234 0.15293003618717194 0.04023199528455734 -0.2225043624639511 0.014964571222662926 -0.2782060503959656 0.19117245078086853 -0.11683277785778046 0.04846973717212677 -0.10337676107883453 -0.2320004403591156 -0.09138058871030807 0.08136187493801117 -0.0493515320122242 -0.0009869738714769483 -0.12468266487121582 0.12114652246236801 -0.0128641277551651 -0.11493448913097382 0.15056277811527252
-0.05187373608350754 0.19858714938163757 -0.11841729283332825 0.24071532487869263 0.1042000949382782 -0.09002940356731415 -0.17471341788768768 0.15783150494098663 -0.09935267269611359 -0.016887878999114037 0.056944504380226135 -0.040137872099876404 0.13718028366565704 -0.1794355809688568 -0.09721130132675171 0.19534768164157867 0.0464361310005188 0.3555067181587219 0.106409952044487 0.0240757055580616 0.06999411433935165 0.012981066480278969 0.14528699219226837 -0.2590978741645813 -0.015829036012291908 0.161598339676857 -0.0250239335000515 0.06093219295144081 -0.03169281780719757 0.07733297348022461 0.11843923479318619 0.06022476777434349 0.06299392879009247 0.043054383248090744 0.02735798992216587 -0.05933256074786186 -0.05047202482819557 0.21181851625442505 -0.04972381889820099 0.09103962033987045 0.29848209023475647 0.4154174029827118 -0.009486750699579716 -0.11107555031776428 -0.02394523285329342 -0.14431467652320862 0.11517961323261261 -0.17461435496807098 0.017027711495757103 -0.031187498942017555
0.025112085044384003 0.21519069373607635 -0.21087154746055603 -0.19260573387145996 0.06231321766972542 0.07863127440214157 -0.04216758534312248 -0.18409843742847443 0.0791626125574112 0.1457100212574005 0.28765445947647095 -0.10860010981559753 -0.11284277588129044 -0.010395411401987076 0.00500932801514864 -0.02728440798819065 0.1001017838716507 -0.14295433461666107 0.09269233793020248 -0.18722912669181824 0.10404574871063232 0.08126486837863922 -0.023253872990608215 -0.061639539897441864 0.09012072533369064 -0.09548492729663849 -0.038761720061302185 0.006504163611680269 -0.23068448901176453 0.10135446488857269 0.07772471755743027 -0.1551489233970642 -0.14345645904541016 0.14729593694210052 -0.033912502229213715 -0.0014121888671070337 -0.0836792141199112 0.21124686300754547 0.21728907525539398 -0.23354505002498627 0.014195410534739494 0.06510759890079498 0.11710990220308304 -0.1672716736793518 0.15897774696350098 0.2798457741737366 -0.06475834548473358 -0.1295364946126938 -0.3143218457698822 -0.1246991753578186
0.017539525404572487 0.022056320682168007 0.00911218672990799 -0.054216235876083374 0.1491396576166153 -0.18438057601451874 0.05712311714887619 -0.19509781897068024 -0.39432957768440247 -0.08580277860164642 0.1434120237827301 0.039483148604631424 0.2048707902431488 -0.11777462065219879 0.09575074166059494 -0.05841856822371483 0.09855067729949951 -0.08578518033027649 -0.07062474638223648 0.10813675820827484 -0.0021005431190133095 -0.0033402449917048216 0.14478319883346558 -0.013662377372384071 -0.29942959547042847 -0.036502406001091 0.0652879923582077 -0.13138243556022644 -0.12819315493106842 -0.12593168020248413 -0.1791699081659317 0.06314034759998322 -0.03002861887216568 0.132501482963562 0.15449431538581848 -0.18081121146678925 -0.09918136894702911 -0.06297650188207626 -0.027987666428089142 -0.25415509939193726 0.06422927230596542 -0.04807021841406822 0.038114260882139206 0.0489269495010376 0.08084096014499664 0.15668413043022156 0.4071052670478821 0.09739150106906891 0.10137422382831573 0.1683250218629837
0.05229303613305092 -0.011494359001517296 0.1302410215139389 0.04831890016794205 0.019838659092783928 -0.2800047993659973 -0.06550505757331848 -0.04181181639432907 0.14258348941802979 -0.13093218207359314 -0.21637575328350067 0.03227648511528969 0.014331329613924026 -0.091232068836689 0.0007430391851812601 -0.04102635383605957 -0.09597920626401901 -0.18613988161087036 0.04641757532954216 0.03232472389936447 0.16224217414855957 -0.19385114312171936 0.1477927565574646 0.05555783957242966 0.046972598880529404 0.03477809578180313 -0.12762176990509033 -0.11503245681524277 -0.08291321992874146 0.012685264460742474 0.22371187806129456 -0.14230909943580627 -0.011534168384969234 0.17378419637680054 -0.15491464734077454 0.11989948153495789 -0.05372070148587227 -0.19855839014053345 -0.10584118217229843 -0.14080365002155304 0.07692396640777588 0.12047275900840759 0.2974502146244049 0.3416934013366699 0.3171043395996094 -0.11545461416244507 0.0023594368249177933 -0.1179717406630516 0.022613180801272392 -0.23508669435977936
-0.1788424551486969 -0.09202487021684647 0.024407057091593742 -0.2511741816997528 -0.2110467553138733 0.259513258934021 -0.1814052015542984 0.01232180092483759 -0.14736971259117126 0.10443715006113052 0.021021699532866478 -0.05359924957156181 -0.15964184701442719 -0.08017576485872269 -0.035614531487226486 0.10693487524986267 0.03301858901977539 -0.1825575977563858 -0.08683396875858307 0.19414718449115753 -0.2742990553379059 -0.02375011332333088 0.03111698292195797 0.12328822165727615 0.00024503213353455067 0.08034958690404892 -0.05121519789099693 0.07058776170015335 0.05160455033183098 0.0598730593919754 -0.2547735869884491 -0.1116749495267868 0.08677227050065994 -0.11510259658098221 -0.2039577066898346 0.17322097718715668 -0.142275869846344 0.17826427519321442 -0.019830845296382904 -0.07063332200050354 0.2911747097969055 0.13426963984966278 0.027460716664791107 0.16505877673625946 0.19195351004600525 -0.18759018182754517 0.09955503046512604 -0.03352707624435425 -0.0744318962097168 0.1784331053495407
0.08114583045244217 0.2278658151626587 0.287811279296875 0.02615044079720974 -0.013166322372853756 -0.08627296984195709 -0.05895370617508888 -0.004879728425294161 0.1950744241476059 -0.1181325614452362 0.011257337406277657 -0.030147213488817215 -0.01708301529288292 0.014911957085132599 0.0887698084115982 -0.13730588555335999 -0.06400102376937866 0.03133488819003105 0.039764415472745895 0.11661670356988907 -0.15454550087451935 0.017655307427048683 0.07881215214729309 -0.15719886124134064 0.3790655732154846 -0.05073034018278122 -0.06899219006299973 -0.03648054599761963 -0.0765354260802269 -0.12711280584335327 -0.17833220958709717 0.0479750856757164 0.18410658836364746 -0.3355455994606018 0.13259635865688324 0.13038243353366852 -0.02068162150681019 -0.2561107575893402 0.1268743872642517 -0.15881435573101044 0.18163591623306274 0.18194887042045593 -0.07704925537109375 -0.10443868488073349 -0.034705258905887604 0.20445816218852997 0.112164206802845 0.19400787353515625 -0.13068684935569763 -0.032543495297431946
-0.13492360711097717 -0.06636413931846619 0.26889175176620483 -0.2910868525505066 -0.26436522603034973 -0.005455545149743557 -0.03193599358201027 -0.03813212364912033 0.21472863852977753 -0.11124107986688614 0.06667282432317734 0.000954145158175379 0.11316217482089996 0.02870784141123295 -0.07541501522064209 0.12864291667938232 -0.1394800841808319 0.14837589859962463 0.010131435468792915 -0.1547674983739853 0.043579161167144775 -0.13129350543022156 -0.0843120887875557 0.048896901309490204 -0.15113751590251923 0.07072976231575012 0.18390695750713348 -0.15610775351524353 0.11767268925905228 0.14221927523612976 0.1250557154417038 0.25751644372940063 0.1751689314842224 -0.06228028982877731 0.017984364181756973 -0.16343998908996582 0.20552678406238556 0.22098690271377563 -0.26277199387550354 -0.16800537705421448 0.050689321011304855 0.0343603752553463 0.06187223270535469 -0.045489028096199036 0.10832908004522324 0.26573696732521057 0.0637611672282219 0.012375839054584503 -0.06873490661382675 -0.045286256819963455
-0.05192306637763977 0.19053880870342255 -0.06980052590370178 -0.0101668331772089 0.2592830955982208 0.07196022570133209 -0.35357922315597534 0.02213766612112522 -0.12734951078891754 -0.006224673241376877 -0.13338109850883484 -0.038993362337350845 -0.06955710053443909 -0.062380120158195496 -0.05226020887494087 -0.09252864867448807 -0.15986935794353485 0.003213553223758936 0.14063723385334015 -0.04860713332891464 -0.2787272334098816 0.00398558285087347 0.06955292075872421 -0.017837969586253166 -0.13738764822483063 -0.14571629464626312 0.13573677837848663 -0.1133209690451622 -0.004204992204904556 0.01765957660973072 0.013022779487073421 0.22495755553245544 0.0823826938867569 0.022057432681322098 0.2641880214214325 0.2115645408630371 0.223598912358284 0.08769278228282928 0.16732387244701385 0.2256607562303543 0.04963543638586998 -0.2293599396944046 0.05921732261776924 0.2031981199979782 0.2212422639131546 0.12725059688091278 -0.13026733696460724 -0.019429191946983337 0.03882625326514244 -0.08469314873218536
0.11544325202703476 0.2282441258430481 0.13727198541164398 -0.0389569066464901 0.031029142439365387 -0.040346648544073105 -0.1978376805782318 0.23283809423446655 -0.04634236916899681 -0.3299654424190521 0.1137874573469162 -0.17221452295780182 -0.20742176473140717 0.15438151359558105 0.03685702756047249 -0.07328197360038757 0.09578350186347961 0.07059085369110107 -0.40106621384620667 -0.1746416985988617 0.20489811897277832 -0.01467096246778965 -0.31741514801979065 0.050164803862571716 0.018059615045785904 0.046124380081892014 0.10475386679172516 0.056163713335990906 -0.001874734996818006 -0.04513014107942581 0.04692770913243294 0.06397032737731934 -0.1007019653916359 0.08159851282835007 -0.1354450136423111 -0.03990265727043152 -0.04989219456911087 -0.0636080726981163 0.15331511199474335 0.011647180654108524 0.21198876202106476 -0.08043626695871353 -0.06568699330091476 0.1600772589445114 0.01297927275300026 0.026996251195669174 0.022709684446454048 -0.12300140410661697 0.11784704774618149 0.19096848368644714
-0.1307096779346466 0.15677081048488617 -0.15124750137329102 -0.0661216676235199 0.04017089679837227 0.10576571524143219 0.09970036894083023 -0.17979107797145844 -0.12345077097415924 -0.1415894776582718 0.043285783380270004 0.04448152333498001 -0.10832075029611588 0.3143016993999481 0.08637490123510361 0.04308668151497841 0.1979687511920929 -0.013286584988236427 0.021285446360707283 0.21976307034492493 0.14908607304096222 -0.28059688210487366 -0.17155945301055908 0.003655805718153715 -0.14818614721298218 -0.0990794226527214 -0.27451804280281067 0.05193373188376427 -0.024236155673861504 0.028316279873251915 0.12139815837144852 0.2524256408214569 0.13572026789188385 0.09761711955070496 0.0206068716943264 0.2929191589355469 -0.0057996222749352455 -0.08131362497806549 -0.17778246104717255 0.07501386106014252 0.08931083977222443 0.11628900468349457 -0.054022133350372314 -0.19041654467582703 0.086682990193367 -0.0275078397244215 -0.08121498674154282 0.24557527899742126 0.04483146592974663 -0.11371680349111557
0.11163437366485596 0.15016117691993713 0.014385533519089222 -0.08758311718702316 -0.1734274923801422 0.0561712346971035 0.25547975301742554 0.05081000551581383 -0.1589023917913437 0.010541718453168869 -0.13425476849079132 0.06106812134385109 -0.024588799104094505 0.0705040767788887 -0.062492486089468 0.0441068597137928 -0.26002800464630127 0.018766481429338455 -0.04738915339112282 0.10020537674427032 0.05756155401468277 -0.2942259907722473 -0.09839651733636856 -0.38410404324531555 -0.25370854139328003 0.032124314457178116 0.1308433711528778 -0.00542851397767663 0.06870819628238678 -0.11038743704557419 -0.07352903485298157 -0.15202948451042175 -0.04202471673488617 -0.143632709980011 -0.003292409935966134 0.06025058403611183 0.057981375604867935 0.003501604776829481 0.2844999432563782 -0.10181962698698044 -0.06908020377159119 -0.06681957095861435 -0.18494918942451477 -0.059942856431007385 0.11909268796443939 -0.12846386432647705 0.10090118646621704 -0.2545709013938904 -0.08822357654571533 -0.24687248468399048
-0.20856738090515137 -0.10307525843381882 -0.04267027601599693 -0.19832293689250946 -0.07282087206840515 -0.1716012805700302 -0.0029761148616671562 0.020389609038829803 -0.1585015505552292 -0.03296266868710518 0.1322026401758194 -0.05216110497713089 -0.04390690103173256 0.022025462239980698 -0.32738086581230164 -0.037770871073007584 0.2121116667985916 0.08028117567300797 -0.04463556408882141 0.2168639898300171 0.028604118153452873 0.16860918700695038 0.03711697459220886 -0.281371533870697 0.0936884805560112 -0.05451853945851326 0.07523849606513977 0.1498168557882309 0.07701001316308975 -0.22235234081745148 0.08808455616235733 -0.2936336100101471 0.1334173083305359 0.050938837230205536 -0.12397435307502747 -0.09723792225122452 0.3770941495895386 -0.1558016538619995 -0.0037621003575623035 0.12271720170974731 0.027489399537444115 -0.021196093410253525 0.13958901166915894 0.04827090725302696 0.07635099440813065 0.16631516814231873 -0.11740332096815109 0.10799814015626907 0.04546549543738365 -0.04324705898761749
0.006726342719048262 0.17307370901107788 0.21547088027000427 -0.015496937558054924 -0.2176453173160553 0.03712073341012001 0.003622144926339388 0.09324456751346588 -0.22213523089885712 -0.07595104724168777 -0.04587395861744881 0.247099831700325 -0.07500531524419785 -0.0011195311089977622 0.07669343054294586 -0.1437556892633438 0.34430021047592163 0.05244285240769386 0.1545667052268982 -0.1558326929807663 0.010748070664703846 0.16907213628292084 0.08375992625951767 -0.11800924688577652 -0.11516676098108292 0.26899832487106323 -0.4020324945449829 0.03401844948530197 0.031891293823719025 0.05046333000063896 -0.052962951362133026 0.0609079971909523 0.14696472883224487 -0.06109289452433586 0.07011421024799347 -0.024884501472115517 -0.06045975163578987 0.04707258567214012 -0.033983029425144196 -0.013282805681228638 -0.222675159573555 -0.10555069893598557 0.04347340762615204 0.23173007369041443 -0.057808686047792435 0.099729523062706 -0.11528836935758591 -0.1849527806043625 -0.14885357022285461 -0.022378327324986458
0.14383763074874878 0.12409602850675583 -0.24126526713371277 0.008233741857111454 -0.24032115936279297 -0.22916561365127563 0.18332788348197937 -0.13751700520515442 -0.011082541197538376 -0.027394721284508705 0.05626695603132248 -0.15675334632396698 0.05800986662507057 -0.09048926085233688 0.019634880125522614 -0.03933471068739891 -0.0742722600698471 0.037127554416656494 0.03161311894655228 -0.045134495943784714 -0.06812256574630737 0.05484693869948387 -0.008635112084448338 -0.0024225562810897827 -0.13456542789936066 -0.3271879553794861 0.10544388741254807 0.2695513367652893 0.09215280413627625 0.311525821685791 -0.14098049700260162 0.11322305351495743 0.125576913356781 -0.07341909408569336 -0.04152151569724083 0.1709187924861908 0.012866118922829628 -0.24219577014446259 -0.12728266417980194 -0.017341474071145058 0.06634433567523956 0.07079119980335236 0.1362825632095337 0.1450762301683426 -0.16526998579502106 0.07058364897966385 -0.11889849603176117 -0.28940877318382263 -0.018369225785136223 0.17008717358112335
-0.0873633325099945 0.04142576456069946 -0.0069119809195399284 -0.030019929632544518 0.03050871007144451 0.0023328978568315506 -0.2874947786331177 0.1407880336046219 0.04978731647133827 0.28001701831817627 0.0007204393041320145 0.05781240016222 0.10058724880218506 0.131501704454422 -0.19944338500499725 0.14282475411891937 0.15917769074440002 0.017480676993727684 -0.10411837697029114 -0.21700136363506317 0.2097400724887848 -0.14802464842796326 0.22635185718536377 -0.1035994440317154 -0.11296848952770233 -0.36855393648147583 -0.038196105509996414 -0.06663598865270615 0.05413919687271118 0.07833566516637802 -0.08114293217658997 0.033109914511442184 -0.044756777584552765 -0.17630940675735474 -0.2023724764585495 0.08827336877584457 -0.09444976598024368 -0.07507440447807312 0.06125178560614586 -0.08092785626649857 -0.23945991694927216 0.12136801332235336 -0.169515460729599 0.22997795045375824 -0.0986662209033966 0.07274717837572098 0.11487322300672531 0.18848976492881775 0.0771995559334755 -0.041087616235017776
-0.20797137916088104 -0.1835320144891739 -0.03297541290521622 0.011564496904611588 -0.07944662868976593 -0.23584948480129242 -0.0766567513346672 -0.07914145290851593 0.0836925134062767 -0.09640424698591232 -0.021888066083192825 0.12031473964452744 -0.08679675310850143 0.06138139218091965 -0.030593140050768852 0.3413512706756592 -0.0923781767487526 -0.06721830368041992 -0.04910474270582199 -0.030036872252821922 -0.07977386564016342 -0.15554052591323853 0.16663704812526703 -0.0521881990134716 0.03047466091811657 0.19689953327178955 -0.07482606172561646 0.3492075502872467 0.16398043930530548 -0.016403678804636 0.05242418870329857 0.12946529686450958 -0.08686991780996323 0.23221632838249207 0.24068066477775574 0.08628784120082855 -0.10343291610479355 -0.011994019150733948 0.3844999074935913 -0.1912570297718048 0.034116167575120926 -0.06002853065729141 -0.016822373494505882 0.03339318186044693 -0.15590426325798035 0.1375855952501297 -0.10130241513252258 0.055502310395240784 0.006698538549244404 0.10740749537944794
0.3238825798034668 -0.11973831802606583 0.03002219833433628 -0.16233013570308685 0.2874067723751068 0.12493307888507843 0.18746376037597656 0.06197939068078995 -0.026400592178106308 0.0736539363861084 0.10182449221611023 -0.04747304692864418 -0.1525268703699112 0.10640411078929901 -0.24991467595100403 0.24200913310050964 -0.07523900270462036 0.2484533190727234 -0.077384814620018 0.2009253203868866 0.017926495522260666 -0.09856303036212921 0.10674075037240982 0.132496640086174 0.08719907701015472 0.04815678671002388 -0.23034077882766724 -0.1489497572183609 0.14160282909870148 -0.0034191880840808153 0.0010884713847190142 0.029624953866004944 -0.06722688674926758 -0.07963574677705765 0.10834504663944244 0.06687542796134949 -0.09222166240215302 -0.07620447129011154 -0.024650676175951958 0.14745643734931946 -0.06826349347829819 0.024471819400787354 0.23085419833660126 0.07302083820104599 0.006218964699655771 0.2731950581073761 0.11737959086894989 -0.23053815960884094 -0.05096180737018585 0.10630505532026291
-0.0038245366886258125 0.11430797725915909 0.12623047828674316 -0.017672797664999962 0.008614967577159405 -0.2316524237394333 -0.031463366001844406 0.25071245431900024 -0.19327561557292938 -0.023979350924491882 0.04005948826670647 0.05397780239582062 -0.07475671172142029 0.03968461975455284 0.09823921322822571 0.1204766258597374 -0.15998438000679016 -0.03403909504413605 0.2577476501464844 -0.017696741968393326 0.04864058643579483 0.13776952028274536 -0.18949149549007416 0.13131004571914673 -0.08140755444765091 0.021919790655374527 0.136542409658432 0.007235376629978418 0.22525125741958618 0.03343828767538071 -0.06393060088157654 -0.21516850590705872 -0.2757306396961212 0.1479368656873703 0.03521637246012688 0.27564603090286255 0.061857257038354874 -0.006023644004017115 -0.15521961450576782 0.1066778227686882 -0.09591202437877655 0.16919681429862976 -0.007036450784653425 0.013950157910585403 -0.06648945063352585 0.060954030603170395 0.15403175354003906 0.25915035605430603 -0.36229178309440613 0.021291682496666908
-0.11626273393630981 -0.013816445134580135 0.17357982695102692 0.26674479246139526 0.12346316128969193 -0.0870497077703476 0.13048644363880157 -0.10322746634483337 0.1793062835931778 -0.24144960939884186 0.07629149407148361 -0.028540829196572304 -0.03201016038656235 0.1369551420211792 -0.07202935218811035 0.2647536098957062 0.17241869866847992 0.04375143721699715 0.24760407209396362 0.02785247005522251 0.004656755831092596 0.09153053164482117 -0.043547675013542175 -0.20339787006378174 -0.019766919314861298 -0.18937361240386963 0.05263568460941315 -0.165360689163208 0.034096609801054 -0.08660716563463211 -0.24642227590084076 0.06846876442432404 -0.11894560605287552 -0.08496411889791489 -0.15045525133609772 0.08059031516313553 -0.011864051222801208 0.1728663295507431 0.028781501576304436 -0.10107878595590591 -0.09079647064208984 -0.1502092331647873 0.13319945335388184 -0.027324145659804344 0.2583969235420227 -0.18653209507465363 -0.13947224617004395 -0.07025937736034393 -0.025678573176264763 0.2984095811843872
-0.09680894762277603 -0.09073508530855179 0.15792417526245117 -0.12074410170316696 -0.27448344230651855 0.04332797974348068 0.05023646727204323 0.2606569528579712 -0.011399258859455585 -0.08170053362846375 0.02565550059080124 -0.35336101055145264 0.046274252235889435 0.011095067486166954 0.19367234408855438 0.03938576579093933 0.036223165690898895 -0.061622221022844315 0.053721338510513306 0.1955638974905014 0.06508441269397736 0.029138311743736267 0.1587144285440445 -0.04846319183707237 -0.003943827468901873 -0.24590887129306793 0.005557934753596783 -0.3445606529712677 -0.07351589947938919 0.028763575479388237 0.01480308547616005 0.03741397708654404 0.16956515610218048 0.33758553862571716 0.09720402210950851 0.010172653943300247 -0.14806872606277466 0.036222055554389954 0.26288118958473206 0.18486285209655762 -0.08776719868183136 0.05654767528176308 0.09297024458646774 -0.05652371048927307 -0.2126832753419876 -0.05230308324098587 -0.02365998923778534 -0.06236100569367409 0.005867856554687023 -0.0400901734828949
0.13362275063991547 -0.06572507321834564 0.14089365303516388 0.08582337945699692 0.09783244132995605 -0.002856125822290778 -0.12594980001449585 -0.013383151032030582 -0.07050114870071411 0.0007553854375146329 0.23212283849716187 0.12213704735040665 0.07339653372764587 0.22878682613372803 0.18706180155277252 -0.03332480415701866 0.25297510623931885 0.05797888711094856 -0.04894865304231644 0.2470613718032837 -0.13426025211811066 -0.13401855528354645 0.2389357089996338 0.19156353175640106 -0.06287303566932678 -0.04383992776274681 0.1700020134449005 -0.02512185648083687 0.09749220311641693 0.20886677503585815 0.10898394137620926 0.002876241924241185 -0.15189529955387115 -0.09346801787614822 -0.059101976454257965 -0.1158996969461441 0.2895321846008301 -0.05244600400328636 0.11557886004447937 -0.15125314891338348 0.1510469615459442 -0.05016146972775459 0.01612713374197483 0.011007538065314293 -0.16517102718353271 -0.19626401364803314 -0.14046144485473633 -0.1049114465713501 -0.2664719223976135 -0.17773067951202393
-0.15964338183403015 -0.0944712832570076 -0.009849711321294308 -0.019394610077142715 -0.04989254102110863 0.020450765267014503 0.070421002805233 0.1773989498615265 0.1557103544473648 -0.07997339963912964 -0.0017743072239682078 -0.11199001222848892 -0.16757088899612427 0.00997687317430973 -0.23903533816337585 -0.4110378623008728 0.1167672723531723 0.19188305735588074 0.28646156191825867 0.07540903985500336 -0.00640837661921978 -0.15028777718544006 -0.05904623121023178 0.11852521449327469 0.003938837442547083 -0.15795056521892548 -0.0970996618270874 0.21403513848781586 -0.07323840260505676 0.06762833893299103 0.013307997956871986 -0.016170820221304893 -0.22251923382282257 -0.013555911369621754 0.22797898948192596 0.04203309118747711 0.07428362220525742 0.15644459426403046 0.026121987029910088 -0.20576360821723938 0.0005140943685546517 -0.062407150864601135 0.052530381828546524 0.0717301070690155 -0.09031500667333603 -0.12136048078536987 0.35768574476242065 -0.03444325178861618 0.13291937112808228 -0.03807362541556358
-0.19597843289375305 0.11214683204889297 -0.048123445361852646 -0.060215871781110764 -0.15128657221794128 0.04877056926488876 -0.10734783113002777 -0.253202348947525 0.09770939499139786 -0.21012628078460693 -0.18425165116786957 0.0666251853108406 -0.1177755817770958 0.15608136355876923 0.2225092649459839 0.04676847159862518 -0.17271211743354797 0.13946254551410675 -0.226933091878891 0.035729847848415375 -0.05795757845044136 0.1390819549560547 0.19106198847293854 -0.06077629700303078 -0.15473249554634094 -0.14981183409690857 -0.11272509396076202 0.049345798790454865 -0.1883145123720169 -0.050373222678899765 0.13511550426483154 -0.1354425698518753 -0.3261319696903229 -0.22678758203983307 0.044819317758083344 -0.15326540172100067 0.017843399196863174 0.05015638470649719 -0.04069437459111214 0.2701265215873718 -0.0810253694653511 0.08707320690155029 0.21054959297180176 0.010322879068553448 -0.06734002381563187 -0.006581046152859926 0.1475898027420044 0.0037532050628215075 -0.08392752707004547 0.0794673040509224
-0.002309755189344287 -0.003933230880647898 0.08231869339942932 0.17074033617973328 -0.16433028876781464 0.10625707358121872 0.061492305248975754 -0.053777001798152924 0.11734984070062637 0.2387058436870575 0.02778608351945877 -0.04737874120473862 0.07497468590736389 0.0063153598457574844 0.20944471657276154 0.09507938474416733 0.09408698230981827 0.15292876958847046 -0.03936701640486717 -0.1485634744167328 0.03482463210821152 -0.06926365196704865 0.046176727861166 0.16101159155368805 0.029615985229611397 0.05667417496442795 -0.12494254112243652 0.1170252189040184 -0.11503555625677109 -0.03484790772199631 -0.15222342312335968 0.0027389568276703358 0.03284133970737457 0.25016701221466064 -0.0009939656592905521 0.08506190031766891 0.4867877960205078 -0.1813090741634369 0.16738466918468475 0.15165294706821442 -0.07472299784421921 0.09297265857458115 -0.10067306458950043 -0.013053125701844692 0.3240694999694824 0.022623909637331963 0.25986218452453613 -0.10199098289012909 -0.008798375725746155 0.16116000711917877
-0.07950462400913239 0.07311533391475677 0.011379887349903584 -0.10333926230669022 0.08575159311294556 0.21233157813549042 -0.05004715174436569 -0.013001589104533195 0.24900561571121216 -0.10179013758897781 0.1205485463142395 0.18001297116279602 0.052427422255277634 -0.42666834592819214 -0.049158696085214615 -0.10329185426235199 0.14309945702552795 -0.19318190217018127 -0.013473578728735447 0.15533077716827393 0.22574511170387268 -0.0070043401792645454 0.030314315110445023 -0.06850194931030273 -0.1496998518705368 0.12991215288639069 0.1759730875492096 -0.009762948378920555 0.1295240819454193 0.05852879211306572 0.2735998332500458 0.05143023654818535 0.01543199922889471 -0.12346793711185455 0.036249931901693344 0.2216062843799591 0.01489111129194498 -0.20192235708236694 0.13403558731079102 0.10368622839450836 -0.14542357623577118 -0.0035658893175423145 0.05359547957777977 -0.11558794230222702 -0.03865958750247955 -0.08163341134786606 0.12400908768177032 -0.043378107249736786 -0.10425218194723129 0.2985851764678955
0.15597741305828094 0.1014617532491684 -0.07988101989030838 0.11697493493556976 -0.2091875672340393 0.035935547202825546 0.18551190197467804 0.03602345660328865 0.0023397488985210657 -0.1411789357662201 0.2133941799402237 0.347887247800827 -0.043813083320856094 -0.13868513703346252 -0.21001942455768585 0.11733468621969223 -0.1349106878042221 -0.10341966897249222 -0.21895578503608704 0.11475102603435516 -0.054271310567855835 0.21680848300457 0.0420670248568058 -0.07087186723947525 0.24120227992534637 -0.168563112616539 -0.1091810017824173 -0.11900247633457184 -0.11912308633327484 0.1577838510274887 0.08628812432289124 0.19611863791942596 -0.06018323823809624 0.1738860160112381 -0.05342146381735802 0.08339396119117737 0.16354280710220337 0.19449685513973236 -0.011165052652359009 0.008398297242820263 0.041235167533159256 -0.13170407712459564 -0.14008449018001556 0.19688192009925842 -0.02811681479215622 -0.07653745263814926 0.17184233665466309 0.1479669213294983 -0.016523517668247223 -0.10191979259252548
0.043128736317157745 0.078125961124897 0.11966712772846222 0.12865400314331055 -0.04716284200549126 -0.2528122365474701 -0.009538967162370682 0.19813166558742523 -0.011436942964792252 0.13379785418510437 0.14863164722919464 -0.056363243609666824 -0.045104388147592545 -0.031828373670578 0.13428573310375214 0.06951695680618286 0.07644905894994736 -0.01830601505935192 -0.20608101785182953 0.023087652400135994 -0.06831730157136917 -0.1943405121564865 0.14772747457027435 -0.028505750000476837 0.025587931275367737 0.052319783717393875 0.09159306436777115 0.2218005210161209 -0.1576465368270874 0.14076894521713257 0.06451325863599777 -0.1391577124595642 0.15246476233005524 -0.1427195519208908 -0.026890428736805916 0.2188592404127121 -0.12728089094161987 0.21336592733860016 -0.15611344575881958 0.13102559745311737 -0.12943655252456665 -0.4009760320186615 0.22081631422042847 -0.26213720440864563 0.10471470654010773 0.06559767574071884 0.13525021076202393 0.07048538327217102 0.09921599179506302 -0.064451664686203
-0.2264872044324875 0.06523500382900238 0.15878376364707947 -0.2346937656402588 0.22467808425426483 -0.14268840849399567 0.055756110697984695 -0.010612529702484608 0.002470046980306506 -0.05473945662379265 0.216518372297287 0.09432556480169296 -0.18704798817634583 -0.13278469443321228 0.052310362458229065 -0.1388503611087799 -0.1835649311542511 -0.04455793276429176 -0.0011026120046153665 -0.09281761199235916 -0.04221678897738457 -0.2561861574649811 0.16437603533267975 -0.15220172703266144 0.1041540578007698 -0.013023672625422478 -0.16365237534046173 -0.09318917989730835 0.020450303331017494 0.33370402455329895 -0.22544623911380768 -0.12362951040267944 -0.12130870670080185 0.12256062775850296 -0.008693352341651917 -0.1588907390832901 0.07694448530673981 -0.07933925837278366 -0.14678634703159332 0.17056603729724884 -0.024278512224555016 0.02253897860646248 -0.2613489627838135 -0.10252511501312256 0.0034126045648008585 -0.07830500602722168 -0.15955275297164917 -0.10178668051958084 0.138396218419075 0.10710612684488297
-0.19019119441509247 0.2927667200565338 0.13935407996177673 -0.17316655814647675 -0.0722387358546257 -0.16682298481464386 0.1825680285692215 -0.10834040492773056 -0.029853403568267822 0.12572935223579407 -0.00419215764850378 -0.08126917481422424 0.24966798722743988 -0.1633380949497223 -0.11819329112768173 0.030118372291326523 0.02859448827803135 0.27655428647994995 -0.06369035691022873 0.16774940490722656 0.16450826823711395 0.13081791996955872 0.0134056955575943 0.3677068054676056 0.05916030332446098 0.011623509228229523 0.0008646001224406064 0.06821299344301224 0.0363338440656662 0.046797361224889755 -0.0224975124001503 0.06555822491645813 -0.16459035873413086 -0.11732755601406097 0.08893101662397385 -0.039562150835990906 -0.21350395679473877 -0.0028823784086853266 0.19712990522384644 0.09784931689500809 0.010367163456976414 -0.10738079249858856 -0.11950050294399261 0.07075980305671692 0.23648430407047272 -0.11809121817350388 -0.20835240185260773 0.11646845191717148 -0.003762866137549281 -0.12479756772518158
-0.03095982037484646 -0.02534153312444687 -0.02807854861021042 0.03837663680315018 -0.159248486161232 0.08025630563497543 0.14773061871528625 -0.006837339606136084 -0.18793268501758575 0.04603588953614235 -0.17756012082099915 -0.031177198514342308 0.04814402386546135 -0.09694208949804306 -0.10989948362112045 -0.11027529835700989 0.1948922872543335 0.03211791813373566 -0.023908449336886406 -0.14287590980529785 -0.056315068155527115 -0.42979535460472107 0.07774058729410172 -0.14441223442554474 0.286602646112442 0.05237264558672905 0.25770172476768494 -0.052600741386413574 -0.1666077822446823 -0.10724339634180069 -0.0135014858096838 0.2327858954668045 -0.29418209195137024 0.06389123946428299 -0.02289099059998989 -0.010824316181242466 -0.07435882091522217 -0.03273877874016762 -0.12995265424251556 0.1757689267396927 0.06445487588644028 -0.005907554179430008 0.10039227455854416 0.08824596554040909 -0.03538660705089569 0.06792523711919785 -0.10090653598308563 0.09693542867898941 -0.3141522705554962 0.14915502071380615
-0.19697551429271698 -0.16721151769161224 -0.04955483227968216 0.20407260954380035 0.06091888248920441 0.24363946914672852 0.004965629428625107 0.215920552611351 -0.10988548398017883 -0.23093441128730774 -0.047042012214660645 0.13640831410884857 0.10460466891527176 -0.03626124933362007 0.045267023146152496 0.13354666531085968 -0.07913226634263992 -0.1597348302602768 0.004501276183873415 0.10427412390708923 0.4332147538661957 -0.037249233573675156 -0.014848017133772373 0.12159442901611328 0.0862119123339653 -0.10675923526287079 0.07250262796878815 0.16797520220279694 -0.1983100175857544 0.15846556425094604 -0.2714822292327881 -0.12112529575824738 0.06743259727954865 -0.17345261573791504 0.20363537967205048 -0.10225231200456619 0.048784855753183365 -0.004632225725799799 -0.03618469834327698 0.02847263216972351 0.10065283626317978 -0.018798574805259705 0.01923239417374134 0.06660188734531403 0.06662564724683762 0.2484537810087204 -0.10501039028167725 -0.0987672433257103 -0.07590046525001526 -0.10061633586883545
-0.022153614088892937 -0.041215091943740845 0.1850164234638214 0.17961525917053223 -0.04683643579483032 0.07379849255084991 0.15251778066158295 -0.08538377285003662 -0.12020495533943176 0.25829020142555237 0.05617500841617584 -0.03806634992361069 -0.19104748964309692 -0.20131804049015045 0.1776648759841919 0.16150739789009094 0.09102537482976913 0.03764359652996063 0.0022184632252901793 -0.00733602698892355 -0.057189829647541046 -0.07182430475950241 -0.32104697823524475 -0.1559709757566452 -0.041042666882276535 -0.048192813992500305 -0.0035799399483948946 -0.15520991384983063 -0.04155511036515236 0.2310824990272522 0.2499670535326004 -0.17727941274642944 -0.09564520418643951 -0.17675849795341492 0.21559838950634003 -0.035580795258283615 0.061953939497470856 -0.0145645746961236 0.11273260414600372 -0.09563233703374863 0.09257742017507553 0.13597679138183594 0.11808618903160095 0.23113630712032318 -0.03748065605759621 0.0838802233338356 -0.13026222586631775 0.1985975205898285 0.2683696150779724 0.06781328469514847
-0.1912325769662857 0.010240533389151096 -0.1442723423242569 -0.06262200325727463 0.0383191742002964 -0.02577885426580906 0.11365201324224472 -0.0335380844771862 0.012098577804863453 0.027578074485063553 -0.18246322870254517 -0.053277209401130676 -0.1380033642053604 -0.1975807249546051 0.14771956205368042 0.11655792593955994 0.08919940143823624 0.09863856434822083 0.045102186501026154 -0.14210014045238495 0.1736423671245575 0.08856634795665741 0.0984501764178276 0.03426218777894974 -0.00958222895860672 0.12255274504423141 -0.08418115228414536 -0.262024462223053 0.10401459783315659 -0.02244570665061474 -0.15978534519672394 0.03887227922677994 -0.12600593268871307 -0.08507353067398071 -0.2581441104412079 0.20379216969013214 0.17316776514053345 -0.06887804716825485 0.03804803639650345 -0.0532868467271328 0.3615497052669525 -0.31169915199279785 0.08704438805580139 -0.1046387106180191 -0.2851564586162567 0.09889444708824158 0.126581072807312 -0.015181424096226692 0.08279557526111603 -0.20733077824115753
-0.24634701013565063 -0.17026779055595398 0.0010371892713010311 0.013508523814380169 0.05738819018006325 -0.10372262448072433 -0.000393588823499158 0.18733900785446167 0.019275527447462082 0.22207140922546387 0.15153375267982483 0.1786947250366211 0.32284805178642273 0.06080395728349686 0.18014973402023315 -0.2216373234987259 -0.0724046528339386 -0.10220613330602646 -0.18530255556106567 0.033605653792619705 -0.08349534124135971 0.06667642295360565 -0.2941272556781769 -0.18549638986587524 0.07443984597921371 -0.09753032773733139 -0.19784405827522278 0.0023423098027706146 0.21955817937850952 -0.07863409072160721 -0.03298572450876236 0.2647288143634796 -0.20859235525131226 -0.04943004250526428 -0.03486042842268944 0.04656049981713295 -0.05396126210689545 0.0199770275503397 0.05364873260259628 0.08099387586116791 0.06977566331624985 0.0693279355764389 0.253843754529953 -0.040827132761478424 0.0993933454155922 0.06376510113477707 0.04285888746380806 -0.19868744909763336 0.0009698939393274486 -0.10260649025440216
0.14724773168563843 -0.29766717553138733 -0.13452200591564178 -0.09971226751804352 -0.1553414911031723 -0.1974138766527176 0.018598182126879692 0.1333945393562317 -0.13697083294391632 0.1285661906003952 0.058281224220991135 0.09297619014978409 -0.3745426833629608 0.057941608130931854 0.17816004157066345 -0.13719558715820312 -0.062038321048021317 0.031216459348797798 0.09157729893922806 -0.05964349955320358 0.29662278294563293 0.18276426196098328 0.27066120505332947 -0.022364264354109764 0.024140555411577225 -0.03408828750252724 0.11180093884468079 -0.05261532589793205 0.0017743570497259498 -0.07122103124856949 0.12022265046834946 0.24947521090507507 -0.040771059691905975 -0.21640759706497192 0.10528916865587234 0.02827463112771511 -0.013482652604579926 0.010563846677541733 0.021448170766234398 -0.023915506899356842 0.08960636705160141 0.08993850648403168 -0.11285336315631866 -0.0929122194647789 0.31024596095085144 -0.09238547831773758 -0.08193230628967285 0.024489590898156166 0.047763124108314514 0.12095566093921661
-0.21550999581813812 -0.05022994428873062 0.013890007510781288 -0.0234712865203619 -0.02644437551498413 -0.027747582644224167 -0.062157899141311646 0.17622756958007812 -0.01741226390004158 0.12131138890981674 -0.13988305628299713 0.15269450843334198 0.027148615568876266 0.1343011111021042 -0.1733212023973465 0.047691717743873596 0.0019733509980142117 0.18371140956878662 -0.15939605236053467 0.05993270501494408 -0.1589721441268921 0.1982048600912094 -0.07637245208024979 0.008544218726456165 -0.07358544319868088 0.047277674078941345 0.07387509196996689 -0.20959393680095673 -0.41208913922309875 0.10840847343206406 0.09230265021324158 -0.06581602990627289 -0.06711865216493607 0.1056513860821724 0.12112696468830109 0.25437304377555847 -0.05144064128398895 -0.3001212775707245 -0.16311129927635193 -0.27823859453201294 -0.005008744541555643 -0.05577075108885765 -0.11736134439706802 -0.18316349387168884 0.00040999395423568785 0.007538790814578533 -0.1190849244594574 -0.21677707135677338 -0.037365663796663284 0.12395122647285461
0.16026587784290314 -0.22355248034000397 0.25472110509872437 0.08365391939878464 0.0623052604496479 -0.04897249862551689 -0.09700453281402588 -0.005481654312461615 -0.14573615789413452 -0.00048306785174645483 -0.2811586856842041 -0.09922211617231369 0.012184116058051586 -0.19681476056575775 -0.13001367449760437 -0.11377517133951187 -0.1332164704799652 0.04611893743276596 0.0227374117821455 0.13525405526161194 0.03685193508863449 0.024352677166461945 -0.07702476531267166 -0.047641102224588394 -0.19633497297763824 -0.14938510954380035 -0.29592278599739075 0.15601448714733124 -0.1182902529835701 0.2145102471113205 0.09978733211755753 0.11644294857978821 -0.04112671688199043 0.028892775997519493 -0.35500141978263855 -0.07899532467126846 0.04260971024632454 0.04546521604061127 0.1760847121477127 0.0019241031259298325 0.0776732936501503 -0.0714850053191185 -0.07281262427568436 -0.23719583451747894 0.028008343651890755 0.15797901153564453 -0.052207350730895996 0.14116859436035156 -0.20059360563755035 0.14734257757663727
0.07753119617700577 -0.25055402517318726 -6.481272430391982e-05 0.14725467562675476 -0.18241983652114868 -0.1582634598016739 -0.34408608078956604 -0.2802569270133972 0.12816128134727478 0.01913553476333618 0.1181676834821701 -0.05305559188127518 -0.19445839524269104 -0.18686150014400482 -0.11143830418586731 0.06273861974477768 0.18063059449195862 0.05065285041928291 -0.0692255049943924 0.060637183487415314 0.042441096156835556 -0.031948935240507126 -0.2355698049068451 -0.06541860848665237 -0.08056686073541641 -0.061756595969200134 -0.041717588901519775 -0.11771896481513977 0.06328581273555756 -0.01720184087753296 -0.1709037572145462 -0.016471881419420242 -0.03309964761137962 0.024606917053461075 0.2361164093017578 -0.0595737099647522 -0.17094720900058746 -0.14069779217243195 -0.1222185268998146 0.21733249723911285 0.03487654775381088 -0.13110484182834625 -0.1804531365633011 -0.029249176383018494 0.04259413480758667 -0.03425363078713417 0.10654748231172562 -0.11180377751588821 -0.20783807337284088 -0.26761335134506226
0.1280655562877655 0.2408870905637741 -0.11454480141401291 -0.15885218977928162 0.02140941470861435 -0.18023823201656342 -0.0025711103808134794 0.2643764615058899 0.28412938117980957 0.19000373780727386 -0.29687145352363586 0.23804834485054016 -0.12838076055049896 -0.1588357388973236 0.15690159797668457 0.14788863062858582 0.2150445133447647 -0.07654599100351334 -0.0004898137412965298 0.2750208377838135 -0.03633876144886017 -0.11756408214569092 -0.09649572521448135 0.05600195378065109 -0.06397359818220139 -0.22195789217948914 -0.03423665836453438 0.027541136369109154 0.008181096985936165 -0.20448750257492065 -0.06192499026656151 0.0018891349900513887 0.01034458912909031 0.09684179723262787 0.06530891358852386 -0.2627124488353729 0.07991375774145126 0.14165426790714264 -0.10593023896217346 -0.04566838964819908 0.09251468628644943 -0.014456388540565968 -0.060531310737133026 -0.006801246199756861 -0.015245890244841576 0.0928281843662262 -0.09354104846715927 -0.06626689434051514 -0.024314895272254944 0.14358319342136383
-0.05659981817007065 -0.10401704907417297 -0.06910521537065506 -0.22600430250167847 0.27890145778656006 0.030532702803611755 0.1459268480539322 0.13321197032928467 0.08371198922395706 0.004561930894851685 -0.06273434311151505 0.0501643531024456 -0.14009636640548706 -0.016875196248292923 0.12453807145357132 0.13854725658893585 0.03604229912161827 0.1858217716217041 -0.02787499688565731 -0.13686229288578033 -0.07564057409763336 0.10475853085517883 -0.12513324618339539 -0.16272029280662537 -0.006211025640368462 -0.0068291169591248035 0.10004711896181107 0.16041919589042664 -0.13211044669151306 0.21354061365127563 -0.08176583796739578 0.1508493274450302 0.24025337398052216 0.06237228214740753 -0.015933550894260406 -0.21751177310943604 -0.09816275537014008 -0.2295634150505066 0.09415099769830704 -0.005382481962442398 -0.04477272182703018 -0.06203421205282211 0.19817675650119781 0.127471461892128 0.08085206896066666 -0.29305630922317505 0.1752861589193344 0.21504861116409302 -0.26208147406578064 -0.1480439156293869
0.29438745975494385 0.09824644774198532 0.15627337992191315 -0.23131011426448822 -0.1559249311685562 0.18553391098976135 -0.26732489466667175 -0.002167467027902603 -0.14240022003650665 0.009685931727290154 -0.043190911412239075 0.06286032497882843 0.12433194369077682 -0.06065526604652405 -0.09215111285448074 0.17761030793190002 -0.013869590125977993 -0.05636747553944588 0.0775391012430191 -0.11355758458375931 0.11183430999517441 0.04011208936572075 -0.013632863759994507 -0.08377823978662491 0.12204818427562714 -0.09740700572729111 -0.072922483086586 0.12986910343170166 0.025588417425751686 0.01086911279708147 -0.15562961995601654 0.051447562873363495 -0.22054101526737213 0.07133699208498001 0.19286437332630157 -0.029142821207642555 0.1087561696767807 -0.15413479506969452 -0.07665333151817322 -0.10463245213031769 0.020698515698313713 -0.06349765509366989 0.3385219871997833 -0.2965209484100342 -0.013097381219267845 -0.26932424306869507 -0.07954982668161392 0.06211535260081291 0.23853886127471924 -0.03777940198779106
0.17120441794395447 -0.14051754772663116 -0.28302955627441406 -0.14070473611354828 -0.06045468524098396 0.04450632259249687 0.029797740280628204 0.2885626554489136 0.13584467768669128 -0.3061811625957489 0.06536351889371872 -0.2583024203777313 0.29542893171310425 -0.09815913438796997 0.14012520015239716 0.12393128126859665 0.15215426683425903 -0.008990325964987278 0.0339774414896965 -0.055300574749708176 -0.24087196588516235 -0.012284846045076847 0.058886680752038956 -0.12152528017759323 -0.10410390049219131 0.08895868808031082 -0.20466162264347076 -0.021679513156414032 0.010666065849363804 0.07768013328313828 0.07733400166034698 -0.09418101608753204 -0.26057252287864685 -0.143179789185524 0.05197633430361748 0.030730243772268295 0.019578127190470695 -0.10112951695919037 -0.0649774968624115 -0.022927872836589813 0.013206705451011658 -0.07003175467252731 -0.22073669731616974 0.053684499114751816 0.23900626599788666 0.08451823145151138 -0.07907949388027191 0.15361963212490082 0.018094636499881744 -0.04068610817193985
0.13226480782032013 0.00022359495051205158 -0.2384706437587738 0.03795376792550087 -0.0991668626666069 0.04052644968032837 -0.17941957712173462 -0.04956262558698654 0.17083404958248138 0.07123005390167236 -0.003026676829904318 0.06935861706733704 0.0941440686583519 0.09135620296001434 0.10789258033037186 -0.2745848298072815 -0.1421966552734375 0.3345670700073242 -0.0943281427025795 0.24752177298069 0.21428515017032623 -0.06367489695549011 -0.012820972129702568 -0.17926064133644104 -0.014812001958489418 0.2257467806339264 0.008970355615019798 -0.15369927883148193 0.0741431936621666 0.1866483986377716 -0.28044185042381287 -0.1390552967786789 0.02997681498527527 0.17015580832958221 0.007084951736032963 0.07198355346918106 -0.011140522547066212 0.12080641090869904 0.03401247784495354 -0.10849364101886749 -0.034555815160274506 -0.08855199068784714 0.16398459672927856 0.12565672397613525 0.013513823039829731 0.0269484706223011 -0.14315414428710938 0.2682541608810425 -0.015225215815007687 0.17004068195819855
