56.97229494179484 -93.79443377244006 -75.51096683885436 30.952940788171304 -6.940639915581997 95.92814955536363 18.640803857325878 15.691555888821867 69.8018305499449 -66.3120683262844 29.223627691439248 -59.38065720543293 67.84154888251749 -65.96118404973225 72.15216392329717 -63.68904662548125 -89.91908302351912 -71.67784884049328 -6.792138141740352 20.572480448830177 29.928380450299187 -48.24762245716312 -45.05125520776059 -75.48584226587913 -66.09693100497364 -28.598426379525407 -34.73147511173782 -7.16591201175973 24.319468915756673 26.858955261486855 25.13338078127603 -89.77826880427307 15.640144009576602 -67.47484158840388 98.63703355189327 92.84668467280574 -90.00512584130318 -87.93938229215708 49.13907464274732 -25.482222609190913 -28.693608837746808 -10.008396206889401 -24.547389595712104 9.842704107281946 -63.160262648656754 -39.415183744298 40.64672583560457 -53.253257945890084 -57.37261720561373 -68.48933115457197 -65.47894290626843 50.60027797383273 -12.583952377724444 -77.60879769007478 -69.31266676201808 -44.26619227169877 80.4684080819959 65.20333408568851 56.505759455353996 -88.72947562103732 -37.92712331555088 78.18230782258598 -85.16862532257967 -4.2948689307885815 -67.9061856585238 -62.095324427807455 -8.731466583128693 -10.714778453046577 -13.157092538474771 1.4288527512371019 14.282186380119157 21.39487653699439 38.163068877186134 -67.65289786371922 46.25381783182462 -55.783408018802504 -37.503128004112064 -52.20758657047171 -1.6874296862963547 7.983423785135386 34.785583612834984 11.907438700829843 -77.74520745796589 -13.045603328741407 -87.01011831553598 -7.006910863560776 82.82981987199284 97.81723220463994 -9.861619584700463 -86.06407175562802 -13.646999493027991 -36.77939941502011 -19.764111861258456 -57.95264951518855 60.72576716867056 -80.40237863255813 -13.821574976286172 62.62855030942126 62.124049858116535 51.5265574184958
-20.853241158180907 28.583337578904036 40.340346206466904 -60.64257935949169 39.862903490056965 54.2211279546965 -69.1282986027999 30.655030290967773 25.79606461877475 85.25637936989804 -91.5654433334424 5.389865877275128 26.09675635094719 24.2976399989832 -13.262364154283375 -31.536962169782882 87.93403213327443 16.70525380088401 53.36591924157179 91.58190251116588 62.949909459698745 -54.234359852696 -70.65225602404692 81.80628171255955 44.664799263116095 76.30410816549315 -52.2272115834606 -54.06283422095222 -85.99075484636059 -69.54845826706868 17.157343780177598 47.584914456497984 -66.22165297187006 -86.60631349370456 98.93436368962335 -2.5630010221034354 32.76757410615943 69.16736926966561 15.974638416041856 -57.26774754907553 -32.08165970667373 74.6556780683828 -23.03773255367996 -40.120889794542094 -11.142754120308169 -13.197047487183184 38.46703826025677 -74.94658173399178 89.81076476617397 -88.35240048517163 80.10783281928528 4.630029563194228 77.62702070414889 66.14304098195831 -47.94362015966502 -40.019671463405814 8.077057961406979 2.5695473619091302 37.473058373862926 45.91484651008196 -16.969869513612835 44.89374081501913 54.85376671556804 64.69864760033485 -10.269556067569425 -21.249250597524778 41.37922614403922 8.819856772578035 -97.19117861086937 -32.49232969101128 64.58894382562843 18.766965147667364 -4.688322694592912 57.406266010311924 -48.517884180515566 -68.5482908897921 -18.1013424423153 -44.79113522651077 -78.21237842283979 87.61965849782231 29.069812616792206 41.68379156509883 4.501353624443951 -37.5756274548976 -52.746180712241284 26.96356431666193 -43.63406145822757 86.245494453898 -94.77692353239328 6.060823886316811 -80.65225962554919 62.91007381159858 36.91795098245595 -22.779129375669882 -50.71905459307631 -44.26763598294525 -78.6170712349562 56.00100841767588 52.31968560120714 -72.1745170154759
57.609389799031845 10.962288694800847 -95.49379124983058 -89.85184426329744 -53.11460755786099 -24.649124908379434 -79.91836545894898 -73.5348299984523 -48.05234555017752 31.166662652650444 -20.841404610837017 97.96836316367884 12.944149323040335 9.573253370531148 94.39527484021852 92.14630277925448 -56.28690459027159 -76.30632836990429 9.432687845652083 -65.69494658808978 -38.527504463924146 -16.140016137037975 25.64438461501308 70.47006687037128 0.9071732532472936 67.05057720720148 40.48877287277688 82.8303824472498 -70.15838331720848 -37.46155009914882 -49.759295622902535 -66.50999215488076 8.349540860530453 -97.79184964953664 -17.982407532990095 -16.834618043518972 -36.36371127267359 -78.69234803069453 84.09919779002539 -66.4718936558827 92.38404970524647 -89.96833170267082 -56.62172433611015 -54.52388919672144 95.9982952532572 -56.93664388846389 99.78246341971249 98.00742950945701 -71.34076795090027 79.18796642264206 -26.295813476113736 -45.99445746704849 -86.17358484773929 -94.86897377147908 -12.647551277680535 11.795214130194111 -15.957631699984503 66.94552776022869 20.489828957853845 6.2865506019730475 16.702907915297402 84.85556801780717 64.84185901021715 -42.056336346090404 -85.62108370916815 -96.29059806771087 64.45110669736272 49.87919905718877 85.16350767556625 38.13611094756993 13.571827262009577 90.76464531749394 80.68261990190518 31.69642006222068 -29.84715689191779 71.77678722751531 -38.108131779819466 -43.55147553329548 -74.31249011841858 25.421416856175497 -19.76298784249822 51.994723592605084 43.22258044193944 -51.75053581938786 38.82933552693339 50.0182451939034 74.81602460843618 46.057031468270054 -4.204646783938344 -52.267178318820704 5.565159120072622 -98.68195482010825 97.24626865793968 -12.754475762294533 73.7508483939148 66.53267422840202 0.6117810438430524 -29.667934990422665 32.70503527672528 -32.23749535424241
82.95906334864941 35.83137308238176 -48.35239008846328 29.619733772998103 50.41874426373488 -50.14811744344891 -54.72190798948582 41.06440523917851 -42.96062401541629 -29.75535551515543 -42.61215596322483 66.41379336439488 -69.75985915233119 -9.766131724578344 -97.37323816587484 28.603010016198226 -19.28911138209766 -96.34993054368574 18.762132475126947 -82.3220723551981 -28.221095489642465 49.7632042389794 13.528228070804587 -77.31137644746985 -46.35689778200667 74.73019336667963 -62.03237902396168 29.574964657006944 73.66500262945607 83.27787043059456 -1.1760399041440337 26.119861349293473 -94.83643298865867 -84.05860563432074 8.729936261535514 36.55045386929547 -85.78988860760984 -85.66677804235547 -39.3266407052614 94.02926144412774 -95.85407495554949 -56.54043914840627 55.264989286465095 -73.45235230915912 0.350947864263901 16.279493650293702 7.638610303296673 -38.01694513105074 21.568862721786303 -53.396088325170645 20.096509502929223 -5.544555646151565 -59.697917173625 72.03591934799576 27.47842341574807 18.40323663227828 -82.4593719175746 -60.07208342967396 -73.53753692543236 63.51410693780869 21.25036279081391 -5.623905747700576 -51.27812554924414 47.19008034532479 50.076430098730896 1.0472814061823925 83.67980747867895 60.630653018157204 -85.61626964708185 -1.1113987541840942 -41.69261345543023 63.81777955788809 -90.1819164681123 93.43126568415795 -86.12459899095947 -17.87700090046644 14.426221290417729 94.85211464580416 79.68600616191608 87.2733638515653 59.0735372433673 94.12867822465094 90.89136161567168 -44.76811771079212 49.58586642589856 96.16672196108757 -57.83451757670559 13.736000632705284 -21.701672168772475 3.7402522420117776 4.736958687112434 86.51915803937618 10.29830247891175 -15.152694037373138 70.10133188459986 29.729844549169172 58.32407819526844 -26.017508339470055 28.353629541972595 -15.945946760377836
-12.504984292029576 -11.295007359522032 71.80949858570546 58.952214493818104 -88.80873740967931 -73.51367724055883 77.38094502699053 -82.38151132328326 0.18907184716910308 31.049746131069668 60.48734783888159 57.25371448243675 -15.669658990195032 72.68761562884634 32.52447962166224 -37.640430357082465 45.93372683715276 13.732156632834915 -17.6118296863405 -18.14356249569306 29.844728307974634 92.82756390198227 -71.1001629617991 63.24435883546559 -41.97871801344688 -48.11718972460475 71.43381574192398 51.69716911105212 -52.02346711401222 73.94833695250017 -73.85609853389428 3.592093267430954 91.25262831988636 -1.8298490959563622 82.47456940699186 -43.318958935307684 -73.84210500610837 8.076980669648279 10.002308987285758 4.5289657292755265 -62.53939712008945 77.66482112619721 10.42674063785691 82.64258644392439 77.64836130743444 -24.245931346566493 -98.4097186517678 25.85993528077195 74.3048404297547 -47.28284604889754 45.004571746264475 -68.13423378523824 37.67806020585559 41.22110028835968 -46.2393183041901 77.09039335046097 -32.16329922493435 79.57178898813888 13.140380903111321 -51.71152639385872 -5.862141454914834 34.87134705999753 -37.88421393647625 14.115939598111837 89.6969261041381 -57.41310805909479 -80.21654739909552 27.308759376737285 -13.086144458994823 1.5315624584883807 -62.67550704626193 -33.933689410156646 73.87099741848269 5.770026973930825 61.73978407678774 -0.3073164219986353 61.03696814369499 79.34395289272189 -85.4447087095814 -67.53707199587538 -82.2902822700549 -93.03294038867574 -44.27296498803215 -54.519233444942586 28.82233062763433 47.287144283087656 38.189940009298226 -11.733473260587374 36.57122694479864 15.58583414878936 -92.86603621289898 91.68347454939914 14.113742289307709 -20.55813689796156 -54.525344483766716 1.446770698009047 19.109786886262555 84.68725986699684 -53.93276853042317 12.966627684445854
-13.907916974030925 -44.48932213615932 17.326361082290845 82.81152486042996 -43.11740201071035 -21.677798220331184 -50.77394577272369 -11.654308370687701 -70.68822351877475 65.92099004169478 -78.71211070590465 -16.032580065619626 71.44047503190686 60.13200307926638 -20.615366184770906 33.922696870561595 -81.70046317654236 -62.482857065733114 57.76985177679887 55.41468327590786 -67.51600606811633 -84.47756885597697 -27.19092110354184 2.0099849031816746 -16.577635670952844 -10.146389696850733 -75.52039561790976 35.683908269103654 18.452887066609165 -2.289675443988017 -48.358711588470406 -99.13249126323636 69.93869849890544 75.45007657144785 54.8857830865887 -82.25797389895955 7.881152285292629 28.89431534569735 17.34563336917205 -27.54973027676199 76.559062314122 -34.624105054040626 -70.9547044786457 -25.50601934983598 -44.53650991114253 -92.35629497365194 56.89641425117557 -70.0387923785799 -87.80602939900126 -11.281576690121952 17.782339714535738 -32.51547364358447 -93.83495388942073 -68.1839656731606 -92.58830287665467 -50.06638191066195 30.773325586038 82.36219199787823 -63.48996690334445 27.516415923283063 -77.0991361922065 11.589287013891678 -23.473623992505168 -92.41621749517365 84.07833501472604 43.28664026525405 -83.5359387626703 84.82609456704932 -53.931707363865634 -26.666325445968482 -41.51127831290062 -92.19086087856674 -0.3143353332720551 -81.58347931234582 99.51172902135627 66.05892318666594 -46.239728532877564 -90.95262636122676 -88.93917295062045 -70.7490328088659 57.11356610223814 29.70803765374984 28.413880700834795 -59.82369546459445 -82.14283709061618 74.2492433785751 -32.22488807626074 -41.474448739385 -64.40123449600526 19.473998194527994 -52.780416425386065 -66.62055157176287 -96.64310987915903 -17.075963349640233 -91.97335134611711 37.508303618496114 54.222221891929706 7.979698511651748 -93.08019048601884 -66.66781458982598
-84.15695454517962 6.962976159601553 -46.82543283159741 -74.82301637829092 -17.303515375366544 -22.978982441290754 -43.239785492461124 -36.40640003465387 88.30731846223037 95.11624695999237 -63.91253242206994 -64.3361959389883 -49.282776297134 -76.0945220025369 80.46721093177288 -74.34513968310357 -3.5235093752351077 -23.451683743668767 23.15387978811303 50.65436562050951 3.6820580565833296 -18.258312539295545 62.05435784813014 -62.7465775530994 -41.04535896269732 -39.692063295068294 64.0281797052921 91.20809240189715 58.014181580107646 96.32515344792236 -80.80833666120986 -49.38011386001229 -26.809284044112005 98.95787100978927 -5.922868070679016 16.680113231909502 40.83134157342553 -88.28084633170229 92.21089010155379 64.28206427350332 77.17705607557832 -20.583639791462232 72.7251928529551 -76.39681587859675 -7.8521796907245545 -9.56255195724431 5.857068656717601 37.36682892531823 59.08221835941916 0.36323280258582713 -73.10286461454498 -71.92316274605196 91.86874824621177 37.09122225467513 24.407700580784137 46.99475889682583 -38.80319381240971 66.54253521423087 -98.9800812159781 -15.359417437563906 12.143976955318237 -60.781091657836605 21.59319564381981 28.904565547767817 -10.95174996224857 70.95582721818815 -4.996005338768541 43.875130968721805 23.046773957090565 -12.778943141977166 -18.176010518368855 -74.14721818964749 -75.20714152692942 -39.32146310511053 88.18100167760184 26.648709008712274 49.90733362563634 36.15077675143155 65.1346665987289 87.72412268400814 -57.78096009116456 -24.361764281018523 64.00832975274875 -18.12746902029832 -41.02063539420928 -12.052548677331586 41.23205597435265 -96.33050624548054 42.88189477068772 2.9612289079685468 -88.69594181873815 11.653508033568997 21.556837480911526 -21.773361598321372 15.716531365792079 1.745905786271635 0.6181525720038366 74.27387123909295 87.72068723779148 47.96440986117892
-35.58382530065067 -28.169232568658444 -92.58703859233502 11.887308361950318 81.51344721394477 -71.15329835176378 -14.693454420858103 -31.987223449031646 -98.80126684392563 85.02185631376906 52.13918936197345 -94.6415856283338 64.9098955960221 -39.05716713378915 -94.55964832309147 60.05096964949439 78.8106093821799 -70.4114571639576 27.13358839700315 -31.32145454121465 -15.466878593232664 -95.50454236789263 30.846707335703172 -97.16955615574925 -69.52897136515006 -55.91660916358408 -87.39113329759971 26.94568520711438 -84.81544010859815 57.26732148395567 -51.35485229646686 -73.31046333770499 -83.79762460292746 21.29350602910766 -47.117244355254286 92.72635026204026 -71.16883748681107 30.829512153920945 99.60841106759031 -98.1485161552943 76.19451727407443 -70.71462386497734 -45.19946872485268 0.3205779796022483 -75.9749804720705 97.69197212975865 -41.59098770356171 70.45476588145848 -14.167940340230814 -29.294526534722493 78.9506489420767 86.07355454062483 44.371375095698596 -13.032548223697034 -27.457009256094224 94.23423845477032 91.0322714447245 -22.914276510534833 -28.911418989571814 22.739624710694812 5.270458789094221 83.77936922410694 88.50154715405648 -58.358383516059064 -25.374031419596605 37.93093385325005 56.43687579792328 26.015309643070864 -18.162070080756436 12.153138478435267 63.83944765513124 73.49985214868553 -41.943904464578964 35.09724675137821 96.52257715100615 96.0996091379948 91.35700245926586 43.30008013435014 -96.75349423581739 -28.912050274277163 90.238826924291 -68.89059292763969 -98.50117653556754 95.14628099158259 53.34704491718381 -32.995424235307524 27.32185783889247 -81.94631499260095 5.440696622951165 56.71477807384068 -50.12726509782688 -71.34559534130038 73.58644914696254 97.1012772938486 -61.60885022420226 44.54707126103864 27.351053404196946 99.36690552446302 -55.941086327475766 -24.631271365129507
-87.2107942803458 -42.531172574573574 -91.86008764326807 55.776954991495074 84.2815892451444 -33.612141677735096 -12.8671090396614 71.13762462853671 -63.16591189348946 73.75742999202853 68.21407147224443 -17.072436702418486 -32.745095249627056 4.986606244589041 -46.68375170318202 40.57968767450873 2.056359499097198 -47.11158497318593 -62.544831869093784 -58.78828421925284 6.209479196996256 -93.87223257109487 -45.339215181944724 -44.91750151188116 24.7897113055688 91.89829168233399 90.57820582956174 -64.90571826629616 14.49315835165423 -14.44202084945536 -20.76518786070565 62.999100158327366 -86.2211144876478 70.88922199282618 -89.05628557476888 -40.940573598928594 24.36760692774665 57.270341912895134 87.72740394098116 0.37617471497144095 -13.383058494463768 64.51293468833754 -95.85097977258386 9.753715966659456 -7.410900484261319 -77.25220787944231 37.84880778149065 -8.343612212245915 -18.73684968056952 90.76205767724701 -57.08233332676416 -39.44129419100457 47.73458363649442 99.23072063728554 69.78610987215507 46.48487949058122 42.966304173467904 -17.748247715344363 -11.532893825488031 13.080882702140755 -60.87073145458872 -33.29454072225822 -51.470071872702135 0.7404002402542744 39.22763789398806 62.414304676923365 -83.8227863955872 -7.939171700531489 -85.87760354884617 -4.473683825964187 -91.69656732301661 -63.9931072837115 37.96682686969311 10.454365488738105 34.33189672286531 -11.743036263352849 39.817399055200866 -96.70148780078142 99.80718355219449 -22.247370200880127 -8.556822145603363 -97.03900739800586 -63.64996963896279 -47.91340566731639 20.74124875157088 14.882251713188708 38.78179135884034 -18.357713797735926 -96.79782951191986 49.931975022398035 92.21793396430436 -6.4254542663987735 74.16091430713729 21.925383755821798 24.582324509141017 22.168402148183503 -82.29134530018405 95.18978482156089 74.806919921737 -52.67896313437086
69.08895280143733 35.52926885316657 58.25857446207297 -81.44526019300574 88.14731346494605 -53.43094069689436 18.41186814857592 91.57357053252372 -9.873631178992397 79.80978510666552 -5.297689672041784 -22.659258582797378 -30.376309265078973 -11.378059753518514 -5.04284506675117 97.87656665157226 62.75550469589561 -96.74689548533752 -53.80634600163834 54.30041186081837 -58.264026702550176 1.113417763900685 -87.42913583788055 19.965411379178505 13.646212801576624 -2.8568972808209026 -55.375000895331496 76.45959261159888 -0.07779853884726151 -36.36875575782101 -66.68884321537726 67.97229600679341 95.30774398880132 15.771208728124805 -45.57440680895801 -11.436160345155372 35.57743324329218 -77.31176492861744 -2.9350411735478588 -75.10817100459381 86.45799577031664 35.29109767974316 -41.23611131189069 -76.407106747745 -75.82777304183048 -77.12051938174332 -81.49656651387387 -33.56339106767692 -6.156434089244172 -83.65179052087367 -76.56427470830621 -86.39412631046024 44.01873095623995 -3.9929617880441413 -21.089854951155317 -19.508349584888606 83.81946183823925 -75.76688124416869 69.54034546616666 -39.44092124459559 86.54110830392474 -37.337166985111516 -31.635769979914173 -69.78814722943996 -65.3490206660768 58.27004289915749 33.461812888464124 -47.52362777117924 -72.67399462353075 14.481739301937253 46.254605819065034 -20.136345169857606 -23.813349423239487 -61.246089184943585 38.58350920454245 51.91283210650067 95.241867097734 38.56129417346702 -39.54105495205069 -14.239307820338524 -55.16495456449022 -33.691484202038 -41.93398142573166 73.79053314445537 -32.13426993935553 90.1158832905924 -69.24217791293039 48.764272467139534 49.2104791608775 8.406028956948333 47.73921909292645 89.92629835120377 73.65201774335156 80.97575123891906 50.99579612090608 99.15876560795203 3.8336781981972905 -33.9037959601729 72.60705084117342 30.54424005123792
-96.67182491297966 -66.06129337002062 75.70220225070338 65.07723620297924 -98.76132228954147 -69.08686181251393 -70.59369810611173 56.942535140653206 6.736462219778886 -73.06361799890486 -25.084199383563828 23.193122235432867 -69.70852453022431 62.338552709949596 44.71131025044863 -0.7414049977728467 -30.824976406517067 6.537728620929784 96.12333464441448 78.24980368427333 23.655928462802535 97.31142060941323 -1.9578328351301337 19.729484016915052 77.60232267562537 50.7453457444455 13.539091714397486 8.740221156336986 -98.82534737613386 25.39649435020715 -42.81761683415974 -77.0402394664838 47.26522820551128 -70.62627519582779 -60.087942546659214 -1.0771183960174682 31.252479147362067 -9.742212874118849 -65.09158811625878 -77.8666219664473 82.61455462128254 17.79604798701267 71.94457754864231 -64.05022582407334 -31.604624745307078 19.854779314180064 -54.02474057962301 -67.75267553740483 -4.156216328961833 21.325294488066532 -82.08649142562241 67.36201716932709 38.4900192320263 -11.300690487274494 73.27979029417554 -18.86436559795706 94.31396441160257 81.77974262034812 65.06455661746273 -77.8301669484468 35.995055587205655 32.94865245105177 -14.590121470234195 -5.144705202777587 -4.593268041177453 51.9749438205597 -32.90059400374339 -32.84759318450128 85.01373086161769 -39.7674390928137 46.513153430505525 2.442892071574576 -71.26335817621296 -30.203323500843624 -89.26440858556342 -84.2452922848004 -23.151342329450955 98.89574126034319 91.8270855305162 42.607905112436725 23.030825357031375 -52.37329015039829 -62.30362605626847 75.12264808959983 54.4007220084203 14.252520188149646 18.850539314225472 31.593763424223226 -61.96061002335049 98.11790525069236 30.810253272818926 91.41384129211676 67.57361286384483 61.308333865672125 -33.9253374526818 82.33042365225208 -56.865260886147425 58.229981842123294 71.50360825260691 56.35453382311508
54.12048666139532 -82.39962927786996 -84.76469391824043 -89.24596324131495 21.205186041034523 20.925620848858316 17.726417128306366 1.0400400396378728 -55.630442447759876 75.82968428550453 -35.45768779082445 64.35883661403062 -85.43794453351099 80.1268707817213 63.501870584788065 -7.150476355292952 -14.572326776381075 -45.516092067496004 87.50514803065292 -64.25609843184205 -28.957622745829426 -32.16549309828697 -93.94624969430761 -67.9346938570927 7.975511858505996 51.350726134440464 -82.4568349999378 35.09768278212266 -52.40127649245498 32.95059079294438 36.636804214056696 -40.17244048694331 -14.958043549232798 -42.84916306147457 -38.968079288183 -80.91157236233681 -4.246894861838669 -12.149949003126963 -72.15378903768209 -35.32145655822583 60.095048409829474 41.95920528961497 45.43822525767399 -98.52492642075867 91.4293414643736 -53.80812230410243 10.816379482030314 45.71182208203149 -45.633012544273186 95.74369483190048 -89.29361704593433 36.34835777266554 21.10937006802824 26.9864630855416 0.2632346883227825 19.957984273749332 91.89942880698106 38.85392990760013 22.646501891399183 -73.41805285537927 -20.93716600842346 -50.044001206540955 -24.419477951608798 -77.19008735575372 -15.400806112065851 93.73990322385248 -99.7656058247672 -11.335798335530754 44.057580459847344 -70.11296860215144 12.310564516816598 44.72365213256177 95.29594423848505 -63.017049791732575 90.94870443210849 -53.554064119516795 89.2442197264663 -26.492698736767935 -87.94691472472844 81.7753054734307 23.198399218121395 -42.279215332949164 -57.84030707817407 33.91559009162896 -14.351530832269518 80.01597609064112 50.84313954933236 3.0501253859738426 -25.806919195315373 82.11678232125013 47.20996895201617 4.54462828723014 -54.986864445963946 -1.986622081405315 37.801353592644375 71.85575817656238 -36.292560021226095 -56.02155191052589 -59.87409097368352 74.36805763010298
86.05853939467045 -95.38981311318382 -90.25463002848836 -7.432491441543448 -5.785219174124407 0.3132923160689103 31.060918019575013 37.88797491286073 32.24097690422926 -86.0269593260208 51.86243513476887 -10.641589717839395 1.8302108888875495 46.27833835244263 -59.05209968707319 -10.40491551642802 89.18241262379746 -26.00928245489777 6.191782031130472 -99.35574287864479 -47.22537217466252 3.1306464120313393 -9.749649238365919 -12.298558037942001 -65.00151739188183 -56.232875642014335 -27.26165923206345 59.511875400853626 -28.01554059611442 25.63118705824634 -17.716378926349947 -54.01202709809638 37.27145321061576 33.32259721829399 -90.64931711886322 -63.31978021656126 47.95608250744084 89.98829843517908 20.311332906930815 -18.32529265706944 10.414431048252652 -45.493636412090346 -87.33748618932884 -75.87284747414076 96.09621376743794 -48.5666295647978 -26.037504512413918 -43.321993091332175 85.58936121639604 -10.227864515745395 32.37454507006862 62.446465139471485 93.5808227761029 -4.6531888457383275 71.33304070231921 85.14722897422641 -78.78211069653307 -52.59089343980226 52.60286152166043 68.41122078223779 -94.85874246435377 30.192512199494757 99.0776735033462 -68.68676033249056 26.54227441638494 -39.406963844497 85.50344029410618 -50.15511427549741 -20.53528944796794 -47.53660763880796 11.129504941103804 28.450437117784617 -43.14984017783936 35.09729595961562 61.3041092321653 -51.29197982470524 85.44574021043218 53.233237444879364 89.59948674056005 50.33892697689157 -75.69714753013103 -73.1865912122689 86.3280740332618 -75.30773550017322 -61.614265272691824 -8.083232692427316 -85.14393058818202 -4.566305034237317 -79.16385359999056 73.06616993246337 -51.17970165902912 -12.915590116255402 9.983325030429825 73.64747104022939 -90.16611549921909 -4.905905890397321 -14.674915193201628 12.176344896285514 27.813400151198735 90.59748262533785
3.7793266680318 5.3038513832208025 39.994691928548605 61.715345542888144 42.730338488461314 -0.23331650341711452 -51.75472724842365 87.0053067821994 -12.022516353149214 -80.83200010151121 82.68506378887642 18.7514521948237 -48.92688746920093 19.958304012122667 16.232520610009573 -61.13478968800532 -92.05662294210373 -45.87494170865516 -37.38540803092179 -50.46444586562191 -21.470919194483145 -14.772628519082431 41.21780152247118 -7.816106891317091 -18.885510541186633 -93.23908841036047 -42.72642700474065 57.73748304818801 25.945926532526386 -52.52531375395173 -16.680400362797926 -86.8282679899284 70.40502933911546 -57.260119884996556 -90.21124413540893 -24.43655526080167 38.31538406640951 53.09873518981243 50.012643870772024 72.39734554288935 94.64217644169767 80.17511039932913 88.76156806638639 -33.34486155566161 -60.66125423680051 -62.85021534531185 -74.13322847610215 -13.487899279338862 27.97236738608582 89.54663331495692 -62.19699526319813 -13.32558246518741 12.146890566322384 49.37416246294822 -13.717365126271844 -97.55863632673064 48.64801234608697 96.52058839038247 -83.33393758542422 19.55388949748871 28.45649385827369 -80.43653979292402 -68.22575833546394 30.447428533768345 56.53564066072957 82.39324582910021 -76.50416430476014 35.00371516431471 20.30810054632039 64.13846843109621 91.64276898490934 41.01412963823225 15.68339275997755 83.00923733477384 30.869676666872692 -11.11892922791911 -50.60507194316117 -37.06610198661551 20.854290777147824 -5.014109034045333 7.632281087065948 -29.06288497748251 -91.2105245196515 -0.43818421187778256 -52.384213715679806 -33.52132081610992 41.69907260655356 -6.242813547376656 60.46260251741313 -62.875371519626746 34.58341575107619 -83.66151684557472 -43.33263900830391 -51.863464905431925 -18.891216956403838 -51.43355320524194 7.844505617350464 -34.15775982062139 -80.04423203610705 -63.86628275959059
-73.83441145394771 97.22030252920186 58.94882265242805 -5.286527564273229 -99.94683324787268 -40.13060234414121 93.0840554473854 53.56383910926007 4.557107078176941 -69.90352261443884 -64.40663588596007 -17.9626560659069 -98.01324591328371 89.47543984801737 -56.64971821152322 -88.981640477106 65.5840410096607 -1.5033234621858895 -70.7975866272177 83.60772881809203 31.74140926289158 -63.56100994138474 -85.07113023253348 -62.5112411104652 89.23240704370096 -74.75547613256472 63.69794524674012 -73.51513047769672 -96.26659938430745 -69.56893833013724 -85.20014742841741 66.8528964590206 33.09784172948608 91.44985344229124 65.46345856767965 52.22772135736173 -81.42259525880016 -96.44224963749177 4.181900735243644 -89.24205806869313 34.62058372071107 42.655000950790395 -19.062588408849336 60.32679544264187 32.185739984539964 -38.11918231710014 16.754611729497128 10.406033066154706 15.58324462339695 49.62813875756186 -0.9508608576221036 85.9570473831267 -55.319219080260694 58.045604620748605 -50.0709007190687 25.186587447533213 -83.68591080307503 -47.458727835315194 -74.988872233397 -9.9387055525429 91.45719631084609 -37.679494789251436 30.112941848504704 67.87346286336643 94.32429992596164 51.117539320286 -97.58620564505974 -54.36630127716522 40.933686259690546 -35.700776533961445 27.93881520043331 37.17730456017571 92.87179194120822 -71.87312904806726 33.12216574026533 -61.59523484848395 51.03847260785511 65.76630587826213 69.32119340208058 17.082475521212757 45.01269792637089 -27.44153255969151 27.585967309571032 -54.14331781731465 20.943135976003475 -72.31878620847797 9.788592992472076 -64.7646538741111 -86.61918019171839 81.07361780282469 26.053881813420503 70.74179145811152 10.640795415655418 -27.471810774258927 -12.007536848926193 -63.97748002611816 -61.57588922278707 -22.373276194912094 16.56081479905704 33.786959462129715
-99.54303811271701 -36.06647200575195 -3.2803706190696715 -5.71708037364489 16.03912161847407 -34.866788472344254 -94.10293080086905 -75.1103808638603 72.36617010813964 -59.98042769295247 -83.00983488468279 -99.09079717767835 -34.39515499206453 59.12501608686 -41.70799560664553 -60.066911292840516 -3.121811583632251 -97.94193266634774 -86.29057884718102 60.858813083877095 -15.148729569185207 24.006969400837747 -83.9167887038567 97.81774647218211 12.057292906141257 -99.84736308864157 -59.98294416926526 63.20688142995229 -71.72498767208481 -85.79009268520572 82.66079178115609 -45.36772481581943 76.32265108699207 79.81156931079002 73.3632598497772 28.222145761947473 14.286428665757356 -94.2757269628264 -51.57280345150499 50.475208383999586 72.5596610084801 91.26724439875557 67.46808210614324 11.671464082846782 -18.808640806060836 21.82669250650268 43.04239313026048 16.523632698429964 3.0130806385805187 -15.414745818604786 62.06399298859549 -63.97360645083208 -75.29036254646866 25.59986764063342 -88.74415937037692 37.99479781096292 -12.028846471492983 80.35054997982792 77.44143584307798 29.082537630334002 8.314221887107294 34.453379756494144 34.40001719182385 57.53731366652775 -0.7984320637925464 84.83813730082483 -76.32391910649838 -52.78471572937307 25.245719926847926 91.20998356599938 59.490300545047745 -6.726429779068411 -18.884903060686625 27.730394569863833 -92.77943678160467 37.84940780303012 -9.943578535471815 -33.895516595080366 -33.01738012555606 -50.53222497821588 78.22370084686204 0.9911910155334169 -76.72801130563138 -91.11892397750555 -69.25377493643444 -93.33794884803363 58.944786994841564 -22.211045804414 -15.702213100958645 74.09243352835949 65.79535980034893 55.037831204617646 -66.82385237224402 60.48766267647807 -68.37536687586746 -37.86538709569698 0.42203021144221964 25.872377835734923 62.97818581686914 38.794008269669376
-0.4168683974874199 62.645576374528844 27.204830084793215 15.214500638525237 -58.545383829236066 19.22718625638167 49.17184236087306 71.21114231160058 54.042975590733846 -62.800384758731354 -71.9859586038287 -13.656913966770361 36.14816971140158 -87.4526600248688 52.948426892624155 49.334362012093266 -74.85743615503125 -74.85285527042561 -63.36174923095055 -74.74940211522285 -51.488809631208674 70.53050763325496 -88.80692968898865 50.35406869945098 -64.22743895878844 -62.177724305790186 -58.90516445577847 28.58655811284055 -85.06431543410164 -71.99232765401197 22.42266082945214 -48.959527569494576 1.971642322173281 85.82699556166239 90.44163913033691 92.50083660591076 22.063135225500346 31.72239048244151 -33.35147940472403 81.169113896885 -95.36391321368696 -15.081189021698748 -52.603770283434415 71.8146052959776 -5.630766147523531 83.62938679550055 78.77723467402706 -36.97112071714845 -75.67799157029036 93.41592471247401 -70.26765230403136 45.21888539150305 85.5231481269202 -81.81367143248504 78.93501172268148 -9.765799838603755 -3.91245921811813 37.078082917694445 68.56786895557602 -93.72854050771218 -94.3662918784438 33.24112538836073 37.42002021516629 -11.64280320178679 67.71313212084033 -77.80671124676337 94.79829492790225 18.817146866262235 53.291750408796275 -21.85883354946813 51.6420646400185 73.77018030391463 67.42417420707227 -99.84545990515319 -74.3943088162469 95.49666679971713 60.73092611259838 21.236426309813837 -79.44132841829602 -32.229346610544084 16.80867523007055 19.75702941560604 -88.94593079432794 -11.64807951497204 -0.46979396369567894 -80.93365002448067 -93.5124384716602 2.069431188405474 -97.76769679948607 -4.399767958183261 93.83757932470124 -54.6513815949474 87.63543323637168 32.98272347371275 74.25294702596292 15.715560996143708 22.745016221714124 -24.704965782396386 5.669259697468604 -12.659495445074299
63.53880631898892 27.971043129362442 75.27684695417955 -11.070241452040605 82.5227464983443 -14.308825095057472 93.48987164667562 97.71200054208299 -6.827859671422303 93.39126146873556 5.425617132257528 -78.62779584985353 0.06854983123652403 -91.22390005579368 -89.44652405232216 -56.834793838801104 42.12527380953952 6.686443104343695 3.1477167387320435 -24.638512201069076 -61.58604629768827 -13.977452438723077 -11.421830676403147 -14.090673862703483 63.851363024558935 14.430143335525102 82.6675100211562 -20.05970937363439 60.78916799192251 -2.9915333438301133 -86.72383064816287 45.051447656512636 6.332696850076914 -15.919411966620629 -19.415269666764615 17.924512562959222 76.89619431543571 -26.44943612491923 -55.06877712153606 12.386829181471384 15.326242616913603 49.846698470612694 -44.29943649264554 68.14103607506371 19.41102148660356 -96.53347277077364 -41.74084630030968 -1.3898529365119288 80.28912424011588 5.42593386093688 -21.207031503727293 59.54032316589243 4.2250546231186235 -46.45826435613105 41.738773124884005 21.72967732037536 -44.863562118500866 22.401968950027282 -62.83563278499828 31.98775301159577 46.49148391656698 -14.589848154642596 53.27680576218967 5.9761064243601965 77.95051941610598 7.759011173725753 43.86414512855504 -58.28304226379159 -65.86821192265802 -30.75829624277857 90.68675031207613 61.21690092590748 59.99260195776651 65.13494833431685 89.53339470951298 -67.4554091958556 79.210533879053 77.56545785446164 69.01617632759425 -95.40259450770307 -93.5101892317672 32.44342166860048 4.283545397170968 -88.77730659734631 93.19762891909284 86.73635351865673 -41.36735585798637 50.044110923611015 81.67061040749789 91.30122888890847 -99.11511970819684 63.46004485602771 17.33493992913138 -99.64338759952267 89.4629410292184 0.4238855994765629 58.76936617136383 60.23792739080588 88.27152046484176 98.42176498128649
37.97771059785663 -58.57798518759538 80.76838621278571 33.27253775802646 34.09960091612328 -35.12835204451498 -89.80860769368527 -3.806329364522739 -16.011034464180256 7.440837864425049 -41.831587614810694 -83.03271811119933 22.21822184805633 -30.62026528952984 -69.57858614037457 -59.569948655910586 -3.4882921869764374 -84.26017831661115 15.720127237181174 -16.93243809389095 23.029948241429125 32.133318051899096 -4.384630611772096 -92.08051797086729 41.37777323631474 23.947845406830993 74.8218783400126 -26.51986662366481 21.084096510525825 77.8663029270086 -65.35935959464194 -14.350144423357648 -84.5229740801122 66.73950756238668 45.98863982222625 29.91763477654999 -63.92709252896196 -8.173856880873288 -21.156037424956025 43.30845562647528 77.44569111466058 -39.076260871320656 74.05914975507773 79.04678959587744 55.057517726137974 37.81400719175011 61.41420365007261 -1.3514074562123852 75.53564300583295 -71.44080777784431 90.88436688795124 -26.24047128617603 -81.76533093405642 16.023143881979678 -11.112617659675351 -93.20908324541783 87.36697009160525 57.675574056489296 38.813065111923095 -84.97546212923615 74.36012410991688 29.42920392677695 15.423478870915531 81.71477938117425 83.17909473622504 96.73234564249765 -37.08595216497681 -9.120835802339982 87.18566000098795 73.47399381687708 0.3636736313189317 -59.92328074070264 78.94906180436422 30.2969170746762 56.52671184838047 -32.40216953113786 0.9111652902958269 -74.27782483489038 -4.735789490395021 66.54302922211673 -97.29048657352737 -28.74765661670513 -14.813901380519283 -2.0580601655145756 78.17980969932921 52.422047670841096 -19.58861801900818 -96.47269629082675 19.539395184766434 96.37292531752212 75.21441893958601 -35.169480542365065 79.38078068806072 77.6371346258959 20.808936614439304 -9.03031107961074 26.268118076121127 -32.520473816766525 -74.27718874965194 -22.864980401439425
47.96834998425754 -90.40496852216162 57.77909022917373 88.51738275130506 -64.26473574800943 20.63819665261248 33.11883126027499 -36.74321866849546 -87.70363413516826 60.46619081795501 -54.306559235022014 -22.794697316753812 68.97143847253781 -45.48098389217843 44.83925846088127 -39.32278700608482 -90.95385025958073 94.70439337959453 28.91122732855237 13.829564972545214 -66.04057986924664 -40.35270440110046 -56.60867906234293 74.49825513409652 25.00365038925932 -69.14213791747225 91.30014639122535 -36.68679465125733 99.51520862831424 -12.717173349435456 7.3740302043408406 70.01208476610557 87.14628207924997 -66.59641702301136 3.0297991342421255 43.47674652710697 82.31239063995659 69.43369168126881 -95.63163131301518 68.35786699187716 70.65615948996489 49.05448999485586 -15.606285836024611 20.910717335788192 -4.235124579739818 -30.165070887312368 -56.31849861449065 -67.27959951220903 2.9568705000692574 35.4436457466324 -32.782374143478194 13.814481269405476 37.45603981887561 -95.13005456283572 -36.75576248151522 40.521046957553665 39.001082078351175 -54.77991301222953 -84.91543229979534 -63.08090362021823 -3.618577135931119 49.48630328254461 -97.39552422448321 -92.28017771051836 -53.138745819952774 -38.12604651969256 -86.68545621394759 44.896538236319884 -70.89789980457304 18.61142103283933 90.07848382335072 -88.05584799305296 -34.573347035856145 -18.507950521829386 -92.35579510329595 69.68143273017597 -8.07961483750033 -32.09414842014404 82.80207652411201 -0.9669630355188161 13.956610164663743 -44.21079880589276 60.89780666376515 -79.395649650638 -81.97500369951044 93.21697936035508 -56.251294248046094 -72.3706037285481 -60.59565887317473 74.8074815157899 -70.41329512811261 -19.234160290279135 -87.32760908838786 -25.53181486349638 50.370249771831254 23.199888124789652 -74.67537070751857 33.157077658874556 42.7481514734952 50.325269071532375
31.36421742754345 -84.51960713243487 -83.96679848394359 -62.545259052681715 77.93051100093405 -7.308170763547267 -14.117719097938192 74.86268426538172 -53.112635834580814 -50.429117250095025 81.23958286328062 -62.60200728137582 -3.633663308299191 -60.411972677673816 57.69811528690434 -81.4884834528334 90.1634322299353 -93.2570078670387 37.99763285817184 9.182924008332137 -94.4747706454456 41.12207399003836 55.62970681592631 58.696655336194056 85.49525885024329 -27.71073472703729 -68.61414297359569 -7.849342631164717 42.32499753576465 -53.493511978475915 61.58451436606015 -77.51792791724439 66.28812021183009 71.27115322075468 -4.126506317721535 -55.14067767912329 40.86912688421074 74.32646497726893 71.81993324579702 91.62314734975348 -22.34034016527289 -90.75099461222999 -47.494833901062705 25.03216364208653 7.259032254902024 65.79006315824054 -90.50278153214883 85.0639811002666 -38.02842705478056 -23.27252737867414 -65.04760578538526 -81.22152846097843 -96.67752310604634 20.326550378911463 -69.06832426824647 23.356485121955245 68.0295950008969 21.830377935519735 93.42635199171431 11.183086587881121 98.4139649666221 88.28279891376286 59.33290065353657 -59.35512194875958 -98.96694513667468 -3.123802832979351 52.479503347066185 2.197472079927138 -61.19849317636552 15.52712808084327 -94.69339382103308 1.2547503788059373 42.35730422666015 7.9558207911954355 -96.08569979920848 -75.08229081710385 -57.77180024574926 59.080510080850075 -16.23682566745744 -22.96193831706492 -50.224668825408415 -81.00991176520849 -22.693677799081158 -59.77112979493664 -57.59953695748579 44.57497139014063 -99.52459300665319 33.177283569647074 49.492824674742025 87.23021111532353 -52.11441518894762 -0.4820866813099087 29.690424741644364 -50.18285263678701 58.39141052134772 -20.448171784153118 45.753716533040574 30.474725792939495 -35.94581773642463 58.48779908307634
-28.641297445206533 -47.14776797589928 58.65529887656194 76.25553382805285 45.201531842915585 2.785053981814414 34.32557351875795 95.16179444220037 -88.0771983215555 34.90919531360035 99.93537074574868 51.756581754888714 -5.125959301011235 50.076350000229155 97.33313986789966 4.15600646195891 -67.59758311756161 -49.14941670689448 -38.11949953029663 72.75017031337356 -84.03113373517573 96.42640528412599 -14.870667569766184 -36.54071162803889 -81.23301340519384 2.594481469796861 36.00563662539898 72.21442522397734 90.21480229273217 -25.41684564731419 85.73324191562332 91.52349357962828 -73.2246439594148 -15.290469845168502 -90.9848055364213 -46.95885175772367 -0.8593487251413308 -40.929237870556825 -0.6091872766945698 -19.309275208159505 90.57449400958055 -61.33997454317641 56.21201991660965 64.70502252442094 57.5740467657055 50.4073669655464 69.89612336598165 47.51317027095209 12.165965603012936 -72.37302983288549 78.62446621175857 97.08977982577551 -20.05209400075107 -12.934544956389772 -35.93347487172525 -83.74384702233976 55.14758913850537 47.817113969678786 94.08165546659836 38.544045500090476 -78.69613936626294 -86.44759505053985 8.552036204307399 -62.52299674067112 -45.774265840163665 21.110457349737928 -15.519576142706299 -20.319892125623213 89.33101465359613 31.100654758697175 -47.20614784337842 -65.65051218060512 74.95383356282937 48.236528570006726 11.70087227925221 59.131665546077954 -98.83373299909036 -0.6895411640099667 49.63806677552742 -13.13587688088738 61.51783855628031 -46.066866478480485 5.890845057298932 -1.181038842607478 -77.9537327347745 73.6612553894256 -45.55123238331022 -66.5648501384551 -21.239663515363944 -89.70646146237956 49.205662424246924 32.5216465139799 -45.0258225962159 -77.65197464199498 0.9574924267015348 -82.65059343830934 65.3600241313622 -75.60869955942698 -7.503205867571694 53.63771009082981
-26.640090217866202 -98.96348729782846 17.37762437588654 75.94000458772783 -51.1077472528096 59.338929111316844 -57.32575207717081 -71.48258694880548 -54.39899379104649 -92.59030720485349 65.40567175746003 51.315140062046225 61.1401963401604 -31.460893854768088 43.62893513375775 -31.599229734818053 17.65784619882534 80.11985027227041 -68.27659836947184 79.27781459246762 71.12557492479178 69.66061099819441 -13.267970700409393 4.580510781902603 14.08423501726719 49.41157718432413 66.8428503763302 -16.83684153726439 -43.32653246596416 -55.42312509274942 10.500458293879916 -45.28405317985411 70.73618473131103 48.22747395929724 -90.00756500913016 72.71395695792162 46.44207775742515 76.05551373555394 -6.4896478087803615 32.33524687337794 -14.246578891657876 -52.90822163368281 89.063856934238 99.61264978446164 -69.36773530626769 97.13964230034918 98.4537353328594 42.99246679914651 -95.45237504163275 34.13188175429971 73.78756130898739 55.157639255302115 -37.39689555661396 -22.194499651583357 36.846106189063676 99.38758854315321 -50.53604256928792 53.48579771207267 -32.09136291521931 7.436806020492455 70.90943829849488 -3.059090904579705 -31.93049027857873 -57.61564093688924 5.875555363268774 -80.8748540490368 -66.89559680985981 23.746688591128873 -77.49302632895127 -12.397665973371701 19.806789639236882 23.44906767304731 -9.043518799825705 35.51504631650781 -58.39312530039793 42.47558883526088 -86.85732378405847 -84.57797055491912 5.494830451461581 90.13515179748666 4.7858665511236325 -66.38125336404971 -25.66345722456316 37.75839713278606 -66.17480374023316 -21.757710149261158 -81.94590941903775 -8.555082084254678 60.69358934653471 21.69445095064502 80.30599432869886 -42.46555805451975 -87.36741683737539 -2.6610437155563744 41.06687604475914 26.58353949898016 52.304162699397466 -80.15733507343566 24.580027955289992 17.646600430030418
-77.29968940862035 -37.6173172307541 -46.121141995111145 -79.5380500136573 -10.029345565888036 94.49602582047848 -54.900969639633225 -93.96851611574397 -17.542113001307087 80.91962128970593 -57.926452808246644 -15.939920212632288 64.59297251278218 99.96218073420212 -76.32637936426715 -61.73566267868766 -90.63612075959095 -96.49610568905761 37.648273084179294 35.43529016670428 -88.11047701133295 -82.50738558478463 -94.8772073908317 11.999564336412874 29.45719779117718 37.37290029498456 13.435301346511963 -84.68243220220721 -34.227472867476095 -30.264578097138028 51.1153701140926 22.169089081252608 -79.51289270616755 -1.523469354755818 23.158405821101695 57.35970538345708 94.36167569299408 -4.182566424114171 77.44757165864937 6.871060578505819 61.35663466990741 36.31601805586715 92.12041682467657 -2.708270571544176 -38.309392376166485 33.235821756477776 58.711950219233444 16.074012731546006 -55.541553457411474 55.93825971816395 -17.800943135084623 -84.49775314219154 99.88880462884052 -17.20374839128256 32.79158898168504 19.079832856127936 -77.12379345920004 97.95934664428461 85.70807298937319 76.16882350101275 18.789422975280743 83.5873748123349 -99.28300637295362 75.37490514259491 8.59999472692094 -15.444746511724986 -35.01750786940147 89.40132843256606 93.5343836029464 -42.04665551913314 9.23737638750373 -15.297855079157571 9.843726532538994 -15.981693525088872 -19.899326829653944 -21.958181145203355 28.10310308720463 -46.714991838531475 2.3327201818914176 -99.62361319276984 -93.66110815928567 -44.058815178959755 -26.416940236300235 -33.005860732441406 -59.1877192831977 58.12225607112566 -6.133483104019376 24.27906476326227 20.709003088161566 -84.10194075187816 -38.93097822167964 -15.213963507484436 -93.55310333574192 26.024494739481312 34.5849753000677 -82.4604170022841 78.91034377646184 94.68181651266241 -8.702169797908738 75.7743610095076
38.81989456201964 92.88368276728951 29.823387034296758 -7.164632522879089 37.05411086777684 56.881748231951235 -1.7122732967923042 83.92357347127006 -23.47270928136996 74.21870259151368 34.34019366233008 -57.46469783222714 -22.5303623796908 -95.34405472666616 -67.46077260076409 -74.33570375020028 45.93883995946507 58.630891203735445 43.721901123523196 -42.4436303304053 87.48108640008766 -91.6454628587241 -35.331729091088164 -89.35486213906185 -2.635015036654792 -33.81497678767698 -59.96753793595575 69.20585276337167 43.76407129907682 -81.68715126569842 -29.015333133266694 -30.2416842937445 -62.19235576551614 42.96163354857356 -95.65538242168235 24.957039464850055 -29.442229640316327 67.31167647632608 38.533514642796035 -92.02588151669082 -65.72181434393134 93.79764542750416 95.61799203679061 86.27041267599807 -82.24846881409925 75.75741610364068 -62.14149082415359 -2.580583786338053 0.9337960897870374 39.23986693609089 96.69750328458687 -92.52154814364219 -60.36512374410492 -72.47321126718096 6.26435969308308 97.88155868078013 -10.592025535816134 -89.5309037949252 66.55487904994973 -20.36687419029218 21.779833538708402 98.5115503881926 81.75777382643415 96.0385126856151 -75.1474675118923 -32.07315487059725 8.980736710310993 70.71868028535178 98.82134953686469 -69.39585748612507 64.37454981320727 42.39201757480211 -30.43120562573229 22.827539803940653 6.195012959315434 29.082539074622645 77.08229212862781 11.864786854637458 -97.79689816916954 99.70896678240862 84.38234180321123 -58.75843800564604 -32.50846435138553 -45.85917034715805 -28.45509045350883 -34.73911784044721 -64.39578718978574 6.175443856449306 -24.535824324726832 36.192511683949675 45.128514832279535 -32.26765341059645 6.426901723106695 92.13420723158379 -0.7068095224539661 -29.0310187931226 -61.744733913470796 -11.197512452837131 -82.25495279877701 76.19568847569158
-42.53462258177905 -53.95893920248185 76.32683273839805 -80.85499379198129 81.22703805305525 -28.288968885763396 39.06886269255793 -76.43469364173399 -21.21850505874275 49.273508384730604 26.935821653199298 34.90474887134724 90.70924360876828 -67.00519429639411 47.93361895964179 70.3537752871172 -40.648697109947896 64.77758815218988 -85.60763445663477 36.552322160199594 -73.42763386527801 -65.43424506507503 86.75919077907088 -72.34982149890698 -95.63593510472732 -2.6565269015486876 80.0147296540481 -13.703760201375331 -43.0970849858358 44.418039409586186 -90.85376295815446 -77.86537021039798 -1.4672216839356054 27.200437633473655 94.81111464401698 -96.39141065441923 -53.08865660198365 0.4378648798445681 88.703468908026 -91.92530715079496 84.60905063512541 -36.280412869847865 8.925277524693513 -23.54923723142828 -88.91791718949302 93.65564372150598 -13.701680660681447 -70.2606729102126 -17.966388992020967 75.76600404921945 56.81991769185518 -51.85882301868676 -11.142534095276233 44.63707146582675 -35.35157905095106 -49.658682908884224 -38.316229192120986 -98.43147883817743 -4.3289569389171305 -39.8369074416012 -87.5654385721671 -63.628699117579465 -58.91601084410147 80.12723120884189 5.709921966988517 17.064058459834925 -71.39914093990288 62.82974478250159 -24.40834129615503 -36.26986332238258 53.8371130559928 12.890910847375636 -65.05888716254509 22.194871269311037 -71.91164722127769 -21.16844710253467 -74.04011047035212 -44.49608337288924 28.91390576718669 48.37007974814148 64.99849343932007 9.623980220537476 34.52345609639835 -1.7872311886161896 39.40181718274789 -24.681893691158805 35.39180328226405 15.565423192261221 93.84174592666895 -55.66552891211521 97.71417380260564 86.4009216098803 91.62234530050046 7.2562353467933605 -32.98796411842824 10.092467457432463 -34.079239779936586 -99.19839849509641 27.616399522384597 97.65724615463108
97.1715414387468 -12.253280450323857 -43.05120590375062 81.58876138578964 -16.76569376481298 -41.10447286040257 -16.286743088522385 -40.33921130832512 -3.8275113175721316 83.19758962973637 -64.52154642997186 -19.392919647341415 -34.89420746028186 5.081071472652184 12.340692649691661 64.32397207866981 28.311608687608015 -47.95277068006556 -88.05726399585723 -61.09078343833605 -17.852125201648732 -89.75891908243759 72.11858545275072 1.2559278590953795 -37.628122998278336 4.249450437833673 -20.28398450149278 -39.29327089820893 -47.381274915726856 1.8325635791246526 -34.49155186010829 70.86692623943489 -79.39945681692234 -84.46342240695395 -77.56111699613662 23.402437556744005 83.24659135783082 -79.29988942394056 20.8019794200452 70.1564314478845 -93.22349633183131 62.206447311936216 27.21364704525415 85.64472492175611 58.18968786356544 -39.99225151863577 -52.03971637534062 18.133727647298528 -56.198488648559184 -23.454915331188815 51.11058554099691 -56.71538568940229 -91.1292784304665 40.4791873577783 59.14679050219854 12.582470849547008 90.60788380245094 18.413871716637246 -95.100305396644 -22.390333482144726 26.069471314967203 -24.875608239279188 -64.41949697496148 -68.44654062825646 -79.10929468372214 85.86367143220573 31.45971312631704 90.51519329380056 -67.34031464048653 10.077263055739365 7.892586887406367 30.742799141818352 -54.52342510996986 -93.29639451974398 73.82736320619037 -85.94905823092749 20.416057006306815 -68.91832315292162 -0.5909889649536666 -17.277038991800737 99.61325121834898 -62.92209987921233 28.009833768234188 25.986591919409648 -22.652007705607133 -83.41948369727615 -52.12629423446062 -84.59465353323937 -34.182099673515935 14.216267202698617 77.43420445229734 70.09074510803913 9.891043009817153 4.037259208604112 -32.655462403412656 -80.85546863025442 -58.580150358725724 70.16952408127898 -52.07903530776552 14.479794366494758
-23.797862169181755 1.8352449529214283 -2.863046011740124 -64.9293194718588 33.82478282558125 69.10304756925407 91.64722848605297 -6.423518778709621 -23.28105914935948 -12.908047642846412 48.36897163207473 77.99943663478095 83.32209978004786 -55.36325904141381 -91.30207657536 36.51909551118342 -33.801390533389124 89.62262207223822 -24.074919602742597 61.86254610087883 70.5440757197077 -87.49492269570607 25.310326057435788 -59.51125445215113 49.973489778171455 3.8913251136537355 93.13999888009755 -72.70604491575246 -50.67436897510995 15.437730130407985 35.227933628132945 -88.4636809876482 -39.98021362471531 58.594965325585946 30.0435255391387 54.10689398907385 -96.54139658141987 -94.52527487858478 34.9117837591489 44.521192104045326 57.3911199070842 94.6135244134608 -97.8666415401954 -98.3091232785265 -94.0860047536612 99.33969765475342 37.405876256562436 69.60596065918963 52.95299913867254 77.7683191398647 -2.5401396759707353 -11.887394974123566 -95.18570012719294 -94.060324605298 -92.26812720776452 -67.34689698162876 16.948706458680093 -51.10076944607973 81.68966869531772 -15.233947438052013 -72.49985562419054 4.488181924690224 41.1245359603769 76.17521028576272 -0.6606777598030504 57.891031868729016 -34.132259523818576 82.42437660911193 -63.09697110076189 49.55522836615117 -81.05801498540472 56.110288219266636 -15.508251181290461 55.85380697307218 -12.838230294897386 -55.87828747201926 -0.12717558076738555 57.687520498867826 81.62305729182384 84.28440898284316 -33.065278427377876 45.86236446327251 33.039005116053886 -40.25145756988044 54.82466280898987 19.137066094049842 10.806471590371757 9.581223409969937 2.208858362664671 -18.28380160442468 -76.85915204749634 79.63922471875131 20.07602101494092 -74.34240475336102 -21.336908855165078 86.71819265021819 -68.10509684152495 99.99544835511742 3.843193441298908 98.81180292229661
-9.854189584871747 -90.07572280829316 -4.657077911812777 -98.24501690109639 -80.9747476495386 87.992250509721 38.797192096757385 33.71571757911363 89.38771235416002 -89.09552847995354 20.73741412331644 -69.56546396220706 58.4950797237982 -83.15815833121798 -7.2633298420128085 84.33825342030937 -27.35815116235642 59.36755778140622 14.747820986318033 -69.39638543356601 18.43894025958261 -81.37113764132093 60.48084795320753 90.95435880690505 31.410956693688888 90.99762284862624 18.280869312787203 68.46759477754921 -62.84705194821332 -46.08181228262778 43.20952774533211 -8.1829180874321 -97.38339067154209 -7.827257020542987 -51.27910146063117 -14.480539453933488 -6.334294926414259 -76.89807911968494 63.88789787808631 68.52079006636842 -55.66116067522171 -8.191752233686046 -87.47948928673621 94.65154299028612 64.90451928440586 91.3530696066467 3.7370838042564856 33.82270047950996 -26.357025230364073 71.82555926968556 -52.96982591850814 90.24137609264011 13.888868148879169 -8.882311851237574 28.819395472480522 -85.39283670329489 -59.42522732307685 72.28232933539769 -5.31617149611543 -37.677965299952355 69.57412422874467 2.4306688349246883 -78.47109937397477 -43.20991275735477 -70.33295337683234 -59.43976151132318 95.08142679640449 51.67257302234944 -78.099671746771 52.869516870383336 -7.99847769998064 96.77070277109917 -0.42025742807479105 5.944462281229065 -89.89288450953299 15.185393460624041 19.386080985336278 43.541822713306544 -27.14664468493308 52.12092453398566 29.058518062897065 -34.27271755159987 20.54497002702469 -90.40781139193284 -27.279284674133294 -88.32600626337974 64.10499776395739 69.63937560167392 23.587923325883907 23.2928659019249 65.41923388755495 85.1342711353197 -21.777111783202386 77.72721358210819 70.25889792415848 -37.802576335479586 31.33282354952928 -65.09574673420298 62.49106300795677 -35.817990828831526
36.387014691916534 -9.040553715444076 -30.280376821574635 -78.85798391581943 -85.77551417123026 -9.2476819836981 -69.9002164034447 -85.99527867783318 87.95033401990517 -98.74548424255079 -1.5418130987340959 -5.275022947872898 6.296046753053702 4.120086496705412 -34.8907556920997 81.48687166318848 -24.890615165907718 -42.87210645257509 -95.53202445758069 -75.45802538517401 -74.38563530129855 -52.899432656705756 -35.359637163295204 -95.00305815680773 -63.217315296619226 1.6634915803198425 52.15482225778473 -22.97478541808519 -93.5931890729845 -7.520749065131099 53.318325680746796 -44.7801109189456 98.25375286466843 11.158001833839421 62.76082203861361 16.090619991816908 -9.772785508745898 -24.145554772794227 -28.164206198653233 -40.674575546190404 -73.9271042206703 -57.90859907798127 52.98034799714611 56.95178025721498 -48.67233992315718 -62.483917945974945 -29.36046029881743 -60.05098275788776 76.82226003794176 9.330538022269238 -51.035994583671005 -43.67478399677758 54.551391961219025 -83.88860404216693 96.6577821980097 -47.88411985724772 24.066451050219143 1.5862040675191054 89.25693427753907 -4.382210060943152 -29.234154435277148 94.49382852991579 65.62963871382007 -55.204648746771554 95.64594749009686 83.85381191574874 63.17783003721675 2.4651185065887944 15.112505800049078 22.79607493696338 93.89701593110874 44.01581716752551 -46.29453418272007 -34.33950320184567 84.62163826445936 38.164043504538284 -28.763224169700322 -88.54685477194798 99.40272071135311 6.542798967355722 70.19471934521209 78.85538719536481 96.67966811786863 90.4881769382587 -17.43246715070852 43.82166089660677 25.586381059818876 -86.92357520715709 49.00884107937799 96.36360669360599 57.83648759014983 99.07588043217416 23.40231653352231 -24.004486563021587 -44.10417066083725 -76.66838975392318 47.06805979150991 -45.050246466129074 78.34805191990597 39.205286475461065
-74.53751645287998 -82.88073422443254 9.347427780412573 10.409296852970357 -42.034086719478566 -82.49459819749663 -29.672045314360403 -84.21027014979066 94.18965308087488 -36.615542349127274 80.18487888008093 72.13753944462863 -79.40167335411397 -62.50877119016251 -72.73930603240444 -7.825329077097436 13.751996142392613 -99.54384950379425 0.16314512430790273 -49.6308368603227 -44.39106533699826 -19.80266340632315 76.71478910961812 17.06573438137376 4.964481227935252 -8.308882213484495 -66.40372972100857 -6.122461347986814 -33.47413838278885 55.60505208506953 -50.00734264791218 -49.54241588598849 -38.60846814373953 43.87480373469427 27.069927352029637 -55.53062152501877 -20.66179070480905 -99.86338159110572 8.472822188310715 -26.268392945000627 -85.1558440100252 28.653690295522694 43.50109018233118 -0.8593847369562155 -93.26915990991279 66.99549485352395 42.691185041812076 87.27006597918549 -8.311729755667827 -3.4476499851695053 -81.9221297217228 84.77267295204578 -79.74844222813181 -72.83509732250553 -37.513711695664334 -87.3689712903211 -12.695307332610554 -38.2090400107679 -96.17099038282882 21.11086994380598 54.094656589164515 -21.912426124028713 56.62548548945017 -75.96894672717374 -76.05166713379292 19.1612896864293 -15.951362858011905 -55.344255373540086 28.85925902600104 86.736586475189 85.40929391287986 -28.99346775646623 74.4165333767682 96.59326395038062 -16.862229686888952 77.94739998507279 -60.13376190742357 22.443391305859876 -0.7682089599430242 37.12701696569101 41.81037370617301 37.45471628966078 91.81823778307526 73.12867091252505 -29.44238680985687 44.34461239490014 91.11458357924766 -60.75510957955108 -30.047279572531465 -2.2011733962203266 -42.01981089833657 48.808590489760064 -76.3328451937773 -99.67067889559391 -51.53658382424873 -29.556896568237832 78.84689663514578 -86.32159684933522 58.1296139703548 11.133458404127936
92.92696716117652 -39.22926162714961 -15.89894030930769 -83.13276271028968 1.1750657138426277 6.4561759566248185 69.47669825977002 -22.187315457574044 8.557236966689302 20.495968089737858 -75.84748123187688 65.71021057364626 78.76760342599704 58.32977643728864 44.56718315037037 -89.4025167193928 68.70711827033801 26.28364434483754 8.373588883585128 -7.250845516080375 6.806268254887598 -44.445822117910794 58.532001029956206 79.52865754863922 48.22972449126419 -95.24601925696973 47.8334816921122 -18.452649071845656 69.20515540206318 53.39073954142407 76.41997492447172 -67.41023651650326 -96.50944105415977 -17.34744257109466 94.4512559861943 -72.46078298179006 -79.70963763452363 86.80210118505559 -43.19890779885112 64.31817106454105 -55.01509126174868 51.61749278900757 -7.796695903767031 -27.72276541549084 77.82731494634862 68.80022216206936 44.3247322393035 80.9645886649875 -38.677164422860464 -53.553007347621296 66.07173225739024 -7.377262361100506 -65.5982546086105 -55.99243338898838 -41.848524822731406 -4.463271937563064 57.70183226776311 -82.19649548249919 96.25420422162313 -0.9046169060128051 35.360063947030625 -4.912474760964457 -45.93849789282378 72.81852196573425 86.0442849179463 -50.68793601736796 53.548905881185874 -1.0672577454094778 0.6535136935926715 81.82554074972904 -9.636224922762509 -87.36200075591807 19.769841842459897 11.336930407550923 -20.02477030106023 22.929876964254277 -55.549238698395186 -14.235081591043013 27.27244299811511 27.22956688201863 -80.04417451027241 58.99896399214762 77.39634194634058 -99.72650095279707 -52.32323598280939 -58.47895886216694 29.731397990484197 30.872282624857775 -63.876414643130005 65.01431491695843 -35.92365983417747 -40.1541411092365 77.94258462660281 34.389533666587056 -38.965207998279496 77.34897095209297 -25.969346792281172 -89.03220344098553 -24.81822362830337 -42.10939500572866
-33.740623537158584 79.19732217476366 55.387764895394355 -19.6464891545874 -96.60092394163146 -94.55923656337136 87.05050133239229 67.96162709645907 52.32393418434637 33.992733543906496 -5.627230188723871 -42.02138588669282 -79.77701115398222 9.49408762353832 -96.94650148482282 1.2459922267614303 -17.115092321788424 17.335271855723448 84.91514920989235 -54.213776151620216 -76.19601690773675 22.866384702286368 -91.1017296024482 81.04944340034339 49.18953088085826 -40.75922659584605 88.75061552072466 -54.01297753352088 26.31264248281778 -13.856259577474589 81.69029970763197 -79.07032861604542 32.05059097567826 -2.1891626636686397 -6.628744311850539 -22.125642911729088 -2.3583583382075943 87.27052493521819 -5.0971157274389185 52.532313670750085 -8.948464598790821 99.99287960679939 -43.27482216061287 28.847710825153655 48.92706117068752 -13.53934589805759 63.943384699273 10.320468356794748 -24.887756216167546 -94.38916546811808 -48.16212133496403 -47.176653343198026 -23.638066417017598 -38.629403434705665 -85.38471584365077 -80.77964498949638 -49.382698458568285 -92.9766550979795 87.87745767761697 -9.900581556459159 -34.6159864965381 13.975531716658153 94.4389207723344 -30.890816700510612 -20.202761159789333 38.43335226917122 -25.890026584447853 46.06209869196661 -59.94329113679191 37.98098762385064 -87.97484583374964 48.66815815290451 -22.68763067863169 14.073784353468838 -11.744803509578645 -49.64124957718592 -78.70837871236711 79.30205098180011 61.33526507385531 -57.80229372776433 -96.14322361579974 -32.99432260304873 -45.21649534419372 12.396665100672848 -37.763891932670134 51.65636285527441 -2.855293537914065 81.57788963821241 -57.21282906404328 -79.15769734172298 -23.02890592607683 33.09321219372936 60.756053130855605 79.92144729510235 49.99563215721082 17.712219472988096 -20.828930486265733 -23.312467923623785 23.964256225829047 -68.31937692900189
43.83477401573788 -9.337368651361231 -72.09161310230684 -12.59507552884267 -92.7702388153601 62.174693347258255 -99.68115109394438 -6.23317055418768 58.176071836979446 -79.58172081245063 -30.095000040428516 99.79979551110586 -20.944990265341332 -88.17530673579262 13.956873593515454 -93.33633559547732 28.662829556169868 -66.919259818896 62.63822638227927 -33.00169891400448 82.58233270137686 73.10332066825035 47.17027495495151 14.04551065356614 -41.21261649625656 99.48672949381552 3.2281981919346947 18.59177984577201 22.595439770935258 -67.21627741095529 82.32236921342954 76.83877629930885 -23.888773848219486 20.956393381062938 -87.73307811931801 -26.659111939510254 -36.7421638112692 -21.88401117619823 30.573419026449642 -75.3468547647424 68.80703736648258 -62.361315911364734 -80.8896199342908 14.643874716023106 -32.411876312133444 -1.4500559149753798 -60.432874071630806 -51.52546055672018 90.40845741264027 97.63186594390658 24.530145754310695 35.656388318462234 62.04481316971106 33.23467263276393 -22.962282170972202 17.98072576215999 -73.24678202515832 -7.318674946953479 25.297102208623116 -82.83204659344136 38.44564222859404 8.674330703886142 -48.09436547369339 -8.072523127603489 95.64330141472985 -72.41497127412622 -92.1442312060214 3.462174553679148 64.2011864388891 5.530900392579397 47.89347811103005 -63.063116505644025 -18.315018761839113 -31.86087546456278 6.221122284884316 88.01001071192789 -15.644573974542524 70.71996535899859 -54.87675424908509 67.63037113750511 41.36075575756365 19.911601467950007 73.03579329887407 -24.64117187857906 -27.782724663222936 48.24431408126969 -63.92347843645412 98.58897092946864 65.27256787638072 -61.37571749391404 -70.74970091124942 49.95930284273689 23.250229515810346 47.5097952496501 15.20360220190662 -57.400922932879595 95.1935006852188 68.63814685135398 19.079336711974946 -2.832460168268753
-75.73449195555193 -92.21920035697684 -29.482735361408842 -21.900401618558462 20.367737579100094 -29.684956769189384 48.65051130153847 73.55511831676407 -30.467759545383814 29.75082135506898 4.553593683415329 24.445848129052465 -58.03324954619538 -2.34393234779418 -8.417304092435643 -52.07440268986516 -88.77380025725739 -85.66937034000945 82.94856840261892 -67.43983128263235 -79.597202170783 22.031763486698736 -85.49587652129492 21.14972505942505 82.74457610638399 0.9997865249359137 -6.339140540359182 75.89183806444774 -73.88510424003327 -23.552333368494402 -73.8003652161452 -46.85224024477097 -96.49114412894629 91.18412759015678 33.95396110141655 -1.5592413987768765 -23.751931750331167 -4.801188573774851 -4.871275706610987 -45.16070107094681 50.96706232635489 65.8275200886583 -74.5676268060894 -46.74027650838293 16.97995935455485 -85.51252842524966 -72.37918614452803 -2.1995869257981298 55.50621590401266 -25.66034580879534 70.92006867934774 93.6499695495653 -38.2129479393859 96.1720918456864 23.1593373080012 84.91361317787926 -2.253672167363135 37.96432790754179 -54.53136881613281 2.9497842202122087 20.894830708425815 -24.204883319667175 6.538509916277363 -13.826493629686041 -45.057528542589445 25.513799527109796 34.33621416437083 -70.0961153375735 10.298282412862278 28.351509658949595 43.61577898380855 47.88401765187811 -34.12698839208694 -33.77463069019258 97.38478736604819 -36.42417801545068 22.691306629356518 -17.803072309589837 -51.05006956530607 -79.43812007540501 35.65550375750129 16.843282499497136 -12.80036051279825 -54.39579373625578 -85.42365564530144 34.103009846370924 -53.30296910570353 -61.28688568486418 64.62848000494711 -87.25861913526597 5.971555094888998 -51.856415380080634 -84.09152955175205 -76.5531936065151 -12.753514827036994 21.692428398559315 59.70226000379935 34.29252820395888 75.76516637782774 74.04339936499414
-67.23741122583269 -66.75030505598284 70.55314324595861 96.74934395313747 -33.287422423771275 -96.79519119755176 -81.18588378914235 45.111053613894484 -9.639820741543886 22.018058372939535 -30.89366575177857 -89.51765709211384 -82.91521372570752 40.37896914431738 -6.4127936340050695 -10.957730738345319 -75.3388991751194 40.668507416048556 -20.297315898833745 48.19656146156345 95.92962943507823 12.63846863009448 -74.01240227771643 -1.1144147034630976 78.11701700118394 69.74238197336024 71.29528481596878 60.91471255262087 59.47961980505082 8.390664072697305 -27.903667912376036 -49.56318939496127 73.29529348498696 77.98592946912274 -63.68405191697333 79.20684271332462 -74.94005786845028 83.38686952847456 80.83579835398024 87.1776944412644 -25.159195217231584 0.9671873203402015 -36.551903333101656 -94.49219616790694 8.042856786204737 -68.68617056423534 2.7531022051752387 -1.7339013770222067 90.25778891693551 -98.4713800965232 57.10160076207376 91.06010942588182 94.84839555193804 -31.922438301467125 11.114137593856753 -71.76648312785115 -16.806487427661352 -53.05682191910852 -46.41311997637829 -96.80908389409366 -41.69572682262965 -99.58335100810982 20.715542494500824 85.81568465359382 -45.95430844513706 9.9538676560272 -77.71228106801743 96.85942732177546 -57.352650507569635 -13.319806033877995 18.104158053062136 39.33176790729439 -61.33327513854454 -3.476241709219181 -73.2535148094158 -60.88719532908149 -30.27906856305364 41.415180977847854 -58.43427350349899 15.619165234108337 35.16198501540924 79.31711211100267 66.170448874962 35.96615348513433 -62.15604104858134 54.147910959382216 -74.57065673749055 -92.42101760959567 -11.180592764392955 3.4059014801423757 2.0777748070645288 86.66527175696444 66.0624416385503 23.499443832251615 -74.55871993622321 -58.77758922278087 -61.06238726562434 -37.36452822508349 32.21949519377222 -49.54227581949324
-73.17846948117774 61.32621691787975 66.74080315872908 -21.77029766074905 -0.7058161468353319 39.394013350865634 -69.21414189913473 -69.22044438499151 25.85183073991506 26.94574214257422 -72.0843427849575 3.369936672060774 -62.936896502465366 70.6070884643525 42.75501197956905 -40.33462153502807 -48.41644221518035 -31.96697276640535 27.846498055685572 8.769742534547547 21.339198948111786 -53.81373663972779 49.642519649839755 -11.765798055218909 -82.81526917741616 -31.573059453568447 28.45463550317001 -92.3795730437592 78.73445593100402 -70.54819424062802 14.610991598557717 -75.4525975722052 44.77017553992428 -11.8736257993139 -19.85871463756024 -20.722310840581798 -11.228695550681422 75.99925805959919 -53.42443504064216 31.27015353856271 -94.72072311017212 -34.184717502130184 -88.88257408432938 13.321078126058097 47.06691364888081 -73.91956395006952 48.54701507145697 11.779875685956597 74.4576239545685 11.385868722417186 -27.01164448712406 -33.59983323204972 28.81825768232852 -61.84412072882397 -24.001582038661525 -73.89714200904479 -38.03560050846868 37.23437606048421 -99.528439080112 97.9318044481528 -46.29466485297391 47.945009381204386 10.264293477705635 -64.64637235187925 81.84163960919355 49.47711777715199 53.94442700353852 70.06185795892628 20.115268455804383 53.59961486759613 -47.505771341070655 -38.19180136946683 60.56039747659656 40.13450177563186 -65.54069076799459 51.3802301175335 10.69789275442956 80.816323558905 -31.667576919012276 62.57555031365888 32.803434987363374 -67.82655357076268 89.10702732359096 -47.62217251450534 86.0855334355947 -95.26929652834204 -7.601514570757601 57.76402556663328 82.11447843769875 99.63692761075498 -0.8286759892814217 86.13135686698214 42.84738560517306 43.736682713950984 44.30274193117387 -61.533965505034026 -15.618963951314612 -3.2269361324861876 -79.88292237858543 62.463766920851896
-33.27031412506811 -72.93493480919338 -49.246437040283574 -37.90026178251071 -11.730042089493153 -69.62362031321155 -51.98797422994994 -49.26633758230934 58.59789965798748 -27.521434582244368 -18.512243329956647 31.39892444176644 -17.02715199844627 -74.53070496723467 -93.34420838517308 -59.59232851055225 -56.15567917433748 -66.9711922026884 -16.058131609785733 25.310910175732175 -92.57784117208836 52.70581273787295 -82.74451062377264 94.5807473662384 -45.61830047328199 80.19688204809077 -44.95857933737113 -45.31806621256798 -99.34497677947812 84.80029601342775 -30.24885544786453 91.41724841636983 -42.44880294787458 -3.85425789827336 -40.375864513021334 -74.15994862217738 -1.8428536408794827 -69.06464412429962 -56.58141554652132 -49.7123875157621 77.32576080706056 -72.24402044735703 33.88507796132052 71.85366778117552 -86.89034898341426 62.48438210247332 57.273030036477735 58.971460966050614 39.59702674133672 60.256032266602915 83.99804163003813 -68.50734743366527 -37.67365511523151 77.9519995754724 -43.428973560247286 -17.34230515106428 57.5526680824409 84.65302968079257 -98.63689083002602 73.13252742865933 -72.91145828153851 39.091540365140844 -65.43228062873625 61.28301832632047 -70.37408641120695 0.7312575082808621 11.497502471715705 -44.804865084337806 20.225455714367342 42.70407993393641 83.53471095885658 36.46437437902722 -67.14832801665924 97.22805119443188 44.58625546763494 54.66929062029084 95.87659095958398 -42.10454434317772 -35.5828040875646 59.70536200333311 -80.09093940140338 35.87433687266679 -51.625318771600234 -94.27271165942787 -89.82297150080964 97.07512319194839 -20.439065327152576 -78.1674816843088 -69.55748622551098 44.96042094300333 26.635092029180967 81.53320575546951 -17.27448936901203 -12.837390444160661 71.8413754587892 -61.7654241727092 51.68171662472142 33.43221556526029 -58.53362050430617 -84.96030362273655
-99.79329349829833 -8.185089010689552 49.39185778126267 17.714034381771086 59.63775512169863 4.616467893300154 -78.70857166493187 -16.898669714763727 53.085640777986356 48.8128216334556 78.04085957387673 -31.931242303641596 -41.341009795739026 3.2622360347498187 58.9753453975934 28.452693813155037 -46.646597595204106 -9.058108841663397 -92.77966923680569 93.16660157358854 -71.25316956240273 -97.51986853608557 -28.639428469549316 39.12454248377614 -20.51570033654555 -45.19336813682926 13.30276065883534 52.428142683386966 48.21460787418221 -48.560602455801074 73.03783926456268 38.589968119250585 -54.29635976140283 97.50603579851955 31.999049141917567 24.61401551772566 6.391291592122201 -94.73094654844625 -5.129522107178147 -84.4973528747839 -29.168772293197875 -39.85004619950432 -86.35742396414085 -71.65616717361141 67.96450707409423 -71.4646781482356 -52.51918756809562 26.346541035508025 -24.120819648076036 -58.362264163280074 5.508382763809834 -82.3928473031568 45.760131367066265 -94.74447625335958 -73.45621032580223 57.93066648846596 -79.61146996072826 28.63702424836231 -47.5232267648803 -3.7127730712693108 -83.63649107903149 -84.14205987510508 82.45666387221934 -48.1850209085978 -3.5790032986491127 -30.685050814344777 -6.427384626483118 -91.10965826279791 -56.505972705771114 -84.45637755686613 92.6151671951863 -89.73118610363673 -25.211401326099093 81.94118103806062 65.85166885125656 -26.081384035773027 -90.25126539065032 -16.28391641310516 -24.933575597916672 69.12881724039391 3.9017375039275493 93.25380501811748 -0.5383019664853492 -31.300520514201864 -8.016989586613349 -29.60831001395124 36.91142562093003 -57.41316170220991 -90.59646021922572 6.263591181910286 -14.496535553285895 11.60882025351549 66.08310401327611 23.403955020745798 19.49440028070623 -21.105896584315786 -41.30528367323127 -78.15524367292575 3.4411455552278767 -6.562161833108917
1.1837822847893875 46.58161346826674 67.06339565419802 -10.116584060406879 -77.40848703543946 -42.369942097740406 -17.237284206107816 57.80160178689954 24.74232243093097 -75.6715327512093 -73.96658728969668 82.07149490429549 -44.13813682369061 68.54236333899709 -89.99249574985267 60.793829639625216 -9.373327553763232 51.06317592740919 -98.60345107843149 85.04182909943145 -89.29251377402252 28.84056502405693 -4.3174556661440135 -49.269630742256986 -74.340607916182 23.578066710792925 1.2301582100194537 50.72502780056709 -62.263679188957475 -24.16342197561498 31.229777278562608 -43.4352988607212 -39.375957034504964 -50.723239907137895 -42.72235926785748 20.28239352853356 44.83603586612605 48.351617577363356 53.03791673288325 24.637583363156097 -0.03388112231084506 -34.89410768906917 22.566077475169905 -50.149382165110026 -13.85734273575325 -27.33154784882265 -84.45046271254499 -23.485406066376584 30.211931688554273 -54.1582709277419 3.6183356539142295 -30.93398700307401 -21.523366543798645 -74.59599506597623 7.188373637657875 87.51698039353914 -61.33186794738344 27.618418949741994 -32.31082838159338 -25.764693923472166 15.873581197904628 5.94259239427744 56.56127428681293 -8.203880778387969 42.19243213473598 93.11916968236505 75.27669348686831 17.766689653499014 -90.68154253122876 -36.06929002139723 -30.910762170692735 29.94838496907127 -42.96720544779351 45.15142513243285 -97.27006802092623 -1.3843399996077608 75.51700530680495 70.31181131839975 59.99844604307495 28.43137280335816 -59.4136919045446 29.305522164582385 39.24282445825557 -14.30201925361996 -22.81754389415096 84.70646078648869 81.54650820216244 -54.479655849912255 -52.688765116383365 96.75858595685949 -42.401097817036046 -24.981567378475816 -77.27304058345688 -93.15530246004353 -51.62253106657835 83.37051450894467 64.08733341581865 -49.632310446149376 -91.91174492137573 14.271854614210454
